3000 1000
9386
7797
9306
3981
5539
3096
1220
1563
4198
3771
8503
330
618
5185
8961
4736
8579
1772
2913
2090
6280
3925
1851
3188
6611
4299
4500
4233
9793
6905
4617
5094
8316
7765
6060
5400
9111
2333
2829
7382
3050
1980
1098
7788
5286
5382
6894
8827
1465
5387
9599
7971
5790
6956
1290
7147
612
3894
1276
7534
2360
9188
1485
2384
4378
6438
6820
7888
6198
9535
4221
7639
7986
9229
6456
3889
3768
180
5975
437
8784
2791
5619
4103
3338
5097
905
9704
5976
9685
6328
2675
7435
2676
99
6384
2006
6565
6937
2555
5527
9396
9051
7290
639
2947
4994
2654
386
3258
7220
4578
3334
4363
6502
6452
4379
663
2379
7154
5912
9083
2868
9029
9388
6367
6620
226
9030
8235
7825
9273
1118
1056
1077
29
4641
2947
2727
7491
7463
242
2489
9343
991
4914
4517
6589
1004
2589
8275
8530
2521
6386
1480
4003
6538
1918
8783
4738
7354
2742
2692
1384
59
7826
1421
4305
6973
5148
4807
4749
6186
2404
8702
4095
7596
4669
145
2508
382
5282
6599
3461
2073
5469
3180
2709
8659
1861
4402
1422
2486
496
1144
275
8184
2145
350
2349
8562
2295
9840
2024
3850
2832
4076
4788
5285
3707
8616
9069
3872
8846
5947
4203
4413
478
3083
1753
1705
427
2601
9505
2047
1798
6724
2999
4147
3635
9334
3426
438
8035
7095
9417
9181
5808
4211
8073
3621
669
8552
8554
8588
3135
2011
2825
5031
1921
3568
344
9362
5447
4871
6487
8118
7909
5142
3631
2525
5349
1688
3973
3300
1665
7304
3471
6088
3127
4063
668
7873
4338
875
7126
8559
1642
6712
4169
4966
5716
5058
8490
9948
5480
970
3082
9517
775
8429
8676
3147
704
9394
6753
6687
6068
7659
1061
8939
1908
5602
4002
8928
6824
1366
2839
4275
6764
5389
6223
2140
279
2604
6353
8057
5750
8530
3502
6494
1181
8139
5045
5384
3915
3606
3352
1492
280
8149
6409
5685
8774
66
22
6955
8480
7254
8975
811
7772
44
944
605
8799
433
5278
7560
4306
7822
6336
2590
3550
7008
8120
4185
2665
2286
3393
5935
9814
9831
9648
2103
4741
6617
9814
3423
4479
8370
4132
7341
4160
5367
6982
9923
6685
4787
7653
9199
5307
399
2819
7722
6447
6575
9460
9560
6325
7681
9822
9475
4306
7569
4803
2323
2932
1739
6462
2059
8863
1585
5978
1347
6355
3927
8124
8169
2843
2918
3376
5210
4219
6944
4255
661
7654
8481
1709
8324
9908
9453
1401
415
2336
9810
9452
7658
3983
7223
9917
9374
8860
743
1743
7284
7237
7747
822
5695
9659
1885
6961
9712
2825
6678
1043
8573
3092
1428
2236
9124
4428
7051
5491
130
1920
1726
6050
4006
2019
5525
4861
2892
4545
148
4437
2807
3696
4823
7857
6925
6262
3834
5332
8559
4076
4156
7993
8341
7264
3687
3245
9099
7522
5638
5274
2579
861
495
1519
6864
2450
8560
9699
4755
5623
8687
9792
145
3033
2985
1417
8844
9340
8666
7392
9894
4239
2602
1175
1496
570
2049
7264
1372
5939
9421
9895
3176
8789
1976
7993
8498
961
4248
6990
5589
8196
4582
5411
7614
1574
3945
4084
7888
8861
1498
6430
1116
4487
8815
1908
7294
4520
5731
883
8594
3763
9077
8621
6755
5744
7380
9007
6445
7725
5047
8760
8084
4425
5652
6517
6153
157
1292
5313
3878
7671
7779
1320
4871
886
8234
7482
3054
6942
6941
2813
5642
5880
8594
5851
4907
1202
2531
6276
5142
1356
8506
7187
2000
4002
3689
2270
626
3100
4721
8627
5473
3035
9959
1338
4137
7818
1491
716
7819
1534
9580
3020
858
3626
6974
6236
9636
8863
5048
3106
3
534
103
2817
426
6196
2048
9191
2417
405
7523
5043
9182
4802
1951
7745
4543
249
2195
7357
5076
464
64
7190
728
5981
4597
9564
350
7628
9161
7561
5542
6701
5298
724
9268
7516
4736
5393
3681
7201
663
888
4961
9923
3745
1552
6292
3055
9590
1772
4254
9979
5029
496
1245
6809
6867
4685
7938
6717
5925
6355
7783
9162
5894
5877
9355
3488
3652
3171
8712
8663
7335
1720
8256
6432
4669
4678
6514
4767
5504
8008
2325
6291
7437
5052
5855
992
3813
7345
4818
27
399
4972
3866
3711
8147
1768
6721
4727
8773
604
5227
1767
2735
4701
1489
5477
6363
4629
8494
4760
7680
6058
8993
4055
7654
9164
8348
7191
9969
3055
4556
1116
7887
5621
4793
7418
6985
2416
344
9861
3447
709
1097
4856
9844
2035
5533
2022
8833
8374
3519
4407
2385
9558
5016
7615
8319
6295
4084
2201
1697
2154
4310
5512
9012
292
2197
9289
3582
7274
5510
6357
1654
3821
7676
8921
9946
9249
5705
8137
1225
8226
204
2260
9991
2404
8727
8281
7279
761
1054
7201
1840
9319
1267
845
8379
723
6807
2331
2147
4065
9686
1318
6280
7912
4472
4345
5917
6974
6437
4069
5151
4852
9747
3882
8666
8708
1633
2097
2410
9714
5274
3660
7861
4637
6073
6611
2638
2881
7072
7579
9588
5089
6576
7474
8262
7822
2677
8554
2432
9116
1069
3119
4631
6356
4799
98
5614
2464
1682
9108
1227
1405
7146
3268
3539
1004
7784
8249
5203
2920
3641
2269
2336
1025
9867
4003
1155
6052
8162
5799
9034
4150
4019
5070
5971
3042
9813
5779
8155
2383
9162
9321
7464
9103
8334
7562
4408
2162
5823
7115
5366
9705
7881
634
3213
4415
7926
5990
8106
3028
6087
4434
3642
9576
2748
8130
7188
5046
9951
4740
8572
5793
7469
2953
1089
5181
4273
7875
6495
9073
3951
9405
8545
6491
6416
3319
5111
9659
6009
3326
124
2477
8760
2654
6268
5703
266
4878
1674
3496
2369
5887
6513
6185
1667
12
2268
8180
6366
5733
5494
9944
5245
8743
9362
6728
2342
2880
423
150
4547
4099
2628
5165
5395
548
6455
1689
3822
600
9521
2732
4342
2551
7376
41
6050
4266
7573
1987
6505
7578
1434
5410
8546
7452
352
8924
5655
1647
5817
3382
2960
2115
3893
7120
2486
4713
5369
2315
1974
2942
7241
1218
3132
9288
1586
2657
8237
6338
8991
3870
3354
9491
8474
7786
3851
6331
6367
4029
4878
1769
3547
3345
7776
4296
2900
6386
7533
7948
2981
4622
9205
6851
8615
2061
1481
4822
3931
5177
1636
941
2112
8460
2329
7833
1347
5604
3899
768
728
3740
5998
199
8881
3004
5753
8225
4054
730
2941
9096
7441
242
7245
9360
7749
5381
9741
7113
5043
2922
7305
9700
8027
780
2952
1610
7454
9613
968
9260
9682
2785
2620
2986
959
6288
5586
6353
5004
9372
9833
2814
3785
107
7103
9749
1370
847
7117
5564
4057
8786
9870
1856
6533
6393
5161
6605
3699
3861
2278
9870
3228
678
2732
8570
4707
5395
9505
8902
4701
7210
2309
5023
5720
5127
7020
843
9790
1439
2628
760
4471
8046
1637
6567
9120
2243
2359
6282
9176
8990
1028
728
8341
3440
4307
7842
226
4494
2689
2652
1106
8367
301
5437
6075
4212
9880
5054
6115
2478
4705
1401
4077
8564
2212
9677
6404
3795
5975
3297
81
6328
1742
3060
4006
4370
838
6296
619
8520
7787
728
1443
8662
2750
5440
7126
3448
9332
7252
2343
1343
3281
7869
6719
3015
4688
2350
4846
2441
4139
2579
9660
331
9316
6392
1720
3958
1647
5573
1197
6772
9904
2841
573
4763
2301
5991
4756
4274
4706
8789
1910
5533
6899
3107
5526
8417
5000
8644
9582
3648
8498
3773
2833
1909
2990
6732
1734
1451
4665
8421
7713
5348
8105
5060
3136
4067
4121
6573
7969
2168
9036
9926
1769
4830
7879
1060
749
3774
344
9079
9614
9618
2266
2930
6734
7899
3133
8754
5743
53
3668
354
3587
7212
2863
5664
9186
1187
4988
1076
7006
6297
5708
7773
7810
4700
4959
4531
9701
77
1626
4734
56
984
5657
717
784
2043
5919
2854
8670
6034
9752
9616
5643
3897
2473
8808
7423
5108
2961
9561
4335
9510
3562
1381
2990
3988
2763
9382
1698
4247
7886
4072
5265
1233
9171
2677
5893
9906
8836
4901
4796
1396
3474
6446
2245
3341
6254
6494
9159
8242
4754
552
6301
9654
8330
3339
2328
828
1087
1268
7764
9908
3416
4328
6305
4383
9912
364
4007
1930
7198
7397
482
979
410
5709
8248
4889
8052
2501
541
6708
6719
3123
5692
5862
5708
5161
1444
4636
1528
1023
3481
7020
3538
9484
2460
5809
8440
1699
1719
1858
8198
1701
6321
4403
2471
4510
476
9994
8215
3165
4195
588
5418
356
6546
1040
4398
4239
1576
6957
8695
7979
6654
240
5675
8694
7841
7782
3375
675
2074
8921
1773
7442
8363
3561
4288
1252
7331
9278
9766
7712
1995
4887
5780
431
8588
4502
693
5894
7360
572
1753
7629
9518
9619
5913
852
6692
9063
9610
3916
8010
4958
660
8750
8540
4681
1662
5198
4823
1917
4947
3440
6099
1488
9943
7544
2574
5890
3587
3660
963
7793
773
721
308
6963
9770
185
9945
1079
5216
7748
3029
24
9170
6923
1030
4536
7863
8419
2230
5244
3416
730
8088
7868
2108
7520
2705
3332
9531
557
1863
1865
8360
1273
1185
3837
6761
1319
6846
7389
5744
3420
9770
302
2422
6418
3204
9728
3928
1312
7998
9691
531
5152
8305
271
9255
792
5480
4347
61
1232
4075
51
2566
8486
1202
2524
6233
944
8881
3621
2951
9650
3236
414
8736
1454
8351
2976
3684
3898
1701
7360
8687
5706
8461
541
2136
683
2534
778
4291
9779
7986
301
4063
7833
980
1555
5772
1640
9317
3869
263
8085
16
9686
6063
8019
5302
4027
4892
307
6086
9287
3862
4814
5730
6156
4352
1711
4432
2409
5607
5685
6348
3805
1326
461
778
2893
3016
342
9861
191
5671
8400
8780
8372
4450
4854
529
4725
1484
9574
3300
3717
485
8866
5657
2239
1544
9752
6811
8780
38
5890
3520
3476
77
9849
2560
6550
9876
6897
5004
8405
8500
4013
6475
8232
1023
6886
6678
9188
9473
9841
9252
4249
8082
5055
8682
2576
6860
7080
2122
3319
4986
8638
5920
8809
5571
5656
5675
2100
5187
9162
7252
2776
3385
7596
9414
4657
1846
7981
617
7387
8712
5490
3407
7492
1164
9045
63
9273
6629
5124
8282
1523
9343
9
2894
256
7135
702
3619
4917
4960
6661
1057
4183
1204
9059
2698
9664
8621
4062
1493
4729
1255
7054
312
6372
1739
9327
2602
1845
1150
4746
8755
6850
6518
1606
3375
476
1097
7535
275
9525
4813
2238
5333
8360
9631
8858
9740
3709
441
7789
2963
4433
9290
8350
2980
2579
6395
2356
7788
6482
8539
5637
8106
5694
8909
7303
4582
5323
8364
3467
5667
3979
3800
5850
2788
5860
4314
3273
2473
7393
334
9407
2152
2168
6700
9641
6382
9113
3824
8506
390
6545
7720
2033
3632
7085
6411
55
4254
4982
2677
1404
9318
5757
1713
1608
3386
9492
2138
4202
493
7634
4913
1107
9789
770
4867
5067
723
9255
2222
3128
1058
567
8177
5395
2293
2668
2134
9184
4734
7080
7836
2659
7145
4871
7082
6998
5947
4643
5870
9590
7951
2551
9121
9069
7401
3969
2752
848
8572
2463
8161
7582
3061
1937
8918
74
7741
7607
8501
2158
8452
6026
3718
7613
250
1124
4432
5661
5574
8193
3277
3219
9442
1243
5293
3410
1062
7073
9680
7571
7526
9658
3431
7932
2490
2199
4853
1914
2355
7624
3780
6227
853
921
3409
9802
385
6759
9875
1437
7199
2689
7165
3945
9046
9224
7603
4659
6557
4610
8521
8010
4777
8572
1874
9725
9893
3316
9009
476
3757
1921
2437
2094
4821
3526
7698
513
2751
7487
7678
3291
1685
790
51
8298
8784
6522
8440
9133
6903
1251
1139
5442
2152
7663
6461
7942
2876
718
2142
8235
3419
5740
8533
1898
1097
2432
7481
3360
253
4306
3489
8192
1462
2441
7116
2625
9766
2000
3339
4658
5029
9606
8547
9159
5632
148
886
7921
5712
8845
520
3493
2660
6796
3996
7516
1793
5877
3604
894
7619
5313
8270
8581
1050
4526
103
3242
3689
9771
9895
8688
2151
8328
8755
4560
3841
3682
6832
8234
3218
262
364
1340
8068
1367
7510
6655
8060
2522
5407
608
8500
3699
2436
1637
6164
3219
8214
3115
7279
598
1650
9341
561
6564
1050
2374
5221
2639
8832
6403
7492
7334
1048
7406
1967
8780
8244
9321
7026
3377
218
3143
1273
303
2449
7586
5455
6139
7072
6097
6806
9245
4111
133
8715
5250
6118
6441
4808
7665
5821
1695
1853
5446
9164
6011
7020
7203
6767
6879
704
1263
4437
3056
9539
8467
1207
5940
1065
4056
7635
6576
4530
1626
1445
6227
7844
8337
5299
7235
3444
1916
8051
3289
7357
9673
4269
6705
1511
8019
409
8142
1385
5371
6150
8148
2980
2648
737
5936
7231
2686
8692
6628
5132
1605
1383
6542
2025
4075
3908
3251
1489
7936
9568
2565
1903
3766
5893
4359
3026
5794
2326
2431
732
1748
3726
7934
1609
8063
1209
8611
4027
4444
3273
7208
4652
5122
2194
8045
1628
4301
7965
7080
5859
1451
5149
5063
8892
7864
5719
7088
4274
9672
9637
6721
5932
1180
3798
5449
8224
979
8935
8943
9851
8255
204
5964
3129
5330
5748
8314
2308
578
849
1041
9424
4087
2776
6713
3040
4447
3005
8083
4665
8014
7434
7619
9790
5833
7382
9043
9013
3069
3680
2231
8715
5086
66
18
5006
2630
795
1916
2299
342
2015
7897
1321
6758
9653
5641
7344
4718
1853
2105
9606
1009
6056
2210
8349
2333
6691
776
9065
3906
2629
7426
2558
8123
9233
468
1995
8525
2575
3466
9740
8772
5101
3178
4518
5414
1705
6058
1160
1497
7860
5142
6163
3200
744
4525
2536
4862
333
4241
5591
8572
223
630
4650
8134
1612
9687
3293
4339
4093
3194
5541
5152
5396
589
419
3707
3107
4013
8768
934
7290
5610
7436
6597
9970
5726
3480
3972
7919
5802
4122
1927
622
3409
5784
9902
7663
8222
8617
6057
178
427
3650
1739
2362
7812
7960
670
6195
3338
823
8904
5254
1367
3455
8379
5271
8064
5379
7695
9473
2479
518
6358
9752
15
6238
4265
5070
8510
8663
573
8751
5184
1390
2046
1789
1178
3713
9933
2233
626
5743
4781
186
4715
699
3964
6218
2767
195
812
2784
9780
5636
485
1494
5928
9222
1098
5336
5125
4607
2374
7575
9071
8168
4934
1890
9638
6915
5638
322
7612
531
8737
6945
7445
5557
8823
759
1289
1227
364
1498
6573
7973
3784
8206
8867
6348
6980
1438
8732
117
6145
1259
190
1772
8156
1379
7582
4392
5033
3656
4135
3210
2158
626
6511
1720
2843
2556
5758
48
4402
8025
4381
7133
535
4529
2888
9266
6397
6186
2407
716
6224
4950
871
6346
6028
3642
8834
1846
195
5761
8711
1411
9818
5798
13
8550
5691
9445
5495
3795
5761
4849
9372
7356
9673
1144
5592
490
7089
5570
1968
2493
4528
1560
738
6148
1324
952
4757
8885
8152
7863
9882
9286
5413
3202
9350
4091
1880
2185
1414
429
9538
693
5492
524
5015
8437
9570
3098
9746
6039
6355
7657
5343
7129
8776
3606
5986
4321
8579
5922
4286
5665
153
9945
6689
9183
2782
5980
913
5485
130
6901
7751
5551
2324
3967
4482
6959
5493
4025
5481
442
3582
2544
4493
8711
2914
5301
2694
237
5251
3388
6600
1969
933
2113
5997
1361
9485
3919
2269
4210
6742
9124
4038
6529
4424
6549
8903
7231
6106
5033
4232
8783
6579
4872
565
9997
7502
4012
7436
8018
7605
6030
7165
2792
5953
8508
5560
6004
7439
374
8507
6837
4660
3316
943
390
4646
6133
2722
3603
623
2368
1906
88
1854
6024
1444
508
2453
2052
2830
5747
7515
4725
6886
170
2131
9865
8421
5846
2966
4735
3942
1234
5051
3102
659
3694
5735
6413
2914
1730
9739
5198
990
968
2727
8692
7636
4140
5417
8902
4294
2617
7010
3334
3033
3775
8703
6376
6397
3052
6571
6638
2570
4073
1185
2217
7288
5787
9998
1394
6484
5122
8987
3455
2097
3860
6402
3148
9648
4054
3279
768
8605
90
8055
5190
4872
3907
2187
479
9238
742
577
5578
1208
2773
1752
1172
5489
8431
923
5163
6704
6288
1393
9206
4752
2748
168
4588
225
4132
1169
7246
5180
8927
1433
5123
9925
7534
5613
5731
6754
4121
1055
8541
6343
5482
9108
3910
2208
3653
5917
746
4495
6941
2194
7523
6021
9736
4850
5888
3333
5276
7966
176
7656
7057
9550
1301
5269
8176
8284
8489
2130
7774
1110
5857
5996
4135
4230
9247
154
4620
5758
628
8823
9572
3515
6480
394
9704
1944
1592
657
8777
1814
6307
6062
7448
446
9475
8499
3371
3300
7007
2896
4609
1951
7172
8104
9800
9611
2721
7730
4716
3630
8883
6059
8766
1201
5287
6421
5743
3907
284
3905
2031
1444
8039
2078
4814
9254
8173
307
6466
5690
3136
1964
1894
1965
6480
5486
4195
3399
2598
5240
4897
353
8276
2007
8373
5418
3172
9341
2872
6777
680
222
50
9408
3520
4795
7298
5927
7512
2260
6257
4546
3094
6814
7924
4572
9485
199
6619
8653
3847
4996
7505
5303
6753
3413
3619
8509
2072
2450
6046
4329
9478
3583
4436
8702
3103
1774
3336
7734
5959
3339
3381
4656
7174
7011
1732
6907
4565
9074
1020
2973
2350
5694
3010
3659
6574
6792
624
5993
2087
8948
3345
3469
1511
2928
271
3801
3555
5425
1647
4313
8997
1400
9521
4816
2750
9871
8332
8659
7162
1694
4701
6349
8891
5383
873
8231
7929
5320
2932
9044
4365
8170
2204
5157
3418
1297
2217
1265
4741
3464
5822
4568
8624
5588
3132
6230
8919
3273
8651
6643
875
1769
7090
6477
7144
9272
9198
8166
1979
1805
6861
149
8420
4543
4958
7712
7397
2089
5210
9869
9511
6836
9369
7021
2924
9784
7959
6914
4200
2400
5833
4450
7580
5955
