1000 100
470
4537
1409
6612
7587
7293
932
2991
5997
4220
8914
3632
1999
6273
6480
3270
4944
9527
6175
8123
5800
7461
405
6682
3515
5132
5521
7951
6290
5504
1914
2132
1860
2886
8072
175
8350
3133
2609
5705
2341
4250
7722
1865
2861
8788
7733
6331
3837
7986
9356
8074
2415
6585
8720
4305
1251
9301
9326
9231
5562
7703
3917
502
5703
9781
1391
6035
1119
9803
6979
975
8597
2998
3333
9810
8278
2282
686
3788
9501
7987
6526
8624
6519
3278
8365
969
3571
9263
4762
7703
2319
4696
8522
5932
7295
9566
8342
9688
347
7901
5987
2236
5895
3813
6382
2157
8260
9453
5805
6709
3023
3227
8441
8831
2600
4230
722
2430
2753
3167
1761
286
5309
2111
5835
2066
3001
5569
6801
4147
1779
7287
2843
1618
903
1931
254
2060
4122
4790
7241
3600
7889
4718
3008
8027
828
2649
2852
5756
7436
3214
8357
3801
298
7286
8191
1382
7117
1268
6559
1332
1874
2358
5482
2950
8223
7583
9754
3545
8936
9377
7910
9023
6355
7765
6208
2510
9385
4554
8246
3075
6597
1768
1919
1923
2586
8436
2541
4236
8640
9976
1100
9960
2873
3889
1038
8833
5445
7976
3110
145
107
6273
4834
2564
8095
7929
1139
3229
5885
2287
2496
5826
8858
3086
4359
2333
2189
8373
624
4448
2002
8573
1246
3374
9964
6833
1290
1932
4538
1054
9019
8462
1941
8317
7319
4873
5843
4936
2415
2681
1164
6643
7662
9873
3048
8617
7308
1398
2364
8209
9571
807
2392
1006
1976
1719
7475
6438
1316
7820
1156
1269
322
479
9401
8597
1809
6528
4959
3563
8783
9850
8789
2469
3624
5101
3943
8763
9651
5590
9852
4255
6070
2216
6286
3369
3492
6872
7938
4852
4183
3581
3098
8416
804
4206
3507
3459
3301
9650
9222
358
3244
1633
5206
9667
6038
3588
8239
2673
3227
7901
9310
7100
9522
6003
1737
6331
2074
3488
3205
3312
4608
6361
4926
3252
1404
4988
1976
8783
4712
4221
36
9194
5220
5859
2563
2887
1527
9713
8003
6172
2627
5274
8761
1668
1400
6769
8610
1455
1455
8559
1300
3972
4999
1911
8522
2968
4982
9909
3509
8880
4599
717
8832
6865
8678
8278
4676
8584
1959
9754
8209
8249
7918
1731
9703
3427
5378
104
1809
6958
7614
5065
1469
9364
4398
149
6208
8424
3130
1397
5278
8937
4315
1101
1527
8388
7027
9207
9184
9508
8640
2327
2821
2620
7945
6197
5620
5867
8819
2781
3449
8219
2332
2002
9240
5237
6977
3805
6820
5942
9034
9876
9883
1614
7152
6921
7128
1676
8254
57
3317
9906
6540
3607
7537
9760
9241
5017
4148
7678
8352
3887
2898
6292
94
8541
552
4265
6902
6535
2639
10
3717
6296
1335
3298
9537
4180
1243
272
1323
8323
7594
8760
6804
3782
3033
8925
9877
9572
2216
610
5728
7044
4921
1876
4774
5890
3057
6995
2215
8150
1521
2437
7057
4703
7164
5292
100
6537
589
6397
8740
855
1578
7836
4534
8641
781
6132
7597
8911
4204
4329
7870
2016
8957
9651
4591
5398
4130
2611
300
3402
9581
2612
3490
5370
9331
5540
2278
6494
4939
3786
6635
8481
5047
5551
2677
9331
4441
9144
3593
5134
4605
2767
9591
6040
3276
918
7855
3824
5912
8291
1056
309
3202
5445
8958
8845
661
6310
413
5569
6141
6769
2729
3493
3530
6685
7244
1630
2128
5486
3441
5923
7906
6935
8282
717
5238
4234
9041
3459
9673
3402
1024
3103
5042
3288
9761
6870
7153
7066
3612
2526
8582
1926
1414
1952
9311
4339
5909
3727
6327
2022
2389
8382
220
1761
8029
1114
2844
9268
2359
4708
7302
2648
150
1000
7938
5436
8714
6018
954
6046
1455
3079
4606
4406
9277
8798
3507
3879
7772
3270
6063
837
3052
5148
7430
8744
7120
2809
7817
7037
1902
6085
2351
4751
1591
4343
8418
4698
9521
895
6119
4483
7598
8323
8387
5361
8291
2203
2343
4023
6897
8913
8746
7614
7927
2163
9720
6326
3102
8912
4759
4843
3368
7065
7462
9328
7383
9084
9778
9948
260
4280
4296
9245
9277
8470
657
4068
8562
2466
8450
9470
8979
6443
4292
914
4176
4631
7281
7075
5723
9649
9427
7000
3973
7619
6105
6257
7766
9766
9309
9235
6865
8969
9903
1070
9509
7383
3413
3643
691
3661
1028
2471
4517
6059
1014
3275
8375
3306
1271
542
6120
5889
2443
140
5789
5402
858
3143
5746
8182
616
925
9944
4469
4025
8110
4589
4367
308
6995
2211
7754
5428
6677
7219
6731
8463
6819
2182
2036
7889
8119
4673
2238
9629
9249
7139
5105
3794
9458
8260
2196
8929
3554
3544
2260
6692
7207
698
2697
2384
2744
713
8645
3595
9514
6844
5459
4227
7394
7678
1366
2563
222
124
849
7712
3768
8471
9547
9897
8105
336
661
244
8497
201
7980
5545
5676
7013
651
2431
4563
6638
7582
9548
3164
144
4163
693
8556
5865
724
9430
4485
8077
883
9217
7768
4656
7739
1853
2496
7745
9616
6395
5965
2117
1094
4595
2972
5162
1897
2410
92
9744
2610
6668
8355
2885
9920
839
8820
1245
9995
2963
2816
6556
8494
2337
257
2288
9106
8818
7032
8146
1937
7989
4289
6069
6939
2781
3507
8023
9823
2584
8727
2033
6748
8572
8051
4423
6430
5587
8654
5173
1360
1815
252
975
9441
2925
1132
809
2152
9928
8343
4973
1749
3753
1431
5578
8946
6460
8360
4938
2802
7153
9241
8755
3019
389
5620
3667
9017
3012
839
2321
1688
4961
8564
1120
4829
6215
7491
9661
5420
228
4350
2810
1054
3724
1229
2826
9018
8266
8973
5271
7551
1489
4657
8837
6904
5670
1911
3798
8906
3566
4152
8413
1659
9810
8868
2968
2618
9433
7381
3962
5307
5345
1048
2008
929
1809
6797
5464
5343
1183
2101
9128
7263
63
5232
5367
968
474
8718
7463
1858
1996
4048
652
6542
9306
8864
8430
2781
601
6227
4536
1782
5085
1531
2584
9614
