3000 100
1876
2056
8352
7295
4020
9116
2239
7912
7005
284
8218
2611
6751
8076
5164
9147
7442
1243
6595
2364
6142
7755
1678
660
2375
3422
1611
4770
4123
8227
6641
8227
2802
6802
6391
1047
6875
6781
1053
5063
775
7041
881
8528
8682
3830
2203
9705
5320
2749
4497
9788
6280
4228
6558
2660
2697
4351
9455
697
6846
4649
6226
6382
7940
3973
2290
7513
510
874
6619
988
7549
8071
5053
4726
4384
8372
6821
7913
5760
7412
691
2881
9908
5263
6744
3402
1442
4465
9761
8042
721
6436
1694
5347
8718
301
3248
4402
6694
7530
2227
9075
3935
1852
9753
6056
6505
1067
9221
940
7705
1301
8716
2651
5962
337
8329
9576
3691
4485
563
4914
183
4673
3714
2938
4649
1159
281
9768
243
5004
5416
5002
7267
4794
8807
8880
9668
8555
8454
2160
7332
1012
1009
3060
1984
2020
4899
5811
9295
4154
148
9124
9033
6799
9013
1933
4955
2787
178
9387
9524
5655
9592
6012
6387
1830
9515
1166
4854
3461
5904
631
8035
2611
1959
7403
1291
3238
6277
798
8532
1783
3428
4847
6492
1018
6724
4574
61
7626
7743
2378
4808
6507
748
4043
1935
5757
4505
5490
6048
2926
3810
2208
5851
4550
7622
4297
7529
4571
6378
4585
8358
1035
3917
5665
6169
6008
861
1083
1343
9078
1603
3765
2806
6884
407
5512
923
8588
320
2236
7092
24
7177
5016
9427
7764
5903
9097
5298
8988
1394
74
160
3684
4992
6589
2594
9373
1302
449
9785
2348
626
1545
4607
4648
4970
5053
9517
595
3900
846
8451
5198
5970
2134
2281
7774
7938
5347
9703
8989
4039
8278
8769
1326
9967
1357
5389
2152
5066
7551
4051
1147
7559
7385
7314
7612
1990
1582
780
5129
1975
5887
8665
3726
6533
9892
529
5506
2121
5838
5732
7369
3472
2738
6121
3983
5775
1870
2309
7571
293
696
7855
1810
541
4797
8560
5542
6646
3774
3877
5630
4406
3782
9871
1594
4069
4167
5109
2483
8042
525
5450
3951
187
2576
8695
7171
3598
1427
717
1513
8846
4583
2978
8012
5183
7211
1651
9403
924
934
5189
9521
1544
7675
8508
914
3757
1701
5316
3127
6184
8076
633
4601
9120
5115
5949
4046
8336
5521
7933
465
7662
5936
9744
9798
9703
7596
2200
4940
100
8896
4946
2432
477
6837
5327
797
7322
8086
8509
311
7375
4200
7952
4699
1258
7779
2330
9868
6270
6155
8278
2928
4913
7500
7886
7458
1018
3170
9649
8956
8056
6271
2958
9827
5916
8265
7015
4341
4110
654
2421
4904
1484
2935
2879
9922
5828
7787
9631
7658
4423
9218
2602
934
3210
6965
3947
6680
7136
5025
2223
6507
3784
5241
1592
2997
4054
8477
4963
9104
4462
3807
8499
7299
5705
6038
9339
7734
8219
1787
5549
2948
2387
9274
7242
5276
9865
6426
8252
734
741
5812
6351
4098
3651
46
4913
4944
2436
2272
3930
1786
1644
8131
3577
3350
5829
3511
5741
3984
1351
8648
7513
8661
6440
3861
9080
3049
6396
3140
2718
8798
1063
406
868
8385
8700
4090
6853
6797
5996
2918
591
934
2550
8248
1707
1625
3516
1478
2967
6649
6616
9739
3270
2065
3387
1540
7257
1959
486
4094
7429
5029
9133
9039
6837
8365
73
4194
9467
8449
4612
186
5247
2386
3417
5617
4219
9221
726
769
3182
5742
107
6073
5506
3809
3470
917
995
4673
2993
5208
9269
2730
3229
5539
5691
2483
4628
8014
5727
7710
1364
4268
5327
6665
5271
3847
4864
2683
1277
6360
9440
7791
4191
9744
744
1844
2726
5495
265
6954
8473
8862
7718
4751
3500
9151
1012
6403
7756
3820
8551
9041
4586
6855
4732
6167
6222
2221
8
3865
5042
1123
1983
882
3304
4596
7678
6715
574
8067
6980
2917
7172
4513
2563
9037
7928
5710
8825
9389
2808
8307
6038
3190
1132
8506
2639
6903
6488
4846
1557
3224
7393
7744
2125
1923
6111
2743
8579
7243
9459
9631
2062
4428
649
886
8830
4362
8261
4685
415
5147
3328
5949
2728
6359
3570
7332
7507
3183
5367
4385
3862
1878
8203
2494
8146
5801
5496
7587
9093
7367
9119
2255
3034
8845
2432
4735
8300
3539
1788
8178
462
4828
9679
7245
955
9773
71
3984
7338
7935
5690
6537
8458
410
7156
692
4618
1143
7802
5710
6782
4348
4076
5903
3687
8864
5969
2434
9364
4733
815
8544
7681
7144
2713
1131
3655
3487
1093
8127
3178
1884
7183
7101
9244
2421
6338
4736
5970
6393
3231
657
3915
3493
6627
9913
8966
6515
8860
9551
7801
3422
4834
2649
5438
8376
2318
7852
510
8980
1914
8735
600
9876
4796
7274
9813
5364
8996
1876
2891
7811
9759
4806
7216
125
5123
5369
4386
6494
313
4416
6483
2052
3218
9893
4457
3522
1287
1351
8939
767
3042
1431
2423
4966
8590
5233
9474
38
4589
6432
1449
9467
8488
7341
9942
7540
2150
9076
1587
2000
3229
4590
1983
7389
6337
3616
5061
8325
7409
5708
6160
7275
3671
6582
7002
4704
4726
955
9300
4950
9170
7247
2277
7691
2258
121
4874
2278
5086
7641
754
2793
5624
3221
8385
8190
130
8420
2405
9864
6404
3252
8128
8461
2621
3365
6373
7058
8147
5408
713
2992
9186
16
3549
8592
1712
9903
9954
7134
9278
4825
7238
4346
1413
3017
5536
3648
1892
7917
4664
9922
3899
4977
3633
8801
6662
1497
8399
1435
7522
4800
6950
8993
5757
3131
8351
9187
7056
1995
7471
6022
5269
7591
39
7616
7289
6072
9385
3131
8000
62
2730
5704
3277
566
7365
7583
7053
7265
9618
7953
898
3868
8786
9572
6430
5487
8827
5165
3609
6789
3069
7466
4086
9736
507
3424
1601
9766
6450
927
9567
8474
5186
7074
4805
6577
7040
727
8323
4510
9100
988
2732
6514
5275
3369
6879
3151
6934
3899
6876
202
9099
5061
1079
7633
3285
3006
4328
7056
7166
7928
8579
3351
4138
8573
7440
3787
245
3398
6808
7910
737
6160
6519
3043
1093
7347
2722
8357
4314
4229
543
264
2392
9687
4599
6161
886
4920
9087
7469
8544
4028
2771
3750
604
6849
7971
5496
3390
8595
4530
5503
3155
4130
4565
7088
5783
325
927
1711
5338
6928
215
510
6037
4865
1841
9572
6048
948
2513
9405
520
2185
5230
2887
8966
7652
916
3990
9483
3930
5048
7281
3413
7010
1292
2004
7844
1199
5817
8633
1833
8557
330
6266
2581
5641
1897
5217
5479
1439
7214
501
7103
4589
3081
7777
6765
5001
8954
3608
9117
489
8433
4183
8549
7455
816
8680
3290
1800
1950
999
7664
8283
1945
8221
4343
3264
8081
7092
5827
7436
7155
2254
8264
4594
9992
7620
1818
3896
1574
9381
1831
4155
8960
3252
7532
7267
4064
7907
1958
949
6207
4293
3541
4140
2907
6643
6205
3420
5425
6503
2256
9070
334
2581
9421
1255
1225
9795
2127
8849
5325
113
5853
5324
2610
939
1028
7776
3501
2195
4175
7383
5799
9288
8963
8606
5183
7578
7979
9994
593
3815
5154
9088
7079
9372
9424
5552
3391
2946
6573
9803
312
6899
4280
6116
7524
2380
3591
9994
9605
3064
9229
8494
6677
3214
4379
4069
1063
1418
5754
8305
7335
4602
8914
8347
6979
6647
1447
892
2054
4377
5907
7947
7762
6861
7300
5446
3420
730
7782
948
2730
5049
254
880
2844
4143
1298
8455
8161
7870
8765
2029
8338
7882
4059
7362
4013
2324
8543
5111
922
9185
1593
4502
9586
4725
8938
4469
5734
7260
5581
4852
8775
729
4842
7415
8928
8612
967
5532
4821
6382
7911
5522
5500
8785
9064
3159
4429
9279
7732
1905
8716
5772
8333
4585
5412
3329
2904
682
7223
2736
6872
3084
9449
1919
7346
4124
644
3405
9438
6818
5913
4886
515
3228
8216
6726
6820
1222
7463
805
7767
9607
4354
9898
1419
5747
6971
1820
6535
5294
3349
2508
5072
796
7671
7761
2683
816
8899
7250
5644
1817
1463
5552
6882
3709
1915
5929
2865
7385
5898
5772
5762
5626
4298
9387
6506
1045
9161
8522
1224
2578
5802
4120
8442
4125
4998
8612
8594
2298
911
8392
2960
7423
5828
8119
8483
7086
429
5169
4367
2000
2804
8213
5804
2722
4005
9157
6793
3890
2522
4638
7046
7100
2847
920
3355
4695
1704
4530
8932
6185
8825
3145
6657
7260
7352
4860
7727
3156
4335
7422
4641
3139
4035
3248
4245
2871
5031
1742
9561
1676
5723
7160
4993
3408
1995
7774
4255
3609
6617
5356
1861
7648
3142
6916
4743
5004
4565
613
5507
5101
9939
5705
4425
9794
5129
5192
9993
4703
8558
469
4432
769
8266
9245
5809
4508
4009
8822
6496
6307
1012
806
8158
8910
9868
1323
4866
7725
8967
4163
6428
3687
305
5139
5466
3623
3968
7540
7149
4662
8613
2291
1951
5839
5737
924
6835
8407
212
4526
2687
3347
6986
3347
4261
3302
3223
924
5110
8337
335
8681
1216
9319
6293
7463
3269
6817
4711
2025
5999
5257
963
8892
9755
1976
769
211
2359
451
3820
6895
8436
4220
1403
2916
5428
4853
9818
8476
5001
720
5918
8864
1387
7244
8118
621
2552
3299
1801
9979
1647
51
880
3369
4000
137
5350
8979
9375
439
6597
1041
4923
7350
8413
464
2813
2695
5901
7207
8633
3517
1384
1960
5022
3155
2544
2104
6057
4473
5553
3550
8736
1218
2657
1219
4903
6647
9557
3590
8317
5632
9139
2447
2247
7114
8985
4983
2504
7771
4773
8578
4717
4234
8183
9074
5216
1914
1548
1280
390
5752
5237
6714
8523
2051
7851
9643
7427
2656
5346
717
3456
8480
6049
9406
4343
9210
8296
1270
2384
686
9581
8356
2985
4334
7954
4942
1965
6926
3301
3519
1231
8166
6005
7290
6562
3256
1824
8675
9205
8342
4712
7873
8150
2264
5505
9219
9065
7570
41
6591
9612
6552
9831
1505
5806
4476
6957
2036
3735
968
7663
5874
7
8178
8937
6909
1246
6539
13
9077
1952
9972
7394
3784
4487
92
7466
9562
7242
6820
3777
8453
9802
6827
4716
6009
9370
1354
7698
3846
9532
6358
2418
471
778
5954
9653
1900
6794
1398
3998
7238
1649
2268
69
9530
8213
9131
4712
1991
9440
5670
201
6735
270
1736
5980
4414
97
8458
6905
5351
5853
7485
4901
3983
9454
4356
1080
9121
1124
1653
5175
8200
3422
3744
7435
1447
7804
7011
7256
4353
4250
7948
2881
6218
6899
4677
8260
342
6838
3569
1141
9527
1916
714
8166
113
1501
3549
8596
3950
3426
6104
9726
6912
3044
773
5231
1455
891
667
4624
138
4256
5434
142
3112
3297
8143
5031
1394
3285
2038
319
8344
3865
413
4372
2263
9856
8500
1521
9836
8145
734
7773
4972
125
5218
7389
3732
8836
1656
2164
6211
1398
8212
378
1638
9108
4588
688
9928
217
4842
7515
2473
6730
1951
8397
9435
5147
5043
8630
6464
5091
1816
3969
5375
9195
9619
2878
7853
7455
9627
5380
371
2722
3910
7674
1160
5000
3277
8243
6486
2536
1254
40
9133
5094
6923
861
9938
5253
5913
6558
7998
4204
3780
7983
197
6461
5977
9238
4016
7306
1539
9860
9947
8653
9889
7319
3347
4090
4851
8827
4681
5685
9089
5323
2579
2507
641
5269
3093
6834
9012
3642
1628
1989
4872
488
1759
9213
4536
8455
7294
7630
179
61
4614
5743
9814
4725
367
5258
5982
4485
7992
6144
2543
8551
2153
423
2095
7605
9832
4623
3649
4146
3202
2941
1183
2602
4529
848
5827
4549
6673
3822
2501
2228
1317
7623
3653
9288
5901
6783
5334
6223
3892
2005
4619
163
2692
4778
3970
6932
9891
4139
9062
9538
3300
942
5811
2288
6947
12
1163
8589
5570
680
4326
3941
8150
4515
4302
369
9962
1552
6440
5481
2787
5657
155
6898
2816
6111
6212
8357
294
5343
8004
4829
8485
6793
8361
1322
2072
6605
7402
8186
4382
6416
7711
6313
8075
568
1971
6378
9145
2845
977
902
8388
7980
7352
7982
9730
1185
2510
3056
5002
3906
8184
5903
89
9446
803
1185
2015
5184
7589
9094
5607
3422
5904
3220
1346
2119
7878
9558
4756
7902
659
639
7006
6557
6240
3020
9653
6084
7920
2105
6520
964
907
5275
9087
8129
1122
2674
176
8310
5160
9316
587
8646
5499
3528
4208
7704
6324
9226
110
8570
2347
3371
9453
7845
8098
5659
837
4423
8956
4161
3384
347
5518
8027
8389
5674
4002
1358
7494
9240
4145
5300
1639
5396
7890
6086
3229
2355
9649
1439
256
9608
1587
1385
3845
5684
781
6134
3887
9279
3385
9502
5769
4292
9118
6673
1373
9051
1204
1804
1905
5606
7108
3664
7996
3911
8271
3630
5520
3651
6406
2037
1070
1967
6687
373
2239
3966
9738
9549
6377
304
7890
1540
4926
6120
5674
6316
6914
8392
9896
3486
2478
4025
6009
9725
315
4412
4584
1236
5771
3053
2526
664
3256
1534
4823
1037
5756
9707
2916
5223
6943
6056
9230
2254
9072
4323
1828
6116
4472
326
8537
1894
9780
3649
726
9570
7328
5690
3460
4380
8202
2289
3896
6430
2217
7322
9068
9787
8849
3043
8445
2846
1286
922
530
8358
433
4133
3891
7332
4119
838
3685
1671
8486
1611
5686
4994
7569
5177
6969
5019
5793
6904
9308
5907
2202
5883
8422
2349
4905
650
2383
3980
7031
7683
5311
6384
5910
7988
7649
4698
5692
4416
8637
1252
2045
2483
3945
1086
2739
319
8426
6203
3844
8527
4802
7409
6531
6871
9963
4768
903
1622
9335
4913
4657
3112
6272
8421
6145
3439
5129
1223
2942
4678
5791
876
9054
1701
8605
1700
293
567
6117
7538
6221
2628
7368
264
5927
5971
5136
4143
4236
8829
7888
8021
9234
5116
4271
9677
9779
1214
4703
7722
2169
4205
5501
4400
1841
9651
8088
8948
8618
5775
6870
8723
1857
9785
9613
9341
3994
3688
605
7859
3829
9606
6093
4885
2036
5451
8846
8681
7184
147
7773
5745
7714
9488
8218
4831
5571
1014
5430
8858
92
3906
8211
527
6298
1816
7607
3766
3258
4202
2879
7641
2667
1011
5502
158
8893
6256
7916
507
6832
44
7589
7064
6913
3750
7901
8288
2610
6630
9926
7137
79
7172
2953
358
3915
5323
6737
2985
6739
7618
9944
7025
2926
6091
7975
8135
1787
4356
5138
3796
198
4635
1916
6300
1187
2445
798
3907
3384
5881
1911
5026
1484
7659
2208
2254
1768
9724
5567
7270
132
6809
6602
8980
5594
5462
2658
1507
9112
3658
9404
2475
2579
7001
7218
8749
8384
4540
7846
8850
5650
5969
2173
5040
8516
6853
4958
8934
8672
5558
4532
7104
9798
9052
6699
2489
7018
1415
4213
7064
8670
9176
2461
3598
630
7032
2835
4062
9476
6086
8638
2471
236
7247
985
6605
7590
4456
9295
7205
7201
2279
1976
7719
2312
856
5551
5172
4697
9024
7764
7991
3539
6585
9717
3010
9709
4026
7045
6204
1569
5300
2095
2830
3338
6185
8361
1758
2645
8416
5819
9736
2440
4067
7637
6088
2003
1608
789
2219
8740
4307
5513
5060
4335
160
4023
1093
5507
8184
2059
6607
4406
5411
5344
786
4076
534
6422
3170
5812
7776
2252
7320
8201
3865
5578
3997
3378
9551
2234
1482
257
7776
6
4437
2425
320
5364
5892
3352
2778
2782
4532
3223
5177
8042
8581
2511
8786
4409
3715
616
418
5512
9478
1531
2864
4748
8050
5690
8409
1097
7996
559
7993
5762
6939
7026
2304
4529
8231
6682
1576
4687
8492
9833
5762
7776
3152
6265
4620
5611
5895
3364
6846
3501
2183
6024
107
3129
3455
9679
5004
9974
1487
1777
8395
1051
74
2348
7629
4318
4563
7876
1705
1950
31
4815
7652
3035
625
6774
7741
1062
7501
902
2232
6258
2055
7496
4955
2215
4563
1697
8599
2017
811
6604
2595
161
251
5508
2742
9908
7661
7382
2036
9570
5761
4209
7762
2653
6599
793
7575
3708
9816
1999
1142
4154
1463
3198
3303
615
3895
6518
68
5969
4460
1047
7709
5382
8730
4922
4877
1650
4825
1924
2116
3832
9816
8255
8086
4099
2772
3380
5518
5949
514
9987
6332
9789
6597
9479
374
3166
8309
1627
1436
2248
1558
6071
82
1440
8304
1632
8090
1927
4170
8788
7676
5421
5646
1113
8117
4376
1416
6723
9557
6795
7483
2354
4092
5719
7174
4779
1991
585
2286
6512
7325
4389
9563
2317
1881
6944
8747
4832
2798
6647
1136
6029
7254
4761
4662
471
5386
5424
6662
2069
9643
8167
4488
3752
3721
8090
8009
1410
1007
7385
5866
8966
5995
7499
9187
2848
2988
5559
6268
8250
5975
2779
6382
5323
5585
7431
1812
6425
7798
7416
1603
1549
124
7201
1003
5425
7540
3593
90
3483
8855
2051
8059
351
7257
8952
4582
4074
4676
5547
3723
2594
4940
4222
3585
5525
9269
3228
5396
9864
9485
3179
7436
9499
5074
4287
6452
7253
7998
8734
3918
255
4319
2537
8302
6022
8241
839
8104
5516
408
5845
1179
4246
6323
3916
6312
3293
2725
2195
7475
3867
1951
6285
1994
4773
4075
6550
3483
913
8741
5443
5281
1263
9886
9174
749
6894
6167
9346
5666
1447
226
5326
2765
9470
2618
7773
9729
8045
1728
5603
3853
5126
3002
8099
9181
4007
99
7430
5934
8180
3395
8121
3976
2731
9194
2067
4127
5594
5863
8464
8468
2604
9453
3081
2361
1847
1921
9164
5856
5883
6414
43
877
4598
7424
2128
5820
3796
435
5539
1967
9777
973
6769
7790
7084
6032
8986
9956
3627
6232
5608
4206
5675
3181
8286
8731
1318
4365
7589
6863
6332
8384
2619
1888
1465
8193
1245
7377
8820
1358
8507
4627
1682
4153
3444
7655
7111
3986
6927
7583
9857
8459
1193
2916
427
7958
5960
6230
5915
6385
9843
1375
1164
61
3801
7066
2750
2127
4790
4528
5535
4129
3208
210
9988
5529
8645
989
2891
4401
1174
5392
6049
9187
3885
1498
7243
7153
9407
385
6683
