1000 500
9892
7772
5405
760
9240
7620
1064
8309
2588
8462
8121
9299
5453
7215
8239
8719
8566
4132
3497
7404
9472
2369
3207
3482
4634
9749
8932
6726
1322
6438
4016
9733
6435
1070
244
2604
3921
9448
5226
8021
6352
564
3175
9318
9284
2827
9658
2524
9388
9106
9785
7843
2494
4059
2759
26
272
830
5826
4345
3383
7940
2297
203
2250
2669
1747
8492
863
8817
5236
335
3016
8841
8415
4553
3992
6686
8319
6714
2352
5718
2316
7635
2004
2831
6347
2936
5428
2694
3152
483
9359
6011
7845
7921
7638
6193
3414
3811
7069
2798
253
8348
5386
4556
5421
6250
3273
2614
7295
3615
4583
8129
6602
7854
8466
7983
1416
9962
4483
6188
2140
1830
45
5005
8141
9088
878
8872
6068
6066
3700
7041
9964
1907
4297
276
3928
2950
6502
7849
1032
4114
3619
8555
7496
1513
1683
8314
4044
5370
5456
3572
110
2931
519
8412
6277
5053
4884
2508
5700
1726
2930
9684
7952
6824
9373
8465
1203
6967
478
601
9096
7386
4630
4432
366
8171
6817
4120
7863
5160
2563
6127
244
599
7196
8019
601
9769
461
5438
3330
6818
3541
7035
8924
9846
8249
8891
6009
9473
3241
4540
6369
6606
650
7417
5892
5538
6025
2877
6996
4138
2108
9520
1682
7367
4569
9190
4766
7398
6308
8478
389
1135
9845
6058
3293
7543
4198
270
6569
8560
2647
3966
1435
6874
7676
8141
4026
5042
3570
6840
190
9276
3341
8989
5851
87
4355
3563
4906
2053
2602
7848
159
8939
8033
8606
9977
7878
4536
3699
6430
8685
2147
1437
3965
5554
1318
845
5108
7076
1862
918
5327
9905
4805
7415
3153
3993
9557
3459
8376
3476
6358
1749
169
9100
2248
1919
3280
2426
1446
9454
3714
7493
3735
7146
9104
8950
9185
8550
9107
3041
3882
1010
5932
9208
5831
2580
2599
213
4862
6381
7530
6401
4095
9785
6698
5460
2543
3796
3139
1857
5505
610
2661
6346
6707
3401
5203
4973
2596
7787
1469
9642
3335
6482
6723
1963
9897
1899
5470
5050
6685
2980
1746
7687
5445
4280
7331
3866
1762
5837
3104
8376
9705
828
394
3936
2922
1131
4898
9574
5796
50
9148
1786
993
5383
441
1940
5800
4599
5852
6164
6126
7491
4150
4934
2934
2101
7336
5712
5178
5103
3960
2890
7129
2656
8062
5269
1353
8775
8263
7051
3105
2154
2988
2682
8997
2827
3311
8177
5011
644
7314
159
1645
5770
7558
2910
7747
2747
9493
7622
4456
8314
9271
4753
8343
9737
3647
3663
2106
8063
5578
4137
4208
291
9946
7967
8856
3323
4066
5835
5259
1621
8049
1812
8506
3930
4202
9046
1219
7488
527
2546
2516
3903
2522
9836
6898
7063
4306
1512
9286
2876
9160
1629
8893
7758
9167
4991
611
8721
4733
6944
967
4487
4611
9381
1143
5364
9883
2528
2708
510
8581
8681
8008
8321
4647
7906
7538
3507
7388
2353
3627
1525
6882
9958
2915
3258
9312
8194
3588
5056
6172
7718
5982
7027
6543
4086
3735
3159
122
6570
1083
2384
4081
9371
6339
1178
9440
6727
3736
5142
9249
6144
363
7014
2601
1131
7666
8316
2084
1735
2895
6928
4048
9286
3207
684
5922
5756
9909
588
7875
9715
6911
7359
9532
9888
5144
5776
3765
203
9895
6062
5533
2968
2358
6571
9714
6575
2943
904
4533
900
3857
3892
5513
9522
8525
4223
2975
8464
1286
8642
6442
4718
7785
5772
5148
4761
1064
8300
3247
6268
2662
8107
4150
1571
6339
6311
2439
5983
8498
1579
9239
3198
5217
3551
3321
4803
4694
1100
6217
2264
6138
6748
6340
6045
2144
1917
2276
3476
935
5075
7256
661
3582
4725
2118
5643
3820
6214
148
2732
9512
8495
6128
9465
7630
3389
1995
4029
2767
5239
7203
6168
2439
7671
6542
4832
1838
6600
9806
108
1945
1418
1389
9352
9112
4208
9855
4873
230
1775
7881
8693
7719
5240
1147
4539
9268
5395
6221
3244
4330
6378
2114
3698
5701
6078
660
8075
7979
3639
5516
6219
6957
9551
9511
6582
8802
1606
113
1936
7744
7161
1643
135
1991
3862
8627
9026
5983
6817
329
5870
2219
3636
6946
5446
4387
5420
9430
9239
2482
763
5293
9725
8948
9134
9450
9665
311
3772
7078
9750
9456
9502
5477
4022
4242
9253
1967
9409
8378
8660
8978
7053
8455
2782
1962
539
4394
3722
408
9117
9240
3477
9076
9417
5179
2373
1648
8646
1345
8292
2950
5794
8108
4919
5166
4393
3716
1373
1222
3851
6722
3786
2967
5517
4555
6794
5539
9268
3934
7665
6928
7324
4458
5061
3577
6555
9943
4566
9454
8895
8019
9186
3732
101
3806
8644
6656
4538
6731
8469
3494
4443
6574
8615
6037
6999
5761
4362
8100
6219
1133
6025
9436
903
7289
508
801
8021
9456
6025
8853
7153
7316
6325
3934
1761
8796
1644
374
4263
673
6126
6096
4013
1538
8001
4087
548
1757
6584
3274
7209
1562
7211
30
4346
3105
6830
284
9592
1579
4609
8218
9852
7796
5913
2195
3891
490
3975
5156
7702
6203
7082
3344
746
3878
8435
5630
121
8220
1482
1361
444
508
4704
7605
6366
7889
4863
4710
1153
2890
7979
8352
2170
2400
6664
9789
653
1595
809
1106
4152
2838
672
5492
409
7627
8679
4389
9460
6716
9393
6180
7417
2610
917
7166
3211
7355
5466
1063
4817
7539
5822
4010
6140
8024
8619
2988
9476
2707
9929
7205
1010
5138
6931
1194
1668
2030
7908
4697
527
5860
5190
8696
915
6513
7786
1832
2808
2889
5599
9147
5575
7799
6331
841
6011
6094
7681
677
9748
3629
7133
5772
6584
4888
424
1674
1464
2918
1756
7314
7665
8562
5561
6610
8456
4609
2100
4422
8568
5843
2106
6136
3137
3464
9781
6181
2473
1417
6070
5295
7283
6293
9901
5405
8173
7829
1485
6352
263
21
4679
1587
1264
1097
5625
6113
6580
9948
4311
299
6301
6192
9281
6845
3176
6888
6663
7712
7782
