3000 5
3327
809
7315
148
7008
4106
5284
9497
8518
5146
1368
3642
3677
9964
9579
3925
6666
5007
777
7238
334
4973
9189
3288
6515
7040
6097
8339
2056
4957
8381
1846
191
5444
4355
6415
4669
9564
3095
575
9483
1015
7398
1605
5555
1937
483
8250
6786
9372
313
1827
6025
6761
5495
5455
4362
284
5750
3797
8946
6863
544
7447
6740
9917
976
26
2232
2087
3138
4299
2590
6020
4911
3190
7755
2654
2906
6056
6827
6075
7038
3758
2554
577
2900
4752
9541
214
8167
1534
3603
5819
4107
8108
6747
4095
8855
6949
1296
8058
9729
9250
4342
1092
4088
1478
3254
3972
2016
5048
2297
7178
6376
6484
3694
9515
6829
5371
3986
8244
6690
2623
7068
358
1110
6620
8975
2083
771
5963
8540
2775
9461
1485
5350
28
8840
6287
4502
6015
4923
4004
5714
9090
3676
1262
9794
526
2127
4023
3651
3127
5317
7483
4384
5069
3956
7457
3591
2315
4410
4510
7039
4375
3428
2399
3494
2978
9959
7038
8696
9269
5357
3445
6127
1198
3097
6580
5197
6448
2167
3467
704
183
8686
5007
7210
8241
5329
9728
6294
1199
8981
8684
1673
1189
2139
859
5536
5220
448
3646
7659
206
1406
694
7012
6357
6965
6318
3157
1856
8724
2365
8739
1882
973
3962
5626
757
6149
9289
348
8085
855
5468
8436
2882
3770
2330
7057
8551
1709
2901
8868
2770
9450
2859
6940
4003
1509
4102
1313
9969
1559
1505
9639
4828
4475
8967
4453
481
5655
9402
4209
5234
1610
5864
4138
6451
1081
6549
7879
7290
5730
3296
1633
6037
1013
2031
9232
8093
3763
7235
9817
5368
9628
5418
6690
9711
2602
6548
6466
4075
3539
7881
2355
3890
5491
5324
1021
1190
4681
8254
7936
516
6515
3017
2636
2799
2457
1938
7964
7533
8988
1711
8981
8989
5234
9045
2626
3868
8467
8989
3027
4728
2017
8611
2752
1870
7200
9817
10
6265
2659
4175
9944
2683
3845
9995
7824
6735
4517
3728
6401
2128
6972
705
1105
3872
2301
3721
764
1343
7390
4329
8337
67
1338
1427
4873
8920
2155
9670
8088
4572
4323
294
4257
3080
6126
9025
4992
5298
3455
172
3989
9140
1171
122
3493
2232
5018
9900
2070
7087
2440
220
7303
1775
7828
1293
2423
9825
4575
5632
308
9259
3656
9780
6571
2022
5409
4418
4474
9295
5096
2097
1310
8959
4620
2835
5529
8437
5243
5203
6052
3262
6043
1752
5511
6261
8828
2187
3755
2847
5355
8865
3827
8943
3817
861
6825
2823
8059
99
3853
8686
8590
3720
8241
5650
621
1844
5456
6067
5743
5776
4693
7463
8042
1938
1436
2113
6747
1108
901
5323
8437
2892
3786
5120
1050
9316
3976
4578
2823
2355
7347
7988
1996
3319
292
5266
8984
9902
5131
4924
1751
2849
4049
5731
9259
9865
2721
3988
9870
1173
2610
1258
1617
1714
8977
8155
7536
6847
6273
2278
4078
1336
2361
7286
7206
1
842
5292
8484
61
7842
7601
2170
4415
4507
2706
5238
9837
1058
5602
2176
2406
8676
7970
2198
2923
6445
8015
9384
4142
4677
5511
5943
5498
2742
7751
9151
7863
4436
6643
9892
6438
100
9904
3055
1622
1847
2969
2841
6940
4749
5979
2936
4394
9543
57
3762
8764
250
9575
2102
6029
3540
7043
1245
9333
3820
7067
65
2355
2410
4792
7950
200
6039
8943
1071
2862
4488
4929
1654
5787
1069
1880
2768
5918
1931
8604
6703
771
3786
6762
288
1908
8106
4445
6217
9340
1439
3072
6858
8494
317
7049
4942
7719
9150
3394
8748
9349
3664
8970
8458
6133
8988
9571
1845
4325
4913
7781
2531
512
8329
149
7337
6390
6061
3775
3041
1503
7694
511
5199
1924
1509
2847
6447
9836
2317
9987
5495
7278
4256
1055
1039
2706
1578
7440
797
4409
2433
6799
5058
9095
1167
9066
7836
7734
4432
260
5491
5942
7563
7394
5399
5630
7751
4424
9517
6789
8391
4548
5517
4609
2839
9432
8878
5492
9288
213
1109
4209
2026
6253
6878
8260
8524
3322
219
8109
5340
1281
3648
6255
4900
5120
6780
1303
4176
2509
9885
8287
663
753
7620
8932
865
2592
5219
2616
3838
8407
6638
9152
8101
8408
6468
9363
3040
7519
5272
9109
4736
4348
5061
9345
8632
4670
1541
831
1646
3538
7845
6809
9046
855
3174
4151
5803
4354
5547
9852
5710
7972
598
3795
7848
8355
1091
3622
8360
5772
2951
1319
729
9186
5987
5464
6740
2390
805
4064
3377
1575
2878
2753
4679
4086
4262
4671
4191
42
4759
3535
990
7886
8745
53
9637
957
9749
7462
5211
1834
8830
7478
4675
2578
7735
9529
5339
2263
5714
4829
6192
3006
6727
1924
9676
2625
3345
1862
7099
7449
7039
5657
9493
7956
7417
6026
8639
3686
5830
5536
7709
5003
591
2941
5721
1506
4074
9395
9149
6857
729
5260
7865
6363
9595
633
1995
8367
7506
7023
3136
7258
8672
9626
3280
9194
9066
6280
7564
1390
2416
8464
7652
2852
4377
46
8750
5761
2871
8840
2775
3686
4346
8225
6933
6994
8790
5045
9593
8964
6553
9138
7562
3232
4548
265
790
3143
2170
9793
4311
6423
9911
9245
5482
5856
5958
5004
7015
4442
1876
1803
996
2859
1784
5361
2620
3882
9208
3641
8409
3271
4143
1589
1667
6069
6913
8914
1372
9400
9573
8763
2632
3325
4312
8560
9342
5474
2723
2717
2192
2523
2040
1917
8986
3255
9754
6325
2148
6375
2492
819
6697
7788
818
6694
4579
214
6566
212
9016
4098
1168
2081
4
8532
5097
8800
4757
9441
1202
7421
9781
6014
4164
613
4054
4831
8696
1558
28
7377
5232
7345
2289
8114
3518
1294
2718
8049
4762
1637
3142
1392
2798
1216
2639
8500
4603
506
4796
8612
4686
5340
122
323
9780
1112
8154
6816
5275
8336
7386
5845
8467
578
6966
3590
8858
6776
1254
3548
2889
207
60
7688
9356
6157
5815
4260
7326
7875
5552
6611
7362
7345
610
6289
3514
1232
3054
4053
5199
245
8119
3943
9512
6544
3569
3741
2020
1456
1182
4676
221
889
2398
9929
4192
4552
1270
1019
1030
4800
348
917
813
6884
8874
9930
7391
9706
9083
884
2335
5712
1233
1958
465
6692
1808
9893
4276
3185
3244
6562
4930
195
1688
9950
5232
7940
2338
2668
7942
602
6922
7736
877
8773
232
3805
714
5109
2465
1271
9559
7065
265
5317
1937
3583
9991
9528
4208
8838
926
8156
5075
6470
1141
1483
1652
8971
4980
9655
5458
6709
165
3059
999
4969
1345
6316
4692
1802
7088
1930
2447
2654
2697
4190
1031
7907
7850
2856
466
1960
6064
7959
9423
4062
6567
7820
3379
8556
4006
2850
9141
8807
6993
5035
4321
6408
364
8782
3916
24
1256
1130
9240
6574
1863
3585
9899
9376
1339
4312
6116
951
3058
5453
6267
675
3683
915
3804
350
6474
2186
7465
2410
6884
2081
8884
2578
7055
835
9732
6511
3379
9442
5257
610
1860
3959
9914
8600
9888
1137
2224
2352
8778
1322
3149
7718
9934
999
3619
8257
1511
9776
1887
4532
8693
7855
230
2758
5445
4762
6918
8868
8606
1151
861
1363
5962
3521
4514
7970
1462
9238
3564
6289
9799
8877
5536
2275
9866
8311
2730
4874
1532
3627
8819
1910
5572
2369
1217
2462
5474
2577
1382
7192
7229
8996
8446
6989
3210
3343
1390
2089
3089
6115
9839
9836
977
5783
4899
8165
1965
9172
102
2380
7707
163
902
5152
7426
5518
8233
8810
3609
8114
1160
8617
7522
1741
2368
2938
5985
5702
5952
6572
8212
9548
407
5763
3058
8149
2826
6100
8853
8234
5410
9954
1738
9889
9888
7879
813
849
5031
9764
5123
5651
4629
6029
6811
9306
5625
4947
3179
4077
1822
393
2457
2198
3752
2565
5382
4811
845
5408
7955
7739
1058
2557
612
1510
3428
337
4927
2677
4957
9040
7814
9778
9623
5833
7752
1576
827
809
3938
1396
7893
2190
3711
6874
8034
6018
2656
5106
2328
3774
5653
5702
7381
8217
237
8451
9897
7852
9040
7445
8697
8248
3142
9254
2676
6994
3624
4669
324
3509
4644
9219
6339
100
1437
2163
7385
8039
1821
8785
3485
567
4596
3546
9016
5844
4780
2314
3377
6986
1084
7273
9101
5636
9967
4374
1688
2153
5714
6190
3224
3308
6536
3871
8583
4828
9628
7288
9750
8680
6843
6270
6208
6248
5376
6877
6998
5802
4565
281
3115
6085
8854
5294
8108
3828
9076
9361
9440
7795
6949
5954
4734
3624
4898
5553
4221
1836
8322
7936
8924
7054
1828
4007
4623
9442
8903
3975
2226
8467
3163
3288
9317
4214
3038
587
420
7387
6115
5252
94
8941
8028
7660
9476
2732
3677
8297
9122
6491
9348
2686
2140
3546
6501
5548
643
4850
2406
6651
3189
5679
8674
6117
544
5877
4235
2538
3371
4373
3773
368
4026
9877
1186
1857
2519
833
8101
1755
920
4961
8570
9900
5035
4373
7706
1459
1247
2379
4208
6522
7283
3995
9781
4713
233
6264
4501
4855
3689
1350
7086
6073
4225
9161
9041
621
7103
8359
2364
8465
96
1823
8231
5028
6619
8602
224
9951
4530
5670
9033
8122
370
7467
732
1230
1912
5077
6924
2192
1673
9261
7743
593
4534
8589
8469
2751
1432
9818
8521
1983
1004
9477
1426
5593
7077
1499
4793
2853
2008
6904
604
5143
3771
2146
3647
3709
8674
3942
7549
875
8575
8350
5296
2153
6040
3102
1282
2785
1801
9683
1254
2499
8880
2898
1841
5519
5682
4568
4992
2262
1790
2667
9098
3387
2528
9861
5491
7234
894
2991
1592
2782
3135
9594
7309
2965
4490
1020
7800
9077
9961
327
7713
8314
158
4861
1735
9044
2530
3077
3086
8196
7149
6077
4349
5148
8026
1579
2522
8062
571
4036
9249
1248
8122
3987
8261
6312
5625
6731
2525
9943
314
7591
6454
3653
9798
912
7505
8184
4591
5207
9735
6408
3563
9858
9276
2494
8582
7438
1196
2754
3736
6188
1612
3284
5304
8174
3088
6046
1974
6272
7552
1877
8151
8890
8912
9162
3710
2647
7532
7184
6195
9978
6862
9487
7397
2086
4371
1158
4640
1707
5874
5980
8938
7745
8091
2720
3243
6019
216
4335
6882
8266
2439
9135
6014
1816
2822
6033
5213
8799
8529
2112
9766
7833
6253
7916
8854
2655
8024
5793
2565
1628
8687
6076
2148
9534
5814
1191
9186
331
1866
585
3516
2682
1527
3171
3962
3686
3318
655
4865
1039
8124
3703
1924
6717
8563
3353
7890
7373
5398
5577
9285
9459
4686
7035
6656
1856
3969
9253
2022
7697
7985
2453
9953
4573
1433
9403
1947
9164
7908
6632
6442
5063
8241
5018
5733
459
7480
300
5908
7332
8100
213
2837
1406
9129
3848
6925
3583
8254
9547
7103
7586
9276
7756
5107
5229
2640
9032
3881
9074
3986
382
7514
342
2876
665
7068
9581
3293
5895
4855
7266
1738
842
3368
614
6857
7545
6268
6470
3762
9966
3214
8593
5240
9054
526
9768
3246
4998
5709
9257
1104
8467
9086
7975
2884
634
1636
5976
6930
2485
1165
8306
7830
1566
2953
236
8566
1157
6152
9653
3543
2764
3632
6414
5372
1777
5310
9526
6361
315
9064
6692
262
287
711
8788
883
1234
1000
626
1621
8975
797
1077
8179
6159
5068
74
6191
6056
3189
6595
7958
7526
936
7996
4656
1028
4931
5647
9299
1961
1185
3658
3891
1793
3651
7120
9184
1588
5883
9528
9543
255
6098
1408
906
6589
7079
5856
2696
9693
2105
7486
9574
4973
3175
5081
7710
1752
6720
3216
9276
2695
7902
5043
5620
8170
9857
416
2969
3279
4839
8930
2037
7494
6390
3975
3784
5629
8064
2825
9398
2592
3118
6319
3568
581
3010
4369
7544
216
9443
4739
6615
3380
1373
6186
2749
8574
4857
7981
7006
7467
5706
4305
3997
5742
7657
3866
6427
5315
1846
236
2899
7949
5755
3682
2141
8758
5497
8908
4430
3808
1129
9026
8280
298
4583
8759
7350
5521
7861
4367
9710
982
9461
7990
2461
1580
2509
2934
5719
5604
9263
1083
2566
5175
1464
4280
2780
5700
2055
3126
6103
9052
7246
5082
6867
4132
7211
3636
9330
3749
4950
1437
2259
4487
228
9585
8116
9954
4889
4902
4493
7341
5649
4539
8960
7267
8992
5597
4719
4841
2876
9299
3897
6083
5977
6331
3532
5691
8520
5193
9009
9137
1061
2131
2848
9152
187
5884
1767
570
5343
6145
3347
4730
2741
3659
2584
762
3964
5958
7725
657
7998
1763
4934
2294
9600
9970
6135
3172
231
9264
6846
3477
1519
7380
2994
9887
4736
5528
7852
9680
7177
2699
5135
5073
7153
9949
9675
3231
6233
6762
7639
6925
2584
8056
6014
1834
7569
2304
3188
9619
9893
4220
9601
407
4158
198
4193
858
8414
7396
8207
9146
9156
2233
9497
466
7208
1013
7672
573
5433
9790
8854
7287
580
1710
8573
2524
886
5918
1115
224
510
3929
3226
1137
3541
6337
3254
5687
7856
2811
249
2686
6323
5011
2765
3138
9611
1941
4216
9750
327
4063
9905
2480
6881
9670
8850
7373
6467
8813
3456
2092
7438
6627
2814
622
1873
525
6015
5504
4635
5879
1217
2127
3533
9026
869
3415
6307
6097
1776
2430
8890
9602
714
731
9399
153
9625
9565
3749
9465
2521
2736
3401
5451
5645
6422
8302
2428
6335
1649
9039
5735
8000
355
5820
7817
1399
852
6937
3980
3911
2253
7087
3472
6153
7096
88
2914
2824
9912
6707
1398
5467
5786
9966
1423
4469
1794
8563
6865
9574
6534
2384
8807
6920
5037
8452
9302
3364
4150
4022
8988
5577
9352
3016
3079
5524
3096
9540
4012
5914
3887
4061
5539
83
3076
2337
2841
8332
7747
3471
289
6808
7144
1524
5847
6402
4783
4948
534
4201
3108
1112
8414
9817
6799
7684
6778
6607
5755
4862
3045
6123
2359
5031
7778
9150
9612
7976
8736
2374
6245
1388
9483
4622
7230
9303
4656
1239
3821
5210
9150
6311
3158
4315
1361
2072
8006
5801
1913
4275
1019
9598
6597
9524
2494
8771
1525
4168
354
199
5498
5963
6473
3852
9317
4093
7496
82
4793
7762
4901
2728
5091
8232
1184
2643
9379
3696
2192
9688
2453
2013
4292
5062
4728
6948
7739
1132
8674
3589
2856
890
7190
3306
5582
6540
3313
9311
4595
2690
2601
435
124
4797
5011
8495
2184
3278
2271
2748
8257
4218
4271
5460
4259
8572
4335
667
3662
4235
7028
1606
7095
1501
5946
7181
4941
7885
963
3635
1719
2796
2723
8435
3756
3785
5745
9226
1654
8815
104
6988
9405
2240
1722
8167
6708
1826
4736
2021
5409
4453
9816
2434
7594
5024
6040
5497
8009
9745
8500
7441
717
1967
7144
211
4022
9194
5026
3959
3398
3502
2935
2460
3200
2479
6569
7947
8797
5028
6640
9008
8659
8793
1701
3663
5335
4883
5653
9409
1242
4677
4444
4992
7653
4789
6594
4789
8867
1617
5892
69
4250
5889
531
7064
7161
1478
8879
143
8727
8183
9041
5459
5916
9994
6782
8077
2515
2203
2089
8682
9340
7957
7554
7090
5724
8903
8186
3532
9666
7671
9136
1470
2818
5549
80
4997
5585
4545
3595
8042
1222
2946
311
409
7435
951
1855
1995
8912
2215
9208
7472
5397
2735
9078
4949
6413
8165
2037
7536
3293
8183
8825
8000
8052
7710
5319
2277
5739
5038
711
743
4593
2247
5554
2371
2190
157
2871
8657
4217
855
6989
4124
6210
9452
2262
9523
5251
1434
2554
8033
2099
1004
4906
7465
8920
6998
1921
857
7644
3925
4638
3561
6887
7324
1315
3843
7385
2700
1325
7006
5061
2399
7152
419
5300
9572
9492
2448
1374
9797
7903
8930
6532
1059
7638
8588
7344
6233
7914
3993
5175
8037
1016
903
2704
6610
4390
895
8463
4119
8740
6501
4595
5845
706
4901
8322
9318
5848
9392
2527
8641
8151
4664
5358
1473
1631
3745
5215
1118
5265
5962
4732
98
5048
190
1469
8864
7374
6519
5631
7660
2915
3969
6165
7110
8047
3162
2874
2140
9927
4171
2983
2609
4
7981
5758
1485
6126
894
5541
7188
1893
8122
6176
5719
4884
6525
3550
9523
4927
4733
1739
2039
9451
129
6103
3647
4682
7041
4256
264
8619
1651
5064
5050
396
6738
8566
4846
9982
4039
6548
3728
4175
5551
9278
7195
6592
9402
3969
9778
4808
1529
2660
7726
8664
4517
2812
3104
2677
8303
1150
7022
8393
6989
4850
9292
8823
9191
5889
1599
2902
6442
6977
1110
4801
2041
9667
6743
6624
6224
1539
5360
4732
4793
7352
9750
9140
7846
1861
700
7445
1465
2745
9524
5293
640
9404
6191
3931
8480
8388
6188
821
3440
10000
5105
6156
366
9899
367
5731
1387
2244
461
7386
5160
7702
4992
1873
5905
1064
8233
6274
2419
3516
2522
4350
5652
4067
3200
9636
7817
2755
5512
4706
1901
6951
6582
4586
4478
329
6327
3580
7360
5988
368
2113
2887
2248
6861
5851
8643
8700
4949
2973
9215
9810
5468
2260
2587
1157
6044
5926
6529
5557
574
1544
2137
4170
804
1740
803
5891
2675
291
7856
4996
5438
7160
8300
3148
3667
8941
2557
9465
2720
3235
9037
4943
3288
9569
6359
3480
5812
444
2042
1437
8135
943
5142
3488
1014
4283
4143
4930
3497
1530
2023
8317
9608
6360
5917
4887
9598
7207
1766
2521
3053
2701
6641
1525
3036
1400
8451
1592
9439
7030
9037
922
6362
2387
1490
9490
734
2751
1950
2119
5028
6453
1820
9095
6468
6875
89
6292
2483
2767
3921
1550
3155
6118
4535
1338
2407
8867
6478
2408
3568
7755
9107
888
7647
7125
6388
5366
24
9183
7263
7087
7486
1709
3265
1261
6886
9787
8412
5628
6148
3903
8550
9779
7327
5080
2621
8607
8206
6404
4165
9370
8293
8018
268
8025
1225
4760
242
6251
1980
2436
8828
5270
2618
6787
6097
1153
2840
9906
823
3621
5729
8352
5250
6058
5714
1971
4345
1480
1440
8542
1612
4165
1406
2950
