1000 10
5293
545
9075
8223
4232
1361
1159
8696
2253
1656
4386
6916
3180
6307
7069
892
7652
2958
488
6879
6315
1595
9434
1640
286
3364
8
2078
6473
3406
64
2186
5028
2911
8748
778
6224
8028
5188
6720
1288
2847
3767
7317
9134
8
7379
7054
6625
9189
5017
4351
5896
4687
5604
5746
5331
1575
3634
9052
6734
9856
7960
9501
6796
7231
6670
2468
3468
2346
3474
5892
766
6416
5826
7253
6841
4826
6476
4740
1139
3652
8927
6835
1974
4360
557
1881
2404
35
8836
6393
3060
7835
8219
2266
5611
8072
3227
5092
505
6454
824
1513
7362
1435
3626
1991
8097
8558
5267
6009
6354
5023
4208
2452
3328
6212
7234
5910
6936
6359
6267
9936
377
2542
7534
6440
6909
9099
283
3152
3305
4626
3276
1842
4068
4473
771
9535
6612
7802
3469
3290
9837
4461
4950
4797
3966
7683
4748
2358
6168
1787
1721
239
4898
7894
1184
674
4985
614
3001
4112
517
9297
8390
5828
3850
2468
2406
3368
5569
4437
9715
2454
6092
5149
7349
3225
3339
8318
940
1740
169
9600
9962
3524
6197
1550
1721
45
259
5459
6471
70
6950
8670
5155
1486
8257
330
6542
302
7397
7672
3054
2605
7473
9668
7943
7481
7822
8564
3155
9127
6244
7845
2650
3856
3246
3215
5391
93
3086
9283
6706
7963
4073
1914
1469
7322
3642
1831
7731
8318
9566
9839
5757
4729
3675
9601
2912
1356
782
4179
4482
1381
9691
9901
5422
9133
4413
778
6271
2824
8518
634
3474
1059
3497
3957
6776
7510
4588
7626
9645
6567
1513
8352
2972
6874
5881
5989
9521
9700
130
8952
8240
4683
6599
9081
5505
6962
206
9640
5381
733
3550
2414
6273
6868
8663
3984
2754
907
2717
3200
8575
1308
1480
9573
9122
5075
9237
1687
7842
1303
2105
4963
5162
5319
7116
7555
2700
3680
1097
6602
4455
1760
3670
4255
8058
6834
9310
2443
7065
3795
6045
6819
9670
7024
7749
413
2226
3843
7252
4531
6430
7755
2064
2211
704
9923
2155
6807
6784
6435
6154
4433
3325
5519
2458
2484
6284
9648
5244
5825
9742
6410
3589
9960
4286
8713
5711
7040
6824
5929
5652
6800
1559
4276
2293
1894
353
1698
902
3818
6421
524
2605
2924
1147
5338
8720
3570
5535
1276
8295
297
5951
6120
325
5522
7681
5925
6962
595
842
9337
9243
1651
3198
5678
1760
9096
9049
4484
9267
8632
3069
1330
8969
5579
7997
1959
5471
7767
3493
7393
5043
2486
7158
7786
1423
9189
4333
5324
2444
8087
7421
1023
9203
5985
1756
160
668
3955
8427
866
5705
6592
2225
8573
7987
7438
838
4283
666
4198
3052
65
8128
9685
1087
6925
3637
3650
8181
9692
6804
1924
516
4199
2699
5516
7767
244
6743
2604
6780
6055
8928
5084
4873
3390
7141
5127
8130
9118
7195
4166
8474
2325
133
3923
6104
1768
6175
7452
4410
9990
7963
4452
5087
9023
7637
994
105
6239
984
3721
4538
3398
1462
4446
7837
5698
2387
8500
681
36
9080
7951
813
9626
5259
4152
3884
7330
4928
629
692
3341
485
947
5649
2718
2056
9927
2299
5754
283
5039
8965
5598
3530
3073
7892
6196
2923
6883
4851
4692
9150
6293
1106
7006
792
9045
1229
8260
9655
8828
743
3498
5283
5780
9511
1471
1638
4018
5614
5937
3162
8397
4682
3193
8779
2378
3900
7040
6410
1170
9268
9564
5369
9512
9938
5405
809
5558
2650
5686
2480
333
4793
2158
7668
9130
7680
4573
1132
5420
2993
8564
3803
4789
7141
8837
3078
5233
559
8775
3195
5013
2068
9287
6746
2116
6967
8621
518
5479
8003
4876
7663
7060
5656
7296
3019
6560
877
150
907
816
3209
2847
3901
3388
7911
3136
947
8558
6409
784
2588
5450
7905
6503
4119
1568
3797
1896
2729
3307
2415
2082
2701
5913
5889
2283
4325
7388
7838
6921
6103
9864
5
1162
1971
6897
878
8047
6164
3232
4677
3813
7181
8355
1562
398
9247
1262
5675
6905
3814
9284
155
3331
339
5136
9079
8152
745
4781
8244
9430
8024
2030
304
9387
4941
439
8561
7233
3974
8305
5663
8912
3782
9799
8145
5241
2899
4203
1827
3779
250
5443
5352
3488
1361
4626
8236
7891
748
8504
1751
4368
8031
4885
2991
667
3232
4213
8349
6375
6810
2685
7498
1457
5635
4692
6953
556
9535
4169
3875
9619
2142
5460
4861
4695
4689
9232
7907
2869
8007
5163
1216
2406
1498
6822
541
2571
4650
8113
700
4241
2203
7576
6235
7954
2334
1044
5544
4142
137
6522
7657
6831
1443
5276
6995
5339
2694
3474
1229
5646
9474
1868
833
891
5407
2660
4592
5463
5974
197
233
5695
7157
4732
3697
373
3465
7288
9390
7565
771
8378
8447
4854
1137
9165
6173
2365
8605
9163
3152
8976
197
8824
8071
3695
4718
2558
4153
6393
3640
983
4983
2680
2762
4018
8358
8175
199
8198
2569
8156
1517
3022
4124
5835
2572
8700
7378
616
7414
1559
2503
2294
6394
5662
7103
3767
7332
1881
5244
4671
6461
5751
4007
6094
1935
1555
4419
274
3725
5383
9463
290
2169
5645
9602
1647
7636
1597
2742
571
7453
9701
8741
1020
6844
8410
8606
3193
650
1862
3606
9486
3634
3606
5099
2708
9852
3567
8604
4253
6560
5541
9331
1757
4317
6227
8507
467
6198
4869
5243
1121
7552
1684
5385
872
6129
9898
3843
665
9565
6753
2653
1833
973
2754
4037
6471
6981
4224
5231
3456
1645
684
4464
5933
1860
610
1674
2817
7420
3121
6353
507
355
359
1806
7483
1724
1519
2846
6871
9344
4217
9690
8396
1791
2794
8117
3369
5803
3793
3698
4405
9660
148
8227
6412
6231
1377
2324
7438
5225
8714
5066
1310
1234
3212
3993
9469
9611
3165
8096
8602
4536
3806
8697
5665
9285
6230
5382
8879
17
5663
3647
7116
2342
3118
3845
7129
3745
7081
7095
7759
9370
970
9428
208
