Weighted Random Sampling Comparison on 100000 Trials
---------------------------------------------
Difference is bigger than 1% p in the following indices: []
Elapsed time: Fast: 11.217304916s, Fenwick: 3.988971458s

---------------------------------------------
Probability(%) of each element being selected:
Element	| Fast	| Fenw	| Diff(Max-Min)
---------------------------------------------
0	| 78.06	| 77.94	| 0.12
1	| 69.47	| 69.80	| 0.33
2	| 56.23	| 56.17	| 0.06
3	| 11.02	| 11.06	| 0.04
4	| 75.78	| 75.82	| 0.04
5	| 68.92	| 68.85	| 0.07
6	| 15.16	| 14.99	| 0.16
7	| 72.02	| 72.16	| 0.14
8	| 32.76	| 32.52	| 0.24
9	| 72.70	| 72.63	| 0.07
10	| 71.05	| 71.37	| 0.33
11	| 75.72	| 76.02	| 0.30
12	| 56.67	| 56.43	| 0.24
13	| 67.09	| 66.65	| 0.44
14	| 71.56	| 71.90	| 0.34
15	| 73.68	| 73.71	| 0.03
16	| 73.11	| 73.02	| 0.09
17	| 46.70	| 47.05	| 0.35
18	| 41.38	| 41.23	| 0.15
19	| 68.33	| 68.03	| 0.30
20	| 76.56	| 76.42	| 0.13
21	| 30.45	| 30.47	| 0.01
22	| 38.98	| 38.82	| 0.16
23	| 41.59	| 41.37	| 0.22
24	| 51.16	| 51.10	| 0.06
25	| 77.56	| 77.63	| 0.06
26	| 74.34	| 74.65	| 0.31
27	| 64.63	| 64.39	| 0.24
28	| 18.34	| 18.25	| 0.09
29	| 62.67	| 62.58	| 0.10
30	| 45.91	| 45.87	| 0.04
31	| 77.45	| 77.45	| 0.00
32	| 62.80	| 62.74	| 0.06
33	| 15.20	| 15.16	| 0.04
34	| 3.55	| 3.73	| 0.18
35	| 32.89	| 33.16	| 0.27
36	| 44.99	| 45.50	| 0.51
37	| 76.57	| 76.68	| 0.12
38	| 54.87	| 54.99	| 0.12
39	| 70.81	| 70.73	| 0.08
40	| 62.25	| 61.90	| 0.35
41	| 8.21	| 8.38	| 0.17
42	| 38.29	| 38.61	| 0.32
43	| 76.15	| 76.10	| 0.05
44	| 76.04	| 76.25	| 0.21
45	| 35.37	| 35.25	| 0.11
46	| 77.09	| 76.98	| 0.11
47	| 32.35	| 31.92	| 0.43
48	| 76.23	| 76.41	| 0.18
49	| 75.22	| 75.32	| 0.11
50	| 77.68	| 77.85	| 0.17
51	| 69.87	| 69.67	| 0.20
52	| 31.88	| 31.77	| 0.11
53	| 46.53	| 46.37	| 0.15
54	| 34.69	| 34.47	| 0.22
55	| 0.41	| 0.41	| 0.00
56	| 3.92	| 4.16	| 0.24
57	| 11.95	| 11.95	| 0.01
58	| 58.77	| 58.72	| 0.05
59	| 48.71	| 48.71	| 0.00
60	| 40.13	| 40.55	| 0.42
61	| 70.30	| 70.11	| 0.18
62	| 29.52	| 29.61	| 0.09
63	| 3.02	| 3.01	| 0.01
64	| 29.30	| 29.31	| 0.02
65	| 33.47	| 33.93	| 0.47
66	| 23.50	| 23.44	| 0.06
67	| 72.71	| 72.91	| 0.21
68	| 12.41	| 12.57	| 0.17
69	| 74.03	| 73.94	| 0.09
70	| 55.12	| 55.25	| 0.13
71	| 5.00	| 5.11	| 0.12
72	| 36.95	| 37.08	| 0.12
73	| 74.37	| 74.19	| 0.18
74	| 72.56	| 72.57	| 0.01
75	| 50.40	| 49.98	| 0.43
76	| 45.77	| 45.81	| 0.04
77	| 64.55	| 64.19	| 0.36
78	| 72.06	| 72.02	| 0.04
79	| 64.40	| 64.14	| 0.26
80	| 30.43	| 30.39	| 0.04
81	| 58.30	| 58.48	| 0.18
82	| 29.71	| 29.76	| 0.05
83	| 69.02	| 69.01	| 0.01
84	| 26.63	| 26.43	| 0.19
85	| 35.08	| 35.09	| 0.01
86	| 62.06	| 62.21	| 0.15
87	| 36.28	| 36.12	| 0.16
88	| 56.28	| 56.48	| 0.20
89	| 33.91	| 33.86	| 0.06
90	| 38.30	| 38.26	| 0.04
91	| 7.17	| 7.13	| 0.04
92	| 76.38	| 76.33	| 0.05
93	| 60.17	| 60.40	| 0.23
94	| 69.94	| 70.26	| 0.32
95	| 70.67	| 70.48	| 0.18
96	| 69.01	| 69.01	| 0.01
97	| 61.63	| 61.30	| 0.33
98	| 40.82	| 40.62	| 0.20
99	| 44.12	| 44.15	| 0.03
100	| 66.29	| 66.16	| 0.13
101	| 34.83	| 34.89	| 0.06
102	| 3.69	| 3.86	| 0.18
103	| 72.08	| 72.21	| 0.14
104	| 56.12	| 56.16	| 0.04
105	| 50.50	| 50.42	| 0.08
106	| 56.61	| 56.60	| 0.02
107	| 61.73	| 61.59	| 0.15
108	| 39.61	| 39.63	| 0.02
109	| 33.16	| 33.02	| 0.14
110	| 67.67	| 67.15	| 0.52
111	| 42.62	| 42.39	| 0.23
112	| 50.67	| 50.47	| 0.20
113	| 71.20	| 71.31	| 0.11
114	| 63.68	| 63.70	| 0.02
115	| 69.86	| 69.92	| 0.05
116	| 72.72	| 72.78	| 0.06
117	| 70.68	| 70.61	| 0.07
118	| 19.45	| 19.54	| 0.09
119	| 78.36	| 78.31	| 0.06
120	| 49.54	| 49.91	| 0.37
121	| 61.09	| 61.15	| 0.06
122	| 27.91	| 28.02	| 0.11
123	| 24.41	| 24.36	| 0.05
124	| 0.67	| 0.69	| 0.02
125	| 53.53	| 53.51	| 0.02
126	| 71.40	| 71.50	| 0.10
127	| 75.24	| 75.27	| 0.03
128	| 12.64	| 12.60	| 0.04
129	| 74.34	| 74.21	| 0.13
130	| 60.66	| 60.36	| 0.30
131	| 60.55	| 60.71	| 0.16
132	| 43.55	| 43.03	| 0.52
133	| 65.96	| 66.05	| 0.09
134	| 78.34	| 78.22	| 0.12
135	| 25.57	| 25.31	| 0.26
136	| 48.05	| 47.96	| 0.09
137	| 4.18	| 4.14	| 0.04
138	| 45.19	| 45.13	| 0.06
139	| 36.43	| 36.44	| 0.01
140	| 63.28	| 63.12	| 0.15
141	| 70.02	| 70.16	| 0.14
142	| 14.46	| 14.70	| 0.24
143	| 46.67	| 46.65	| 0.02
144	| 42.31	| 42.49	| 0.18
145	| 72.98	| 72.91	| 0.07
146	| 68.19	| 68.08	| 0.10
147	| 20.83	| 20.40	| 0.43
148	| 22.73	| 22.75	| 0.02
149	| 72.17	| 72.02	| 0.15
150	| 46.36	| 46.08	| 0.28
151	| 56.01	| 55.96	| 0.05
152	| 56.45	| 56.53	| 0.08
153	| 41.96	| 42.36	| 0.40
154	| 1.64	| 1.60	| 0.05
155	| 36.22	| 36.20	| 0.01
156	| 7.53	| 7.51	| 0.02
157	| 72.32	| 72.69	| 0.37
158	| 61.95	| 61.69	| 0.25
159	| 53.88	| 53.84	| 0.03
160	| 52.40	| 52.50	| 0.09
161	| 32.03	| 31.82	| 0.21
162	| 58.27	| 58.34	| 0.07
163	| 23.20	| 23.14	| 0.06
164	| 35.94	| 35.93	| 0.01
165	| 77.35	| 77.08	| 0.27
166	| 70.68	| 70.58	| 0.10
167	| 64.67	| 64.91	| 0.24
168	| 76.26	| 76.25	| 0.01
169	| 72.83	| 72.54	| 0.29
170	| 16.83	| 16.80	| 0.03
171	| 65.64	| 65.87	| 0.23
172	| 6.89	| 7.17	| 0.28
173	| 8.84	| 8.82	| 0.01
174	| 75.30	| 75.30	| 0.00
175	| 68.12	| 67.69	| 0.43
176	| 50.56	| 50.71	| 0.15
177	| 49.10	| 49.52	| 0.42
178	| 5.51	| 5.54	| 0.03
179	| 71.34	| 71.34	| 0.00
180	| 64.62	| 64.79	| 0.17
181	| 47.01	| 46.79	| 0.22
182	| 70.19	| 69.94	| 0.25
183	| 54.55	| 54.58	| 0.03
184	| 32.76	| 32.35	| 0.41
185	| 60.83	| 60.98	| 0.16
186	| 3.70	| 3.64	| 0.05
187	| 8.76	| 8.86	| 0.10
188	| 66.75	| 67.14	| 0.39
189	| 71.14	| 70.46	| 0.67
190	| 8.81	| 8.56	| 0.25
191	| 77.61	| 77.67	| 0.06
192	| 6.88	| 6.89	| 0.01
193	| 56.82	| 56.29	| 0.53
194	| 39.76	| 39.78	| 0.02
195	| 64.80	| 65.07	| 0.27
196	| 41.90	| 42.17	| 0.27
197	| 66.12	| 65.79	| 0.34
198	| 74.58	| 74.57	| 0.01
199	| 77.93	| 77.99	| 0.06
200	| 71.54	| 71.70	| 0.16
201	| 74.35	| 74.51	| 0.16
202	| 60.34	| 60.09	| 0.25
203	| 76.53	| 76.65	| 0.12
204	| 39.31	| 38.95	| 0.36
205	| 50.49	| 50.49	| 0.00
206	| 62.36	| 62.17	| 0.19
207	| 63.62	| 63.43	| 0.19
208	| 9.50	| 9.45	| 0.05
209	| 67.98	| 68.04	| 0.06
210	| 59.48	| 59.32	| 0.16
211	| 57.47	| 57.12	| 0.35
212	| 60.26	| 60.27	| 0.01
213	| 35.49	| 35.45	| 0.04
214	| 66.00	| 65.70	| 0.31
215	| 47.01	| 46.76	| 0.25
216	| 27.61	| 27.66	| 0.05
217	| 76.76	| 76.54	| 0.22
218	| 22.57	| 22.58	| 0.01
219	| 67.87	| 67.78	| 0.09
220	| 50.44	| 50.21	| 0.22
221	| 75.66	| 75.74	| 0.09
222	| 51.83	| 51.59	| 0.24
223	| 67.72	| 67.85	| 0.14
224	| 62.13	| 62.14	| 0.01
225	| 72.82	| 72.85	| 0.03
226	| 5.60	| 5.69	| 0.10
227	| 15.95	| 15.89	| 0.06
228	| 77.80	| 77.87	| 0.07
229	| 60.59	| 60.77	| 0.18
230	| 39.31	| 39.58	| 0.27
231	| 68.40	| 68.87	| 0.47
232	| 47.28	| 47.28	| 0.01
233	| 4.07	| 4.13	| 0.06
234	| 63.37	| 63.36	| 0.01
235	| 72.90	| 73.28	| 0.37
236	| 33.37	| 33.41	| 0.04
237	| 45.54	| 45.40	| 0.15
238	| 19.82	| 19.62	| 0.21
239	| 65.22	| 65.07	| 0.15
240	| 69.45	| 69.43	| 0.02
241	| 71.06	| 71.12	| 0.06
242	| 46.38	| 45.81	| 0.58
243	| 53.87	| 54.02	| 0.15
244	| 41.84	| 42.33	| 0.49
245	| 64.91	| 65.06	| 0.14
246	| 2.89	| 2.77	| 0.12
247	| 75.88	| 75.83	| 0.06
248	| 39.81	| 40.32	| 0.51
249	| 74.77	| 74.54	| 0.23
250	| 59.28	| 59.14	| 0.14
251	| 1.31	| 1.38	| 0.07
252	| 48.86	| 48.84	| 0.02
253	| 42.22	| 42.21	| 0.01
254	| 52.76	| 53.06	| 0.30
255	| 26.83	| 27.19	| 0.36
256	| 32.82	| 32.84	| 0.02
257	| 70.27	| 70.03	| 0.24
258	| 2.30	| 2.46	| 0.16
259	| 74.75	| 74.56	| 0.20
260	| 70.90	| 70.87	| 0.04
261	| 73.21	| 73.30	| 0.09
262	| 78.35	| 78.37	| 0.02
263	| 70.14	| 70.20	| 0.06
264	| 50.36	| 50.02	| 0.35
265	| 43.18	| 43.21	| 0.03
266	| 62.70	| 62.67	| 0.02
267	| 73.63	| 73.47	| 0.16
268	| 27.98	| 28.15	| 0.17
269	| 19.92	| 19.55	| 0.37
270	| 45.68	| 45.52	| 0.17
271	| 57.63	| 57.07	| 0.56
272	| 18.18	| 18.56	| 0.38
273	| 12.23	| 12.26	| 0.03
274	| 54.23	| 54.41	| 0.18
275	| 66.23	| 66.10	| 0.13
276	| 24.80	| 24.71	| 0.09
277	| 13.05	| 13.06	| 0.01
278	| 55.71	| 55.86	| 0.15
279	| 78.02	| 77.94	| 0.07
280	| 52.07	| 52.22	| 0.14
281	| 67.94	| 68.06	| 0.12
282	| 38.12	| 38.54	| 0.41
283	| 45.74	| 45.97	| 0.23
284	| 76.80	| 77.00	| 0.20
285	| 41.37	| 41.21	| 0.16
286	| 72.38	| 72.43	| 0.05
287	| 41.23	| 41.40	| 0.17
288	| 62.21	| 62.29	| 0.08
289	| 23.51	| 23.36	| 0.15
290	| 2.56	| 2.53	| 0.04
291	| 75.26	| 75.07	| 0.19
292	| 29.27	| 29.03	| 0.24
293	| 25.43	| 25.47	| 0.04
294	| 39.51	| 39.50	| 0.01
295	| 31.06	| 30.76	| 0.29
296	| 19.93	| 19.87	| 0.05
297	| 76.41	| 76.49	| 0.09
298	| 43.55	| 43.66	| 0.12
299	| 68.16	| 68.17	| 0.01
300	| 43.54	| 43.86	| 0.32
301	| 66.46	| 66.42	| 0.05
302	| 75.34	| 75.53	| 0.19
303	| 74.65	| 74.31	| 0.34
304	| 75.61	| 75.68	| 0.07
305	| 72.96	| 72.88	| 0.09
306	| 75.36	| 75.10	| 0.26
307	| 37.11	| 37.11	| 0.00
308	| 45.02	| 44.60	| 0.42
309	| 14.37	| 14.32	| 0.05
310	| 59.89	| 59.74	| 0.15
311	| 75.52	| 75.79	| 0.27
312	| 58.91	| 59.10	| 0.19
313	| 32.49	| 32.89	| 0.40
314	| 32.92	| 32.90	| 0.02
315	| 3.26	| 3.26	| 0.00
316	| 52.64	| 52.42	| 0.21
317	| 62.31	| 62.25	| 0.05
318	| 68.23	| 68.19	| 0.05
319	| 62.67	| 62.36	| 0.31
320	| 46.63	| 46.67	| 0.04
321	| 77.55	| 77.59	| 0.05
322	| 63.86	| 64.31	| 0.45
323	| 56.68	| 56.85	| 0.17
324	| 32.52	| 32.31	| 0.21
325	| 44.02	| 44.35	| 0.33
326	| 38.07	| 38.45	| 0.39
327	| 24.67	| 24.92	| 0.25
328	| 56.89	| 56.94	| 0.05
329	| 8.91	| 8.84	| 0.07
330	| 33.55	| 33.35	| 0.20
331	| 62.33	| 62.39	| 0.07
332	| 64.39	| 64.02	| 0.37
333	| 40.56	| 40.82	| 0.26
334	| 55.17	| 55.03	| 0.14
335	| 53.45	| 53.29	| 0.16
336	| 32.55	| 32.99	| 0.44
337	| 69.78	| 69.68	| 0.10
338	| 20.09	| 20.20	| 0.11
339	| 77.21	| 77.30	| 0.08
340	| 40.13	| 39.99	| 0.14
341	| 62.84	| 63.28	| 0.44
342	| 64.31	| 64.47	| 0.15
343	| 25.97	| 26.13	| 0.16
344	| 78.18	| 78.12	| 0.06
345	| 25.12	| 25.06	| 0.07
346	| 56.87	| 56.98	| 0.11
347	| 53.99	| 53.83	| 0.17
348	| 64.20	| 63.87	| 0.34
349	| 36.60	| 36.53	| 0.06
350	| 23.50	| 23.55	| 0.05
351	| 69.25	| 69.33	| 0.08
352	| 56.61	| 56.66	| 0.05
353	| 48.10	| 48.00	| 0.11
354	| 67.23	| 67.64	| 0.41
355	| 44.85	| 44.75	| 0.10
356	| 23.71	| 23.72	| 0.01
357	| 59.26	| 59.03	| 0.23
358	| 38.07	| 37.79	| 0.28
359	| 72.30	| 72.50	| 0.20
360	| 77.51	| 77.45	| 0.06
361	| 11.87	| 11.90	| 0.03
362	| 5.80	| 5.78	| 0.02
363	| 45.40	| 45.15	| 0.25
364	| 36.23	| 36.11	| 0.13
365	| 15.78	| 15.90	| 0.12
366	| 52.91	| 52.85	| 0.05
367	| 76.96	| 77.02	| 0.05
368	| 58.94	| 58.83	| 0.11
369	| 0.76	| 0.77	| 0.00
370	| 75.36	| 75.47	| 0.12
371	| 23.82	| 23.81	| 0.01
372	| 14.14	| 14.06	| 0.07
373	| 56.31	| 56.12	| 0.19
374	| 6.64	| 6.44	| 0.20
375	| 25.69	| 25.94	| 0.25
376	| 58.94	| 58.83	| 0.12
377	| 50.54	| 50.67	| 0.13
378	| 59.32	| 59.23	| 0.09
379	| 61.23	| 61.05	| 0.18
380	| 61.03	| 60.88	| 0.15
381	| 68.18	| 68.13	| 0.05
382	| 47.21	| 47.19	| 0.02
383	| 53.03	| 52.89	| 0.14
384	| 36.29	| 36.14	| 0.14
385	| 27.38	| 27.63	| 0.24
386	| 67.53	| 67.48	| 0.04
387	| 58.26	| 58.17	| 0.09
388	| 54.71	| 54.63	| 0.08
389	| 54.33	| 54.24	| 0.09
390	| 45.18	| 45.37	| 0.18
391	| 35.65	| 35.99	| 0.33
392	| 66.61	| 66.63	| 0.02
393	| 33.38	| 33.38	| 0.00
394	| 70.83	| 71.09	| 0.26
395	| 55.43	| 55.23	| 0.21
396	| 18.54	| 18.61	| 0.07
397	| 73.83	| 74.00	| 0.17
398	| 72.11	| 71.88	| 0.23
399	| 66.41	| 66.29	| 0.12
400	| 37.70	| 37.91	| 0.21
401	| 28.16	| 28.25	| 0.09
402	| 36.42	| 36.79	| 0.37
403	| 33.64	| 33.49	| 0.15
404	| 74.87	| 74.70	| 0.16
405	| 35.10	| 35.15	| 0.05
406	| 39.92	| 39.91	| 0.01
407	| 71.17	| 71.20	| 0.03
408	| 53.49	| 53.27	| 0.21
409	| 9.39	| 9.30	| 0.09
410	| 67.38	| 67.65	| 0.27
411	| 2.45	| 2.44	| 0.02
412	| 22.51	| 22.00	| 0.51
413	| 58.85	| 58.56	| 0.30
414	| 68.64	| 68.56	| 0.07
415	| 35.70	| 35.80	| 0.10
416	| 69.42	| 69.61	| 0.19
417	| 34.46	| 34.20	| 0.26
418	| 76.74	| 76.66	| 0.08
419	| 69.02	| 69.01	| 0.00
420	| 49.73	| 49.40	| 0.33
421	| 72.17	| 72.02	| 0.16
422	| 75.86	| 76.07	| 0.21
423	| 51.78	| 51.74	| 0.03
424	| 72.49	| 72.07	| 0.42
425	| 77.47	| 77.42	| 0.06
426	| 42.92	| 42.61	| 0.31
427	| 43.27	| 43.15	| 0.13
428	| 27.88	| 27.41	| 0.46
429	| 71.04	| 70.79	| 0.25
430	| 57.75	| 57.55	| 0.20
431	| 46.77	| 47.01	| 0.24
432	| 47.45	| 47.59	| 0.14
433	| 4.34	| 4.41	| 0.07
434	| 78.36	| 78.28	| 0.08
435	| 70.37	| 70.49	| 0.12
436	| 74.27	| 74.41	| 0.14
437	| 39.86	| 40.17	| 0.31
438	| 46.29	| 46.38	| 0.09
439	| 59.09	| 59.08	| 0.02
440	| 55.20	| 55.19	| 0.01
441	| 21.73	| 21.91	| 0.18
442	| 70.79	| 71.05	| 0.26
443	| 24.27	| 24.20	| 0.08
444	| 73.00	| 72.78	| 0.21
445	| 45.39	| 45.05	| 0.34
446	| 47.51	| 47.66	| 0.16
447	| 75.04	| 75.08	| 0.04
448	| 17.03	| 17.21	| 0.19
449	| 68.51	| 68.47	| 0.04
450	| 7.69	| 7.87	| 0.19
451	| 32.41	| 32.42	| 0.01
452	| 31.96	| 32.05	| 0.09
453	| 44.87	| 45.27	| 0.40
454	| 31.97	| 31.98	| 0.01
455	| 77.88	| 77.87	| 0.01
456	| 65.25	| 65.23	| 0.02
457	| 66.06	| 66.08	| 0.02
458	| 48.38	| 48.43	| 0.06
459	| 20.46	| 20.82	| 0.36
460	| 75.87	| 75.82	| 0.05
461	| 35.83	| 35.74	| 0.09
462	| 75.58	| 75.47	| 0.11
463	| 22.03	| 21.83	| 0.21
464	| 74.73	| 74.41	| 0.31
465	| 69.58	| 69.52	| 0.06
466	| 75.33	| 75.14	| 0.18
467	| 53.07	| 53.43	| 0.36
468	| 8.99	| 8.88	| 0.12
469	| 73.86	| 73.84	| 0.02
470	| 51.25	| 51.70	| 0.45
471	| 65.65	| 65.57	| 0.08
472	| 13.78	| 13.78	| 0.00
473	| 49.92	| 49.61	| 0.31
474	| 50.62	| 50.83	| 0.21
475	| 76.17	| 76.21	| 0.04
476	| 16.18	| 16.11	| 0.07
477	| 55.92	| 56.09	| 0.17
478	| 78.06	| 77.92	| 0.14
479	| 32.09	| 32.19	| 0.10
480	| 33.97	| 34.02	| 0.05
481	| 7.43	| 7.58	| 0.15
482	| 73.21	| 72.86	| 0.36
483	| 73.49	| 73.60	| 0.11
484	| 70.84	| 70.69	| 0.15
485	| 71.94	| 71.95	| 0.01
486	| 50.70	| 50.90	| 0.20
487	| 70.13	| 70.21	| 0.09
488	| 68.64	| 68.72	| 0.07
489	| 41.41	| 41.76	| 0.35
490	| 67.69	| 67.78	| 0.09
491	| 30.18	| 30.40	| 0.22
492	| 42.70	| 42.49	| 0.21
493	| 20.71	| 21.16	| 0.45
494	| 65.22	| 65.16	| 0.06
495	| 78.35	| 78.34	| 0.01
496	| 36.04	| 36.06	| 0.03
497	| 39.23	| 39.57	| 0.34
498	| 75.90	| 75.95	| 0.05
499	| 71.46	| 71.51	| 0.05
500	| 42.35	| 42.15	| 0.20
501	| 53.92	| 54.03	| 0.12
502	| 60.99	| 60.99	| 0.00
503	| 69.40	| 69.40	| 0.00
504	| 60.15	| 60.17	| 0.02
505	| 65.90	| 65.85	| 0.05
506	| 63.31	| 63.39	| 0.08
507	| 46.36	| 46.60	| 0.24
508	| 43.59	| 43.68	| 0.09
509	| 38.52	| 38.37	| 0.15
510	| 1.79	| 1.80	| 0.01
511	| 63.34	| 63.60	| 0.26
512	| 15.17	| 15.25	| 0.08
513	| 30.38	| 30.58	| 0.21
514	| 46.74	| 46.46	| 0.28
515	| 76.01	| 76.47	| 0.46
516	| 62.37	| 62.33	| 0.04
517	| 16.49	| 16.53	| 0.05
518	| 76.38	| 76.52	| 0.14
519	| 64.15	| 64.42	| 0.27
520	| 43.49	| 43.69	| 0.19
521	| 54.68	| 54.60	| 0.08
522	| 75.74	| 75.81	| 0.07
523	| 61.19	| 60.94	| 0.25
524	| 5.45	| 5.49	| 0.04
525	| 65.86	| 65.94	| 0.08
526	| 33.07	| 32.87	| 0.20
527	| 15.81	| 15.98	| 0.17
528	| 68.89	| 69.05	| 0.16
529	| 71.81	| 71.98	| 0.16
530	| 27.16	| 27.36	| 0.20
531	| 23.34	| 23.37	| 0.03
532	| 35.79	| 35.69	| 0.11
533	| 65.48	| 65.33	| 0.15
534	| 46.37	| 46.06	| 0.31
535	| 76.15	| 76.08	| 0.06
536	| 39.01	| 38.75	| 0.26
537	| 9.75	| 9.93	| 0.18
538	| 59.81	| 59.61	| 0.20
539	| 58.46	| 58.52	| 0.06
540	| 78.15	| 78.12	| 0.03
541	| 8.79	| 8.57	| 0.22
542	| 70.17	| 70.08	| 0.09
543	| 77.75	| 77.33	| 0.42
544	| 65.57	| 65.42	| 0.15
545	| 67.51	| 67.40	| 0.11
546	| 76.79	| 76.74	| 0.04
547	| 77.90	| 78.08	| 0.17
548	| 54.88	| 54.63	| 0.26
549	| 58.76	| 58.61	| 0.15
550	| 43.95	| 44.02	| 0.07
551	| 3.19	| 3.02	| 0.17
552	| 78.23	| 78.11	| 0.12
553	| 60.24	| 60.68	| 0.44
554	| 57.31	| 57.33	| 0.02
555	| 36.59	| 36.58	| 0.02
556	| 30.46	| 30.40	| 0.06
557	| 63.49	| 63.24	| 0.25
558	| 77.37	| 77.30	| 0.07
559	| 63.69	| 63.63	| 0.06
560	| 36.48	| 36.26	| 0.22
561	| 13.08	| 13.24	| 0.16
562	| 50.02	| 49.99	| 0.03
563	| 12.81	| 12.85	| 0.04
564	| 44.56	| 44.95	| 0.39
565	| 45.01	| 44.85	| 0.17
566	| 57.04	| 56.80	| 0.24
567	| 76.91	| 77.06	| 0.15
568	| 72.94	| 72.93	| 0.01
569	| 47.70	| 47.48	| 0.21
570	| 36.36	| 36.84	| 0.48
571	| 73.00	| 72.70	| 0.30
572	| 18.09	| 17.82	| 0.27
573	| 73.32	| 73.39	| 0.08
574	| 62.92	| 62.87	| 0.04
575	| 51.22	| 51.40	| 0.18
576	| 69.55	| 69.77	| 0.22
577	| 58.60	| 58.71	| 0.11
578	| 54.59	| 54.43	| 0.16
579	| 51.75	| 51.93	| 0.18
580	| 15.31	| 14.90	| 0.41
581	| 72.00	| 71.94	| 0.06
582	| 39.21	| 39.17	| 0.04
583	| 61.88	| 62.02	| 0.13
584	| 33.49	| 33.35	| 0.14
585	| 71.01	| 70.94	| 0.08
586	| 46.99	| 47.27	| 0.28
587	| 21.36	| 21.33	| 0.03
588	| 61.83	| 61.83	| 0.00
589	| 61.94	| 61.87	| 0.07
590	| 31.05	| 31.24	| 0.19
591	| 59.93	| 60.04	| 0.11
592	| 72.93	| 72.82	| 0.11
593	| 21.46	| 21.44	| 0.02
594	| 75.91	| 76.01	| 0.11
595	| 38.75	| 38.63	| 0.12
596	| 55.19	| 54.92	| 0.26
597	| 41.90	| 42.11	| 0.21
598	| 39.94	| 39.89	| 0.05
599	| 51.90	| 52.12	| 0.23
600	| 51.24	| 51.17	| 0.07
601	| 15.47	| 15.53	| 0.06
602	| 61.39	| 61.39	| 0.00
603	| 29.07	| 29.35	| 0.28
604	| 61.14	| 61.10	| 0.04
605	| 64.05	| 64.42	| 0.37
606	| 62.18	| 62.29	| 0.11
607	| 60.55	| 60.20	| 0.34
608	| 27.99	| 27.86	| 0.14
609	| 25.68	| 25.04	| 0.64
610	| 29.16	| 29.76	| 0.60
611	| 41.20	| 41.05	| 0.15
612	| 13.37	| 13.14	| 0.22
613	| 53.87	| 54.10	| 0.23
614	| 67.10	| 67.04	| 0.06
615	| 9.67	| 9.61	| 0.07
616	| 42.05	| 42.09	| 0.04
617	| 51.69	| 51.71	| 0.02
618	| 27.81	| 27.74	| 0.07
619	| 57.96	| 57.89	| 0.07
620	| 44.40	| 44.40	| 0.00
621	| 61.30	| 61.45	| 0.15
622	| 2.22	| 2.21	| 0.01
623	| 34.15	| 34.22	| 0.07
624	| 76.87	| 76.89	| 0.02
625	| 72.76	| 72.95	| 0.19
626	| 61.13	| 60.76	| 0.37
627	| 76.64	| 76.63	| 0.01
628	| 68.89	| 69.07	| 0.18
629	| 40.52	| 40.34	| 0.18
630	| 26.47	| 26.42	| 0.05
631	| 45.95	| 46.00	| 0.05
632	| 34.66	| 34.40	| 0.26
633	| 55.23	| 55.40	| 0.17
634	| 66.77	| 66.86	| 0.09
635	| 61.11	| 61.14	| 0.03
636	| 31.04	| 31.56	| 0.53
637	| 69.16	| 69.21	| 0.05
638	| 63.37	| 63.37	| 0.00
639	| 52.12	| 52.18	| 0.06
640	| 24.54	| 24.63	| 0.09
641	| 63.72	| 63.39	| 0.33
642	| 77.64	| 77.72	| 0.08
643	| 1.61	| 1.61	| 0.00
644	| 25.56	| 25.69	| 0.14
645	| 19.55	| 19.59	| 0.04
646	| 19.11	| 19.24	| 0.12
647	| 76.13	| 76.47	| 0.34
648	| 75.29	| 75.24	| 0.05
649	| 47.73	| 47.53	| 0.20
650	| 77.74	| 78.13	| 0.39
651	| 52.25	| 52.57	| 0.32
652	| 3.46	| 3.46	| 0.00
653	| 23.90	| 23.81	| 0.09
654	| 70.34	| 70.23	| 0.11
655	| 73.75	| 73.59	| 0.16
656	| 69.16	| 69.54	| 0.38
657	| 55.11	| 55.19	| 0.09
658	| 16.06	| 16.02	| 0.04
659	| 50.23	| 50.14	| 0.09
660	| 75.88	| 75.62	| 0.26
661	| 56.17	| 56.55	| 0.38
662	| 61.47	| 61.21	| 0.26
663	| 39.38	| 39.31	| 0.07
664	| 48.42	| 48.39	| 0.03
665	| 62.38	| 62.44	| 0.06
666	| 27.80	| 27.62	| 0.19
667	| 43.08	| 43.20	| 0.12
668	| 58.29	| 58.35	| 0.06
669	| 60.69	| 60.84	| 0.15
670	| 9.66	| 9.63	| 0.03
671	| 71.00	| 71.12	| 0.12
672	| 70.50	| 70.49	| 0.01
673	| 42.88	| 42.92	| 0.04
674	| 56.96	| 56.88	| 0.08
675	| 61.35	| 61.75	| 0.40
676	| 65.40	| 65.55	| 0.15
677	| 77.17	| 76.90	| 0.27
678	| 76.58	| 76.55	| 0.03
679	| 63.66	| 63.43	| 0.23
680	| 74.24	| 74.02	| 0.22
681	| 21.82	| 21.79	| 0.03
682	| 1.70	| 1.69	| 0.01
683	| 25.76	| 25.88	| 0.12
684	| 69.29	| 69.44	| 0.14
685	| 66.75	| 66.48	| 0.27
686	| 22.09	| 22.42	| 0.32
687	| 2.03	| 2.01	| 0.02
688	| 26.40	| 26.46	| 0.06
689	| 44.76	| 44.63	| 0.13
690	| 73.77	| 73.55	| 0.22
691	| 74.89	| 74.65	| 0.25
692	| 60.19	| 59.99	| 0.20
693	| 64.65	| 65.10	| 0.45
694	| 4.90	| 4.88	| 0.02
695	| 59.53	| 58.84	| 0.69
696	| 28.68	| 28.93	| 0.24
697	| 42.53	| 42.70	| 0.17
698	| 65.80	| 65.76	| 0.04
699	| 56.60	| 56.80	| 0.20
700	| 49.06	| 49.16	| 0.10
701	| 56.52	| 56.22	| 0.30
702	| 76.47	| 76.35	| 0.12
703	| 75.53	| 75.72	| 0.19
704	| 31.60	| 31.69	| 0.10
705	| 10.93	| 11.08	| 0.15
706	| 55.55	| 56.01	| 0.46
707	| 77.33	| 77.76	| 0.43
708	| 74.74	| 74.44	| 0.30
709	| 75.52	| 75.46	| 0.06
710	| 76.29	| 76.68	| 0.39
711	| 77.29	| 77.22	| 0.07
712	| 4.64	| 4.69	| 0.05
713	| 43.99	| 43.92	| 0.08
714	| 66.10	| 66.38	| 0.28
715	| 77.51	| 77.63	| 0.12
716	| 76.49	| 76.65	| 0.16
717	| 76.81	| 76.80	| 0.02
718	| 56.99	| 56.61	| 0.38
719	| 45.86	| 46.46	| 0.60
720	| 47.68	| 47.83	| 0.15
721	| 75.56	| 75.61	| 0.05
722	| 26.07	| 26.07	| 0.00
723	| 76.34	| 76.30	| 0.03
724	| 72.17	| 72.30	| 0.13
725	| 73.56	| 73.79	| 0.23
726	| 74.60	| 74.64	| 0.04
727	| 66.28	| 66.29	| 0.01
728	| 72.60	| 72.52	| 0.07
729	| 34.66	| 34.98	| 0.31
730	| 25.92	| 26.04	| 0.12
731	| 7.89	| 7.92	| 0.03
732	| 49.15	| 48.78	| 0.37
733	| 43.61	| 43.15	| 0.46
734	| 6.03	| 5.94	| 0.09
735	| 75.48	| 75.36	| 0.12
736	| 75.50	| 75.60	| 0.10
737	| 41.42	| 41.41	| 0.01
738	| 75.17	| 75.26	| 0.09
739	| 76.39	| 76.46	| 0.07
740	| 54.93	| 55.02	| 0.09
741	| 30.28	| 30.49	| 0.21
742	| 22.34	| 22.22	| 0.12
743	| 73.53	| 73.38	| 0.16
744	| 18.52	| 18.52	| 0.00
745	| 71.71	| 71.98	| 0.27
746	| 36.36	| 36.41	| 0.05
747	| 58.76	| 58.87	| 0.11
748	| 71.32	| 71.22	| 0.10
749	| 52.88	| 52.94	| 0.06
750	| 54.68	| 54.85	| 0.17
751	| 49.11	| 48.77	| 0.35
752	| 43.08	| 43.24	| 0.16
753	| 19.19	| 18.99	| 0.20
754	| 17.30	| 17.21	| 0.09
755	| 44.77	| 44.60	| 0.18
756	| 64.43	| 64.71	| 0.28
757	| 44.29	| 44.01	| 0.28
758	| 36.71	| 36.62	| 0.09
759	| 56.93	| 57.03	| 0.11
760	| 50.13	| 50.12	| 0.00
761	| 64.61	| 64.59	| 0.02
762	| 56.94	| 57.28	| 0.34
763	| 75.90	| 75.89	| 0.01
764	| 45.48	| 45.41	| 0.08
765	| 68.92	| 69.04	| 0.13
766	| 65.18	| 65.37	| 0.19
767	| 67.46	| 67.36	| 0.10
768	| 49.25	| 49.45	| 0.20
769	| 53.88	| 53.94	| 0.06
770	| 42.18	| 42.07	| 0.11
771	| 63.14	| 63.43	| 0.29
772	| 78.24	| 78.30	| 0.05
773	| 50.61	| 50.09	| 0.52
774	| 76.62	| 76.52	| 0.09
775	| 74.53	| 74.44	| 0.09
776	| 70.78	| 70.81	| 0.03
777	| 75.65	| 75.42	| 0.23
778	| 43.84	| 43.72	| 0.12
779	| 1.50	| 1.55	| 0.05
780	| 44.16	| 44.21	| 0.05
781	| 73.50	| 73.65	| 0.15
782	| 64.15	| 64.16	| 0.00
783	| 49.83	| 50.20	| 0.36
784	| 64.33	| 64.57	| 0.24
785	| 72.72	| 72.86	| 0.14
786	| 41.50	| 41.34	| 0.16
787	| 49.46	| 49.30	| 0.16
788	| 63.57	| 63.42	| 0.15
789	| 73.35	| 73.22	| 0.13
790	| 60.51	| 60.55	| 0.04
791	| 65.84	| 65.70	| 0.14
792	| 58.93	| 58.36	| 0.57
793	| 48.73	| 48.85	| 0.12
794	| 71.05	| 70.83	| 0.22
795	| 61.25	| 61.35	| 0.10
796	| 15.93	| 15.98	| 0.04
797	| 60.14	| 60.27	| 0.12
798	| 76.32	| 76.44	| 0.12
799	| 12.93	| 12.96	| 0.03
800	| 67.20	| 67.31	| 0.11
801	| 7.45	| 7.58	| 0.12
802	| 11.70	| 11.60	| 0.10
803	| 70.79	| 70.86	| 0.07
804	| 76.68	| 76.52	| 0.15
805	| 60.34	| 60.31	| 0.03
806	| 74.27	| 74.20	| 0.07
807	| 66.53	| 66.65	| 0.13
808	| 67.19	| 67.33	| 0.14
809	| 61.96	| 62.22	| 0.26
810	| 45.08	| 45.05	| 0.02
811	| 23.66	| 23.56	| 0.10
812	| 73.89	| 74.11	| 0.23
813	| 22.38	| 22.30	| 0.08
814	| 5.47	| 5.50	| 0.02
815	| 48.17	| 47.80	| 0.37
816	| 9.73	| 9.70	| 0.03
817	| 60.93	| 60.72	| 0.21
818	| 60.50	| 60.60	| 0.10
819	| 46.07	| 45.82	| 0.26
820	| 21.19	| 20.90	| 0.30
821	| 70.51	| 70.67	| 0.16
822	| 46.64	| 46.83	| 0.19
823	| 7.96	| 8.02	| 0.06
824	| 23.45	| 23.91	| 0.46
825	| 63.38	| 63.46	| 0.09
826	| 39.47	| 39.70	| 0.23
827	| 66.88	| 66.91	| 0.03
828	| 21.26	| 21.27	| 0.01
829	| 67.02	| 67.03	| 0.01
830	| 0.48	| 0.48	| 0.01
831	| 48.71	| 48.57	| 0.15
832	| 37.75	| 37.70	| 0.05
833	| 64.56	| 64.94	| 0.38
834	| 4.18	| 4.19	| 0.01
835	| 77.22	| 76.76	| 0.46
836	| 21.42	| 21.62	| 0.20
837	| 50.67	| 50.70	| 0.03
838	| 71.49	| 71.55	| 0.07
839	| 77.92	| 78.13	| 0.21
840	| 69.74	| 69.86	| 0.12
841	| 59.29	| 59.43	| 0.14
842	| 28.75	| 28.70	| 0.05
843	| 44.76	| 45.30	| 0.55
844	| 7.21	| 7.32	| 0.11
845	| 45.85	| 45.81	| 0.04
846	| 54.69	| 54.40	| 0.29
847	| 69.30	| 69.21	| 0.08
848	| 61.40	| 61.25	| 0.15
849	| 65.92	| 66.28	| 0.36
850	| 40.17	| 40.24	| 0.07
851	| 10.78	| 10.81	| 0.04
852	| 44.86	| 44.60	| 0.26
853	| 72.71	| 72.79	| 0.08
854	| 58.04	| 58.03	| 0.01
855	| 1.83	| 1.87	| 0.04
856	| 71.52	| 71.65	| 0.13
857	| 20.14	| 20.23	| 0.09
858	| 18.84	| 18.74	| 0.10
859	| 6.41	| 6.63	| 0.22
860	| 7.58	| 7.48	| 0.10
861	| 51.35	| 51.39	| 0.04
862	| 68.72	| 68.85	| 0.14
863	| 62.20	| 62.40	| 0.20
864	| 70.07	| 70.15	| 0.08
865	| 52.59	| 52.32	| 0.27
866	| 51.36	| 51.41	| 0.06
867	| 16.20	| 16.02	| 0.18
868	| 35.82	| 35.52	| 0.30
869	| 70.55	| 70.72	| 0.17
870	| 72.25	| 72.37	| 0.12
871	| 28.35	| 28.06	| 0.29
872	| 30.96	| 30.55	| 0.41
873	| 64.06	| 63.96	| 0.10
874	| 77.57	| 77.76	| 0.19
875	| 9.55	| 9.63	| 0.08
876	| 21.65	| 21.54	| 0.11
877	| 11.78	| 11.83	| 0.05
878	| 15.62	| 15.57	| 0.04
879	| 47.02	| 46.76	| 0.25
880	| 35.37	| 35.25	| 0.12
881	| 9.97	| 9.81	| 0.16
882	| 56.96	| 56.71	| 0.25
883	| 6.17	| 6.00	| 0.17
884	| 68.95	| 68.79	| 0.17
885	| 73.58	| 73.68	| 0.09
886	| 49.35	| 48.80	| 0.55
887	| 76.49	| 76.37	| 0.12
888	| 64.30	| 64.47	| 0.16
889	| 76.25	| 76.30	| 0.05
890	| 61.25	| 61.12	| 0.14
891	| 68.08	| 68.07	| 0.01
892	| 33.19	| 33.20	| 0.01
893	| 13.15	| 13.25	| 0.11
894	| 66.66	| 66.51	| 0.16
895	| 38.97	| 38.87	| 0.10
896	| 67.45	| 67.85	| 0.39
897	| 56.32	| 56.69	| 0.38
898	| 15.06	| 14.88	| 0.18
899	| 52.23	| 52.20	| 0.03
900	| 68.41	| 68.31	| 0.09
901	| 58.95	| 59.23	| 0.28
902	| 45.86	| 45.52	| 0.34
903	| 60.65	| 61.06	| 0.41
904	| 70.69	| 70.64	| 0.04
905	| 73.43	| 73.33	| 0.09
906	| 36.61	| 36.85	| 0.24
907	| 76.52	| 76.35	| 0.17
908	| 34.01	| 34.02	| 0.01
909	| 78.32	| 78.02	| 0.30
910	| 66.89	| 66.83	| 0.06
911	| 14.32	| 14.30	| 0.02
912	| 54.43	| 54.60	| 0.18
913	| 65.61	| 65.19	| 0.43
914	| 16.92	| 16.70	| 0.22
915	| 22.56	| 22.65	| 0.09
916	| 26.66	| 26.90	| 0.24
917	| 70.16	| 70.43	| 0.27
918	| 50.87	| 51.32	| 0.45
919	| 7.75	| 7.85	| 0.09
920	| 59.46	| 59.01	| 0.45
921	| 54.71	| 54.81	| 0.10
922	| 73.64	| 73.71	| 0.07
923	| 13.15	| 13.12	| 0.03
924	| 62.79	| 63.26	| 0.48
925	| 69.90	| 69.49	| 0.41
926	| 24.53	| 24.37	| 0.16
927	| 34.77	| 35.01	| 0.24
928	| 35.90	| 35.88	| 0.02
929	| 57.67	| 57.37	| 0.31
930	| 75.38	| 75.62	| 0.23
931	| 57.85	| 57.38	| 0.47
932	| 69.67	| 69.97	| 0.31
933	| 61.95	| 62.06	| 0.10
934	| 12.07	| 12.06	| 0.01
935	| 60.15	| 60.00	| 0.15
936	| 60.80	| 60.62	| 0.18
937	| 69.03	| 69.31	| 0.28
938	| 9.75	| 9.79	| 0.04
939	| 77.55	| 77.40	| 0.15
940	| 42.82	| 42.64	| 0.18
941	| 66.63	| 66.63	| 0.00
942	| 58.58	| 58.97	| 0.39
943	| 63.48	| 63.58	| 0.10
944	| 52.61	| 52.61	| 0.00
945	| 6.40	| 6.43	| 0.03
946	| 22.88	| 22.70	| 0.18
947	| 19.98	| 20.29	| 0.31
948	| 36.33	| 35.99	| 0.34
949	| 23.58	| 23.59	| 0.01
950	| 67.44	| 67.54	| 0.10
951	| 69.25	| 69.18	| 0.06
952	| 73.30	| 72.98	| 0.32
953	| 57.57	| 57.52	| 0.06
954	| 63.58	| 63.58	| 0.01
955	| 72.58	| 72.58	| 0.01
956	| 50.66	| 50.68	| 0.02
957	| 27.45	| 27.46	| 0.01
958	| 49.24	| 49.45	| 0.21
959	| 72.92	| 72.86	| 0.06
960	| 58.98	| 59.06	| 0.09
961	| 27.61	| 27.44	| 0.18
962	| 60.94	| 60.73	| 0.20
963	| 38.10	| 38.00	| 0.11
964	| 41.23	| 41.63	| 0.41
965	| 77.68	| 77.58	| 0.11
966	| 61.07	| 61.66	| 0.59
967	| 31.64	| 31.42	| 0.22
968	| 19.43	| 19.46	| 0.03
969	| 60.62	| 60.38	| 0.24
970	| 55.84	| 55.67	| 0.17
971	| 67.49	| 67.45	| 0.04
972	| 61.84	| 61.98	| 0.14
973	| 78.13	| 78.14	| 0.01
974	| 56.56	| 56.37	| 0.19
975	| 71.64	| 71.62	| 0.02
976	| 69.81	| 69.90	| 0.09
977	| 20.55	| 20.61	| 0.06
978	| 62.58	| 62.33	| 0.25
979	| 3.90	| 3.91	| 0.01
980	| 0.34	| 0.32	| 0.02
981	| 50.97	| 51.21	| 0.24
982	| 21.57	| 21.40	| 0.17
983	| 17.55	| 17.64	| 0.09
984	| 15.43	| 15.62	| 0.19
985	| 57.76	| 57.62	| 0.15
986	| 61.10	| 60.87	| 0.23
987	| 63.92	| 63.43	| 0.49
988	| 78.02	| 78.15	| 0.14
989	| 47.90	| 48.22	| 0.32
990	| 4.54	| 4.49	| 0.06
991	| 61.90	| 62.08	| 0.18
992	| 61.31	| 61.28	| 0.03
993	| 75.81	| 75.93	| 0.11
994	| 64.97	| 65.23	| 0.26
995	| 38.54	| 38.39	| 0.14
996	| 64.93	| 65.31	| 0.38
997	| 63.98	| 63.92	| 0.06
998	| 69.50	| 69.26	| 0.24
999	| 69.53	| 69.74	| 0.21
