Weighted Random Sampling Comparison on 100000 Trials
---------------------------------------------
Difference is bigger than 1% p in the following indices: []
Elapsed time: Fast: 36.979484875s, Fenwick: 1.836401208s

---------------------------------------------
Probability(%) of each element being selected:
Element	| Fast	| Fenw	| Diff(Max-Min)
---------------------------------------------
0	| 1.19	| 1.27	| 0.08
1	| 1.35	| 1.39	| 0.03
2	| 5.53	| 5.45	| 0.08
3	| 4.80	| 4.81	| 0.00
4	| 2.79	| 2.71	| 0.08
5	| 5.97	| 5.94	| 0.04
6	| 1.52	| 1.51	| 0.01
7	| 5.28	| 5.20	| 0.08
8	| 4.69	| 4.59	| 0.10
9	| 0.20	| 0.20	| 0.01
10	| 5.57	| 5.42	| 0.15
11	| 1.74	| 1.75	| 0.02
12	| 4.59	| 4.54	| 0.04
13	| 5.40	| 5.26	| 0.13
14	| 3.48	| 3.53	| 0.05
15	| 5.99	| 6.02	| 0.03
16	| 4.91	| 4.86	| 0.05
17	| 0.83	| 0.83	| 0.00
18	| 4.42	| 4.42	| 0.01
19	| 1.59	| 1.55	| 0.04
20	| 3.98	| 4.06	| 0.08
21	| 5.15	| 5.17	| 0.02
22	| 1.13	| 1.10	| 0.03
23	| 0.45	| 0.45	| 0.01
24	| 1.61	| 1.61	| 0.00
25	| 2.22	| 2.31	| 0.09
26	| 1.11	| 1.09	| 0.02
27	| 3.25	| 3.19	| 0.06
28	| 2.69	| 2.77	| 0.08
29	| 5.34	| 5.39	| 0.05
30	| 4.32	| 4.38	| 0.06
31	| 5.37	| 5.33	| 0.05
32	| 1.88	| 1.85	| 0.04
33	| 4.44	| 4.50	| 0.06
34	| 4.17	| 4.22	| 0.06
35	| 0.68	| 0.73	| 0.05
36	| 4.61	| 4.55	| 0.06
37	| 4.46	| 4.55	| 0.09
38	| 0.70	| 0.74	| 0.04
39	| 3.37	| 3.34	| 0.03
40	| 0.48	| 0.55	| 0.07
41	| 4.50	| 4.64	| 0.15
42	| 0.58	| 0.60	| 0.02
43	| 5.60	| 5.64	| 0.04
44	| 5.80	| 5.68	| 0.12
45	| 2.48	| 2.57	| 0.09
46	| 1.49	| 1.51	| 0.03
47	| 6.32	| 6.32	| 0.00
48	| 3.63	| 3.53	| 0.10
49	| 1.85	| 1.80	| 0.05
50	| 2.99	| 2.91	| 0.09
51	| 6.35	| 6.42	| 0.07
52	| 4.11	| 4.19	| 0.08
53	| 2.82	| 2.82	| 0.00
54	| 4.34	| 4.34	| 0.00
55	| 1.73	| 1.78	| 0.05
56	| 1.77	| 1.83	| 0.06
57	| 2.85	| 2.87	| 0.02
58	| 6.35	| 6.21	| 0.14
59	| 0.47	| 0.45	| 0.02
60	| 4.54	| 4.45	| 0.09
61	| 3.15	| 2.97	| 0.18
62	| 4.16	| 4.19	| 0.04
63	| 4.28	| 4.23	| 0.05
64	| 5.26	| 5.22	| 0.03
65	| 2.63	| 2.65	| 0.02
66	| 1.57	| 1.54	| 0.03
67	| 4.98	| 5.04	| 0.05
68	| 0.38	| 0.35	| 0.03
69	| 0.60	| 0.60	| 0.00
70	| 4.43	| 4.38	| 0.05
71	| 0.67	| 0.65	| 0.01
72	| 4.91	| 5.10	| 0.18
73	| 5.32	| 5.33	| 0.00
74	| 3.42	| 3.36	| 0.06
75	| 3.11	| 3.22	| 0.11
76	| 2.91	| 2.84	| 0.07
77	| 5.42	| 5.53	| 0.11
78	| 4.59	| 4.54	| 0.06
79	| 5.13	| 5.29	| 0.16
80	| 3.87	| 3.87	| 0.00
81	| 4.88	| 5.01	| 0.13
82	| 0.51	| 0.48	| 0.03
83	| 1.92	| 1.99	| 0.07
84	| 6.37	| 6.44	| 0.08
85	| 3.42	| 3.58	| 0.16
86	| 4.47	| 4.43	| 0.04
87	| 2.29	| 2.28	| 0.02
88	| 0.94	| 0.96	| 0.02
89	| 3.01	| 3.08	| 0.06
90	| 6.42	| 6.41	| 0.02
91	| 5.29	| 5.24	| 0.05
92	| 0.52	| 0.48	| 0.04
93	| 4.19	| 4.18	| 0.01
94	| 1.15	| 1.06	| 0.09
95	| 3.62	| 3.55	| 0.07
96	| 5.73	| 5.78	| 0.05
97	| 0.18	| 0.21	| 0.03
98	| 2.17	| 2.20	| 0.03
99	| 3.01	| 3.01	| 0.00
100	| 4.38	| 4.45	| 0.08
101	| 5.01	| 4.93	| 0.07
102	| 1.50	| 1.44	| 0.06
103	| 5.91	| 6.07	| 0.15
104	| 2.71	| 2.60	| 0.11
105	| 1.25	| 1.32	| 0.07
106	| 6.43	| 6.25	| 0.18
107	| 3.92	| 4.12	| 0.20
108	| 4.29	| 4.39	| 0.10
109	| 0.70	| 0.71	| 0.01
110	| 5.97	| 6.15	| 0.18
111	| 0.61	| 0.67	| 0.05
112	| 5.16	| 4.97	| 0.19
113	| 0.93	| 0.93	| 0.00
114	| 5.78	| 5.66	| 0.11
115	| 1.74	| 1.75	| 0.02
116	| 3.96	| 4.00	| 0.04
117	| 0.22	| 0.24	| 0.03
118	| 5.61	| 5.60	| 0.01
119	| 6.36	| 6.17	| 0.19
120	| 2.45	| 2.62	| 0.17
121	| 2.97	| 3.02	| 0.06
122	| 0.41	| 0.40	| 0.01
123	| 3.27	| 3.33	| 0.06
124	| 0.12	| 0.13	| 0.01
125	| 3.14	| 3.21	| 0.07
126	| 2.54	| 2.55	| 0.01
127	| 2.05	| 1.95	| 0.10
128	| 3.08	| 3.15	| 0.06
129	| 0.76	| 0.78	| 0.03
130	| 0.22	| 0.19	| 0.02
131	| 6.37	| 6.42	| 0.04
132	| 0.15	| 0.13	| 0.02
133	| 3.20	| 3.39	| 0.18
134	| 3.55	| 3.49	| 0.06
135	| 3.41	| 3.21	| 0.20
136	| 4.78	| 4.86	| 0.07
137	| 3.18	| 3.19	| 0.01
138	| 5.86	| 5.83	| 0.02
139	| 5.77	| 5.81	| 0.04
140	| 6.33	| 6.29	| 0.04
141	| 5.55	| 5.66	| 0.12
142	| 5.60	| 5.69	| 0.09
143	| 1.42	| 1.46	| 0.05
144	| 4.88	| 4.84	| 0.04
145	| 0.71	| 0.68	| 0.04
146	| 0.66	| 0.70	| 0.04
147	| 2.05	| 2.01	| 0.04
148	| 1.30	| 1.36	| 0.06
149	| 1.30	| 1.39	| 0.09
150	| 3.26	| 3.26	| 0.01
151	| 3.82	| 3.93	| 0.11
152	| 6.02	| 6.12	| 0.10
153	| 2.74	| 2.78	| 0.03
154	| 0.10	| 0.10	| 0.00
155	| 5.94	| 6.13	| 0.18
156	| 5.95	| 6.01	| 0.06
157	| 4.59	| 4.52	| 0.07
158	| 5.88	| 5.89	| 0.01
159	| 1.31	| 1.27	| 0.04
160	| 3.30	| 3.36	| 0.06
161	| 1.91	| 1.86	| 0.04
162	| 0.13	| 0.12	| 0.01
163	| 6.11	| 6.17	| 0.06
164	| 6.32	| 6.19	| 0.12
165	| 3.83	| 3.82	| 0.01
166	| 6.18	| 6.23	| 0.05
167	| 4.00	| 3.92	| 0.08
168	| 4.17	| 4.22	| 0.04
169	| 1.25	| 1.18	| 0.07
170	| 6.24	| 6.25	| 0.01
171	| 0.78	| 0.85	| 0.07
172	| 3.26	| 3.26	| 0.00
173	| 2.37	| 2.31	| 0.06
174	| 3.90	| 3.98	| 0.08
175	| 0.42	| 0.41	| 0.01
176	| 5.22	| 5.36	| 0.13
177	| 1.74	| 1.72	| 0.02
178	| 1.38	| 1.40	| 0.02
179	| 4.88	| 4.95	| 0.06
180	| 0.88	| 0.86	| 0.02
181	| 2.21	| 2.13	| 0.08
182	| 4.21	| 4.18	| 0.02
183	| 0.54	| 0.53	| 0.01
184	| 5.60	| 5.53	| 0.07
185	| 1.17	| 1.21	| 0.04
186	| 2.31	| 2.27	| 0.03
187	| 3.23	| 3.23	| 0.00
188	| 4.33	| 4.31	| 0.02
189	| 0.69	| 0.66	| 0.03
190	| 4.35	| 4.50	| 0.15
191	| 3.02	| 3.00	| 0.02
192	| 0.05	| 0.03	| 0.01
193	| 4.93	| 5.09	| 0.16
194	| 5.02	| 5.12	| 0.10
195	| 1.60	| 1.61	| 0.01
196	| 3.23	| 3.13	| 0.10
197	| 4.28	| 4.38	| 0.09
198	| 0.52	| 0.51	| 0.01
199	| 2.75	| 2.65	| 0.09
200	| 1.24	| 1.32	| 0.08
201	| 3.77	| 3.81	| 0.04
202	| 2.82	| 2.98	| 0.16
203	| 3.60	| 3.74	| 0.13
204	| 3.92	| 4.05	| 0.13
205	| 2.05	| 1.92	| 0.13
206	| 2.51	| 2.50	| 0.01
207	| 1.51	| 1.48	| 0.03
208	| 3.82	| 3.81	| 0.01
209	| 2.96	| 3.08	| 0.11
210	| 5.04	| 5.05	| 0.01
211	| 2.85	| 2.81	| 0.04
212	| 4.95	| 4.90	| 0.05
213	| 3.01	| 3.07	| 0.06
214	| 4.34	| 4.15	| 0.18
215	| 3.05	| 3.11	| 0.05
216	| 5.38	| 5.41	| 0.03
217	| 0.70	| 0.74	| 0.04
218	| 2.65	| 2.65	| 0.01
219	| 3.70	| 3.84	| 0.14
220	| 4.14	| 4.09	| 0.05
221	| 3.98	| 4.07	| 0.10
222	| 0.55	| 0.57	| 0.02
223	| 0.71	| 0.73	| 0.02
224	| 0.97	| 0.93	| 0.04
225	| 6.02	| 5.87	| 0.16
226	| 1.05	| 1.07	| 0.02
227	| 2.56	| 2.55	| 0.01
228	| 1.91	| 1.91	| 0.00
229	| 4.72	| 4.57	| 0.15
230	| 0.27	| 0.27	| 0.00
231	| 3.59	| 3.57	| 0.02
232	| 0.61	| 0.66	| 0.05
233	| 5.56	| 5.70	| 0.14
234	| 0.22	| 0.21	| 0.01
235	| 1.47	| 1.44	| 0.03
236	| 4.63	| 4.64	| 0.01
237	| 0.01	| 0.01	| 0.00
238	| 4.78	| 4.76	| 0.02
239	| 3.35	| 3.34	| 0.02
240	| 6.18	| 6.26	| 0.08
241	| 5.07	| 5.04	| 0.03
242	| 4.00	| 3.88	| 0.12
243	| 5.90	| 5.96	| 0.05
244	| 3.55	| 3.44	| 0.11
245	| 5.93	| 6.08	| 0.15
246	| 0.93	| 0.94	| 0.01
247	| 0.05	| 0.05	| 0.00
248	| 0.09	| 0.10	| 0.01
249	| 2.41	| 2.55	| 0.14
250	| 3.33	| 3.38	| 0.05
251	| 4.46	| 4.33	| 0.13
252	| 1.74	| 1.71	| 0.04
253	| 6.17	| 6.16	| 0.01
254	| 0.88	| 0.83	| 0.04
255	| 0.32	| 0.29	| 0.03
256	| 6.45	| 6.23	| 0.22
257	| 1.62	| 1.54	| 0.08
258	| 0.43	| 0.40	| 0.03
259	| 1.05	| 1.04	| 0.01
260	| 3.16	| 2.98	| 0.18
261	| 3.04	| 3.17	| 0.13
262	| 3.36	| 3.32	| 0.04
263	| 3.27	| 3.40	| 0.13
264	| 6.26	| 6.17	| 0.09
265	| 0.42	| 0.40	| 0.02
266	| 2.71	| 2.65	| 0.06
267	| 0.57	| 0.59	| 0.02
268	| 5.50	| 5.54	| 0.03
269	| 3.44	| 3.51	| 0.08
270	| 3.84	| 3.93	| 0.09
271	| 1.44	| 1.41	| 0.03
272	| 1.50	| 1.51	| 0.01
273	| 5.12	| 5.07	| 0.05
274	| 5.12	| 5.26	| 0.14
275	| 3.54	| 3.52	| 0.02
276	| 6.54	| 6.44	| 0.10
277	| 5.76	| 6.00	| 0.24
278	| 2.76	| 2.72	| 0.04
279	| 5.38	| 5.48	| 0.10
280	| 5.72	| 5.77	| 0.05
281	| 0.83	| 0.92	| 0.09
282	| 6.56	| 6.55	| 0.01
283	| 0.96	| 0.89	| 0.06
284	| 3.60	| 3.51	| 0.09
285	| 1.45	| 1.45	| 0.01
286	| 3.37	| 3.40	| 0.03
287	| 5.11	| 4.91	| 0.20
288	| 2.71	| 2.78	| 0.08
289	| 0.75	| 0.68	| 0.07
290	| 5.03	| 5.04	| 0.01
291	| 4.90	| 4.86	| 0.04
292	| 4.83	| 4.83	| 0.00
293	| 5.02	| 4.93	| 0.09
294	| 1.34	| 1.29	| 0.05
295	| 1.03	| 1.10	| 0.07
296	| 0.58	| 0.51	| 0.07
297	| 3.43	| 3.40	| 0.03
298	| 1.31	| 1.29	| 0.02
299	| 3.99	| 3.90	| 0.10
300	| 5.68	| 5.73	| 0.04
301	| 2.47	| 2.48	| 0.00
302	| 4.27	| 4.40	| 0.14
303	| 6.60	| 6.37	| 0.23
304	| 0.34	| 0.33	| 0.01
305	| 3.57	| 3.59	| 0.02
306	| 1.42	| 1.44	| 0.03
307	| 3.90	| 3.91	| 0.01
308	| 3.76	| 3.91	| 0.15
309	| 4.82	| 4.76	| 0.06
310	| 2.36	| 2.32	| 0.04
311	| 1.87	| 1.78	| 0.09
312	| 4.08	| 4.06	| 0.02
313	| 2.54	| 2.61	| 0.07
314	| 3.84	| 3.88	| 0.04
315	| 1.31	| 1.23	| 0.08
316	| 1.57	| 1.54	| 0.02
317	| 5.06	| 5.10	| 0.05
318	| 0.21	| 0.19	| 0.02
319	| 0.46	| 0.45	| 0.02
320	| 5.13	| 5.17	| 0.04
321	| 1.20	| 1.21	| 0.02
322	| 0.39	| 0.38	| 0.01
323	| 3.11	| 3.13	| 0.02
324	| 5.63	| 5.48	| 0.15
325	| 3.72	| 3.62	| 0.10
326	| 4.37	| 4.39	| 0.02
327	| 2.59	| 2.51	| 0.07
328	| 2.60	| 2.70	| 0.10
329	| 3.71	| 3.80	| 0.09
330	| 2.93	| 2.93	| 0.01
331	| 2.57	| 2.55	| 0.02
332	| 6.41	| 6.26	| 0.15
333	| 1.07	| 1.08	| 0.01
334	| 2.82	| 2.62	| 0.20
335	| 2.85	| 2.81	| 0.04
336	| 3.40	| 3.34	| 0.06
337	| 1.65	| 1.65	| 0.01
338	| 5.27	| 5.33	| 0.06
339	| 0.36	| 0.37	| 0.01
340	| 3.58	| 3.53	| 0.05
341	| 2.71	| 2.69	| 0.02
342	| 0.12	| 0.13	| 0.01
343	| 1.71	| 1.75	| 0.04
344	| 5.82	| 5.55	| 0.27
345	| 4.81	| 4.95	| 0.15
346	| 2.40	| 2.34	| 0.06
347	| 0.97	| 0.97	| 0.00
348	| 0.44	| 0.47	| 0.02
349	| 1.03	| 1.02	| 0.00
350	| 5.89	| 5.98	| 0.09
351	| 3.02	| 3.09	| 0.07
352	| 1.97	| 1.97	| 0.00
353	| 5.37	| 5.21	| 0.16
354	| 3.53	| 3.50	| 0.03
355	| 4.78	| 4.75	| 0.03
356	| 1.11	| 1.08	| 0.03
357	| 6.19	| 6.03	| 0.16
358	| 0.64	| 0.60	| 0.04
359	| 0.66	| 0.63	| 0.03
360	| 3.47	| 3.47	| 0.01
361	| 6.27	| 6.37	| 0.09
362	| 0.98	| 1.03	| 0.06
363	| 5.00	| 5.01	| 0.01
364	| 5.64	| 5.57	| 0.07
365	| 0.58	| 0.62	| 0.04
366	| 2.56	| 2.57	| 0.01
367	| 1.12	| 1.14	| 0.02
368	| 3.62	| 3.66	| 0.04
369	| 2.14	| 2.03	| 0.11
370	| 4.06	| 4.06	| 0.00
371	| 5.46	| 5.32	| 0.14
372	| 0.42	| 0.40	| 0.02
373	| 3.00	| 3.05	| 0.05
374	| 5.95	| 5.91	| 0.03
375	| 3.48	| 3.38	| 0.10
376	| 4.03	| 3.97	| 0.05
377	| 2.72	| 2.88	| 0.16
378	| 5.56	| 5.50	| 0.06
379	| 3.69	| 3.71	| 0.03
380	| 5.19	| 5.31	| 0.12
381	| 0.31	| 0.32	| 0.01
382	| 4.92	| 5.13	| 0.22
383	| 3.79	| 3.91	| 0.13
384	| 6.45	| 6.46	| 0.01
385	| 6.33	| 6.42	| 0.10
386	| 6.32	| 6.35	| 0.03
387	| 5.00	| 4.99	| 0.01
388	| 1.51	| 1.45	| 0.06
389	| 3.24	| 3.28	| 0.05
390	| 0.08	| 0.07	| 0.00
391	| 5.80	| 5.77	| 0.04
392	| 3.24	| 3.20	| 0.04
393	| 1.60	| 1.64	| 0.04
394	| 0.30	| 0.35	| 0.05
395	| 4.54	| 4.58	| 0.04
396	| 3.58	| 3.55	| 0.03
397	| 0.52	| 0.55	| 0.03
398	| 4.90	| 4.87	| 0.02
399	| 5.31	| 5.34	| 0.03
400	| 5.67	| 5.58	| 0.09
401	| 0.19	| 0.21	| 0.02
402	| 4.76	| 4.93	| 0.17
403	| 2.70	| 2.77	| 0.07
404	| 5.27	| 5.30	| 0.02
405	| 3.08	| 3.10	| 0.02
406	| 0.83	| 0.83	| 0.00
407	| 5.15	| 5.14	| 0.01
408	| 1.55	| 1.62	| 0.07
409	| 6.40	| 6.64	| 0.25
410	| 4.08	| 4.14	| 0.06
411	| 4.17	| 4.07	| 0.10
412	| 5.50	| 5.54	| 0.04
413	| 1.93	| 1.96	| 0.03
414	| 3.21	| 3.31	| 0.10
415	| 4.91	| 5.00	| 0.09
416	| 5.18	| 5.37	| 0.19
417	| 5.00	| 4.78	| 0.21
418	| 0.68	| 0.69	| 0.01
419	| 2.17	| 2.10	| 0.07
420	| 6.34	| 6.37	| 0.02
421	| 5.73	| 5.92	| 0.19
422	| 5.31	| 5.22	| 0.09
423	| 4.19	| 4.15	| 0.04
424	| 1.95	| 1.96	| 0.01
425	| 6.64	| 6.44	| 0.20
426	| 3.89	| 3.90	| 0.01
427	| 5.33	| 5.42	| 0.08
428	| 4.57	| 4.61	| 0.04
429	| 2.97	| 2.95	| 0.02
430	| 2.79	| 2.72	| 0.07
431	| 0.49	| 0.43	| 0.07
432	| 1.70	| 1.58	| 0.12
433	| 3.23	| 3.37	| 0.14
434	| 1.00	| 0.94	| 0.06
435	| 2.03	| 1.94	| 0.09
436	| 1.92	| 1.93	| 0.01
437	| 6.55	| 6.51	| 0.04
438	| 3.81	| 3.92	| 0.10
439	| 5.12	| 5.02	| 0.10
440	| 6.32	| 6.39	| 0.07
441	| 4.97	| 4.90	| 0.06
442	| 2.92	| 2.93	| 0.01
443	| 5.97	| 6.13	| 0.16
444	| 1.70	| 1.80	| 0.10
445	| 0.67	| 0.61	| 0.06
446	| 2.20	| 2.17	| 0.03
447	| 4.62	| 4.69	| 0.07
448	| 2.66	| 2.66	| 0.00
449	| 4.37	| 4.33	| 0.04
450	| 4.67	| 4.77	| 0.10
451	| 3.39	| 3.43	| 0.05
452	| 1.53	| 1.41	| 0.12
453	| 4.31	| 4.22	| 0.09
454	| 2.54	| 2.51	| 0.03
455	| 3.56	| 3.38	| 0.19
456	| 1.07	| 1.01	| 0.06
457	| 2.00	| 1.95	| 0.05
458	| 2.77	| 2.84	| 0.07
459	| 5.64	| 5.70	| 0.06
460	| 3.29	| 3.23	| 0.06
461	| 6.00	| 6.09	| 0.09
462	| 2.95	| 2.96	| 0.01
463	| 2.49	| 2.51	| 0.02
464	| 5.49	| 5.59	| 0.10
465	| 4.90	| 4.75	| 0.15
466	| 3.91	| 3.76	| 0.15
467	| 3.93	| 4.05	| 0.11
468	| 6.03	| 6.05	| 0.03
469	| 5.05	| 5.09	| 0.03
470	| 5.51	| 5.30	| 0.21
471	| 1.28	| 1.25	| 0.03
472	| 3.70	| 3.74	| 0.04
473	| 1.97	| 1.95	| 0.02
474	| 1.66	| 1.64	| 0.02
475	| 6.09	| 6.18	| 0.09
476	| 4.68	| 4.88	| 0.20
477	| 3.60	| 3.43	| 0.18
478	| 6.39	| 6.37	| 0.02
479	| 4.39	| 4.20	| 0.19
480	| 5.42	| 5.56	| 0.13
481	| 0.52	| 0.52	| 0.00
482	| 0.52	| 0.51	| 0.01
483	| 3.91	| 3.88	| 0.03
484	| 4.23	| 4.31	| 0.08
485	| 2.75	| 2.75	| 0.00
486	| 2.46	| 2.49	| 0.04
487	| 0.04	| 0.04	| 0.00
488	| 3.24	| 3.33	| 0.09
489	| 3.32	| 3.26	| 0.06
490	| 1.65	| 1.57	| 0.08
491	| 1.47	| 1.47	| 0.01
492	| 2.68	| 2.68	| 0.00
493	| 1.17	| 1.17	| 0.00
494	| 1.10	| 1.06	| 0.04
495	| 5.40	| 5.42	| 0.02
496	| 2.45	| 2.42	| 0.04
497	| 2.24	| 2.32	| 0.08
498	| 3.88	| 3.82	| 0.06
499	| 2.37	| 2.34	| 0.02
500	| 3.81	| 3.87	| 0.06
501	| 2.74	| 2.64	| 0.10
502	| 0.90	| 0.89	| 0.02
503	| 5.76	| 5.62	| 0.14
504	| 5.00	| 4.96	| 0.04
505	| 5.67	| 5.68	| 0.01
506	| 4.30	| 4.25	| 0.04
507	| 2.53	| 2.53	| 0.00
508	| 6.01	| 5.78	| 0.23
509	| 2.01	| 1.98	| 0.03
510	| 4.20	| 4.35	| 0.15
511	| 2.16	| 2.11	| 0.06
512	| 1.82	| 1.73	| 0.09
513	| 5.76	| 5.77	| 0.01
514	| 0.70	| 0.73	| 0.03
515	| 0.28	| 0.28	| 0.00
516	| 0.60	| 0.60	| 0.01
517	| 5.38	| 5.46	| 0.09
518	| 5.53	| 5.70	| 0.17
519	| 2.82	| 2.69	| 0.13
520	| 4.61	| 4.57	| 0.05
521	| 4.51	| 4.66	| 0.14
522	| 3.98	| 4.04	| 0.06
523	| 1.99	| 1.94	| 0.05
524	| 0.38	| 0.39	| 0.01
525	| 0.66	| 0.66	| 0.00
526	| 1.70	| 1.75	| 0.05
527	| 5.50	| 5.35	| 0.15
528	| 1.16	| 1.15	| 0.01
529	| 1.10	| 1.07	| 0.03
530	| 2.32	| 2.39	| 0.07
531	| 1.05	| 0.99	| 0.06
532	| 2.04	| 2.00	| 0.04
533	| 4.42	| 4.44	| 0.02
534	| 4.42	| 4.30	| 0.12
535	| 6.36	| 6.35	| 0.01
536	| 2.15	| 2.17	| 0.02
537	| 1.38	| 1.41	| 0.03
538	| 2.27	| 2.23	| 0.05
539	| 1.09	| 0.99	| 0.10
540	| 4.78	| 4.84	| 0.06
541	| 1.34	| 1.26	| 0.07
542	| 0.32	| 0.34	| 0.02
543	| 2.80	| 2.85	| 0.05
544	| 4.96	| 4.83	| 0.13
545	| 3.34	| 3.38	| 0.04
546	| 5.95	| 6.13	| 0.18
547	| 6.05	| 5.85	| 0.20
548	| 4.55	| 4.55	| 0.01
549	| 5.57	| 5.45	| 0.12
550	| 0.05	| 0.05	| 0.00
551	| 2.80	| 2.77	| 0.02
552	| 6.19	| 6.17	| 0.02
553	| 5.49	| 5.54	| 0.05
554	| 3.05	| 3.05	| 0.00
555	| 0.12	| 0.12	| 0.00
556	| 3.59	| 3.58	| 0.01
557	| 1.61	| 1.60	| 0.01
558	| 2.23	| 2.33	| 0.10
559	| 3.81	| 3.68	| 0.13
560	| 2.79	| 2.76	| 0.03
561	| 5.96	| 6.05	| 0.09
562	| 0.49	| 0.47	| 0.01
563	| 0.50	| 0.52	| 0.02
564	| 2.08	| 2.15	| 0.08
565	| 3.87	| 3.80	| 0.07
566	| 0.09	| 0.07	| 0.01
567	| 3.93	| 4.01	| 0.08
568	| 3.79	| 3.66	| 0.13
569	| 2.57	| 2.60	| 0.02
570	| 2.24	| 2.32	| 0.08
571	| 0.66	| 0.61	| 0.05
572	| 0.66	| 0.65	| 0.01
573	| 3.07	| 3.13	| 0.06
574	| 2.06	| 2.04	| 0.02
575	| 3.49	| 3.45	| 0.04
576	| 6.17	| 6.01	| 0.16
577	| 1.80	| 1.77	| 0.04
578	| 2.22	| 2.18	| 0.04
579	| 3.64	| 3.65	| 0.01
580	| 3.78	| 3.66	| 0.12
581	| 1.69	| 1.64	| 0.05
582	| 3.07	| 3.13	| 0.06
583	| 5.30	| 5.37	| 0.07
584	| 3.83	| 3.81	| 0.02
585	| 5.17	| 5.21	| 0.04
586	| 0.91	| 0.93	| 0.02
587	| 2.89	| 2.81	| 0.08
588	| 3.44	| 3.58	| 0.15
589	| 4.41	| 4.39	| 0.02
590	| 3.45	| 3.45	| 0.00
591	| 2.61	| 2.54	| 0.07
592	| 3.32	| 3.32	| 0.00
593	| 1.74	| 1.77	| 0.03
594	| 0.85	| 0.84	| 0.01
595	| 4.30	| 4.29	| 0.01
596	| 6.17	| 6.16	| 0.01
597	| 5.23	| 5.12	| 0.11
598	| 2.81	| 2.77	| 0.04
599	| 6.48	| 6.34	| 0.14
600	| 0.48	| 0.48	| 0.00
601	| 1.25	| 1.26	| 0.01
602	| 1.88	| 1.77	| 0.10
603	| 3.64	| 3.59	| 0.05
604	| 0.16	| 0.18	| 0.02
605	| 4.60	| 4.61	| 0.01
606	| 5.49	| 5.56	| 0.08
607	| 5.83	| 5.90	| 0.06
608	| 5.13	| 5.12	| 0.01
609	| 3.23	| 3.19	| 0.05
610	| 2.35	| 2.29	| 0.06
611	| 6.02	| 6.02	| 0.01
612	| 0.71	| 0.70	| 0.01
613	| 4.23	| 4.22	| 0.01
614	| 5.07	| 5.09	| 0.02
615	| 2.48	| 2.53	| 0.05
616	| 5.60	| 5.63	| 0.03
617	| 5.96	| 5.93	| 0.03
618	| 3.09	| 3.14	| 0.05
619	| 4.48	| 4.49	| 0.01
620	| 3.25	| 3.07	| 0.18
621	| 4.13	| 3.98	| 0.16
622	| 4.16	| 4.12	| 0.04
623	| 1.50	| 1.44	| 0.06
624	| 0.01	| 0.01	| 0.00
625	| 2.62	| 2.69	| 0.07
626	| 3.35	| 3.29	| 0.06
627	| 0.79	| 0.77	| 0.02
628	| 1.35	| 1.33	| 0.02
629	| 0.62	| 0.58	| 0.04
630	| 2.17	| 2.22	| 0.06
631	| 3.02	| 3.17	| 0.16
632	| 5.09	| 5.17	| 0.08
633	| 4.49	| 4.52	| 0.03
634	| 0.38	| 0.39	| 0.01
635	| 5.36	| 5.31	| 0.04
636	| 4.60	| 4.59	| 0.01
637	| 1.97	| 1.99	| 0.03
638	| 4.78	| 4.79	| 0.01
639	| 3.02	| 2.94	| 0.09
640	| 1.71	| 1.65	| 0.06
641	| 5.99	| 5.82	| 0.17
642	| 5.22	| 5.16	| 0.06
643	| 3.73	| 3.64	| 0.10
644	| 5.86	| 5.81	| 0.05
645	| 6.20	| 6.14	| 0.06
646	| 1.94	| 1.85	| 0.08
647	| 5.36	| 5.63	| 0.27
648	| 4.15	| 4.02	| 0.14
649	| 2.14	| 2.08	| 0.07
650	| 0.78	| 0.78	| 0.00
651	| 5.56	| 5.53	| 0.03
652	| 1.78	| 1.86	| 0.08
653	| 4.58	| 4.52	| 0.06
654	| 4.33	| 4.32	| 0.01
655	| 3.22	| 3.23	| 0.01
656	| 1.04	| 1.02	| 0.02
657	| 2.14	| 2.26	| 0.12
658	| 4.94	| 4.92	| 0.02
659	| 5.18	| 5.00	| 0.19
660	| 1.42	| 1.43	| 0.00
661	| 1.26	| 1.28	| 0.02
662	| 4.04	| 4.03	| 0.01
663	| 1.84	| 1.87	| 0.02
664	| 5.79	| 5.67	| 0.12
665	| 4.74	| 4.76	| 0.02
666	| 6.25	| 6.10	| 0.15
667	| 6.37	| 6.34	| 0.03
668	| 1.42	| 1.41	| 0.00
669	| 2.91	| 2.92	| 0.01
670	| 0.44	| 0.43	| 0.02
671	| 0.59	| 0.59	| 0.00
672	| 5.63	| 5.77	| 0.14
673	| 2.98	| 2.95	| 0.03
674	| 5.45	| 5.37	| 0.07
675	| 3.05	| 3.00	| 0.04
676	| 0.29	| 0.30	| 0.01
677	| 3.50	| 3.34	| 0.16
678	| 2.27	| 2.23	| 0.04
679	| 3.89	| 3.85	| 0.04
680	| 1.78	| 1.81	| 0.03
681	| 4.23	| 4.19	| 0.03
682	| 2.33	| 2.37	| 0.04
683	| 4.87	| 4.77	| 0.11
684	| 4.96	| 5.03	| 0.06
685	| 2.16	| 2.18	| 0.02
686	| 3.61	| 3.61	| 0.00
687	| 2.95	| 2.93	| 0.02
688	| 2.65	| 2.62	| 0.03
689	| 1.32	| 1.33	| 0.01
690	| 5.54	| 5.53	| 0.00
691	| 1.70	| 1.65	| 0.05
692	| 5.34	| 5.44	| 0.10
693	| 3.77	| 3.79	| 0.02
694	| 3.65	| 3.64	| 0.00
695	| 5.01	| 5.06	| 0.05
696	| 6.03	| 5.98	| 0.05
697	| 4.87	| 4.90	| 0.03
698	| 5.85	| 6.05	| 0.20
699	| 1.56	| 1.45	| 0.11
700	| 2.07	| 2.03	| 0.04
701	| 5.94	| 5.60	| 0.33
702	| 1.61	| 1.62	| 0.01
703	| 3.18	| 3.19	| 0.00
704	| 5.54	| 5.52	| 0.01
705	| 2.35	| 2.30	| 0.05
706	| 1.20	| 1.24	| 0.03
707	| 5.32	| 5.41	| 0.09
708	| 0.30	| 0.30	| 0.00
709	| 3.22	| 3.20	| 0.02
710	| 6.27	| 6.37	| 0.10
711	| 4.80	| 4.85	| 0.06
712	| 0.65	| 0.67	| 0.02
713	| 6.35	| 6.48	| 0.14
714	| 0.06	| 0.04	| 0.01
715	| 2.66	| 2.66	| 0.00
716	| 4.76	| 4.92	| 0.16
717	| 5.14	| 5.35	| 0.21
718	| 3.70	| 3.68	| 0.03
719	| 4.38	| 4.42	| 0.04
720	| 5.52	| 5.55	| 0.03
721	| 0.26	| 0.29	| 0.03
722	| 4.68	| 4.80	| 0.12
723	| 0.44	| 0.50	| 0.06
724	| 3.10	| 3.13	| 0.02
725	| 0.78	| 0.80	| 0.02
726	| 5.06	| 5.14	| 0.08
727	| 3.82	| 3.77	| 0.05
728	| 4.60	| 4.50	| 0.10
729	| 2.88	| 2.88	| 0.00
730	| 2.77	| 2.66	| 0.11
731	| 3.90	| 3.89	| 0.01
732	| 2.47	| 2.47	| 0.00
733	| 5.85	| 5.68	| 0.17
734	| 3.98	| 3.96	| 0.02
735	| 1.61	| 1.62	| 0.01
736	| 6.22	| 6.13	| 0.09
737	| 3.17	| 3.14	| 0.02
738	| 0.56	| 0.51	| 0.05
739	| 5.64	| 5.51	| 0.13
740	| 5.09	| 5.00	| 0.09
741	| 4.78	| 4.76	| 0.01
742	| 1.88	| 1.84	| 0.04
743	| 0.72	| 0.75	| 0.03
744	| 2.42	| 2.48	| 0.06
745	| 2.39	| 2.32	| 0.07
746	| 0.72	| 0.75	| 0.03
747	| 5.40	| 5.39	| 0.02
748	| 2.04	| 2.17	| 0.13
749	| 1.27	| 1.29	| 0.02
750	| 4.73	| 4.75	| 0.02
751	| 4.73	| 4.75	| 0.02
752	| 6.08	| 6.00	| 0.08
753	| 1.64	| 1.61	| 0.03
754	| 4.25	| 4.27	| 0.02
755	| 3.18	| 3.18	| 0.00
756	| 4.10	| 3.93	| 0.17
757	| 4.23	| 4.24	| 0.01
758	| 2.18	| 2.10	| 0.08
759	| 0.46	| 0.42	| 0.04
760	| 2.64	| 2.67	| 0.03
761	| 2.31	| 2.35	| 0.04
762	| 4.48	| 4.41	| 0.07
763	| 6.49	| 6.47	| 0.02
764	| 5.96	| 5.88	| 0.08
765	| 4.36	| 4.36	| 0.00
766	| 5.80	| 5.81	| 0.01
767	| 6.16	| 6.27	| 0.10
768	| 5.22	| 5.25	| 0.03
769	| 2.31	| 2.30	| 0.01
770	| 3.20	| 3.26	| 0.06
771	| 1.74	| 1.87	| 0.13
772	| 3.65	| 3.61	| 0.04
773	| 5.39	| 5.45	| 0.06
774	| 1.57	| 1.55	| 0.02
775	| 5.18	| 5.24	| 0.05
776	| 0.36	| 0.33	| 0.03
777	| 5.93	| 5.85	| 0.08
778	| 1.35	| 1.37	| 0.02
779	| 5.85	| 5.66	| 0.19
780	| 0.40	| 0.40	| 0.01
781	| 6.51	| 6.39	| 0.12
782	| 3.15	| 3.20	| 0.05
783	| 4.87	| 4.76	| 0.10
784	| 6.35	| 6.44	| 0.10
785	| 3.65	| 3.56	| 0.09
786	| 5.81	| 5.97	| 0.16
787	| 1.24	| 1.23	| 0.01
788	| 1.96	| 1.98	| 0.03
789	| 5.13	| 5.10	| 0.03
790	| 6.30	| 6.48	| 0.18
791	| 3.19	| 3.28	| 0.08
792	| 4.81	| 4.91	| 0.10
793	| 0.08	| 0.10	| 0.03
794	| 3.38	| 3.30	| 0.08
795	| 3.59	| 3.52	| 0.07
796	| 2.90	| 2.98	| 0.08
797	| 4.26	| 4.19	| 0.07
798	| 0.24	| 0.21	| 0.03
799	| 3.04	| 3.00	| 0.04
800	| 4.35	| 4.32	| 0.03
801	| 1.31	| 1.38	| 0.07
802	| 2.19	| 2.11	| 0.08
803	| 6.49	| 6.34	| 0.15
804	| 2.98	| 2.94	| 0.04
805	| 2.36	| 2.36	| 0.00
806	| 0.91	| 0.87	| 0.04
807	| 0.91	| 0.94	| 0.04
808	| 5.92	| 5.88	| 0.05
809	| 0.52	| 0.55	| 0.03
810	| 2.03	| 1.96	| 0.06
811	| 0.97	| 0.92	| 0.05
812	| 1.56	| 1.59	| 0.03
813	| 3.31	| 3.38	| 0.06
814	| 5.66	| 5.64	| 0.01
815	| 3.50	| 3.52	| 0.01
816	| 6.08	| 6.20	| 0.11
817	| 0.03	| 0.03	| 0.00
818	| 3.14	| 2.94	| 0.21
819	| 4.30	| 4.25	| 0.05
820	| 0.95	| 0.96	| 0.01
821	| 6.23	| 6.25	| 0.02
822	| 5.64	| 5.53	| 0.11
823	| 4.82	| 4.79	| 0.03
824	| 6.46	| 6.51	| 0.05
825	| 5.02	| 4.92	| 0.10
826	| 1.42	| 1.45	| 0.03
827	| 5.91	| 5.90	| 0.01
828	| 1.12	| 1.08	| 0.04
829	| 1.30	| 1.30	| 0.00
830	| 2.16	| 2.13	| 0.02
831	| 3.12	| 3.04	| 0.08
832	| 1.28	| 1.37	| 0.09
833	| 5.03	| 4.87	| 0.16
834	| 4.23	| 4.13	| 0.09
835	| 2.42	| 2.43	| 0.01
836	| 3.24	| 3.45	| 0.21
837	| 5.44	| 5.43	| 0.00
838	| 4.92	| 4.93	| 0.01
839	| 3.86	| 3.77	| 0.09
840	| 4.14	| 4.07	| 0.08
841	| 4.80	| 4.82	| 0.03
842	| 2.44	| 2.48	| 0.04
843	| 4.41	| 4.35	| 0.06
844	| 4.60	| 4.63	| 0.02
845	| 3.21	| 3.14	| 0.06
846	| 3.21	| 3.19	| 0.02
847	| 0.62	| 0.65	| 0.03
848	| 6.13	| 6.17	| 0.04
849	| 3.33	| 3.31	| 0.02
850	| 5.97	| 6.05	| 0.08
851	| 4.76	| 4.71	| 0.06
852	| 1.45	| 1.55	| 0.10
853	| 5.07	| 5.10	| 0.03
854	| 1.48	| 1.49	| 0.01
855	| 0.08	| 0.08	| 0.00
856	| 3.20	| 3.23	| 0.03
857	| 1.52	| 1.48	| 0.04
858	| 3.40	| 3.33	| 0.06
859	| 5.09	| 5.07	| 0.02
860	| 0.50	| 0.50	| 0.00
861	| 1.87	| 1.86	| 0.01
862	| 3.62	| 3.67	| 0.05
863	| 2.23	| 2.13	| 0.10
864	| 5.56	| 5.47	| 0.09
865	| 5.46	| 5.37	| 0.10
866	| 0.10	| 0.10	| 0.00
867	| 5.72	| 5.57	| 0.15
868	| 1.62	| 1.62	| 0.00
869	| 6.61	| 6.54	| 0.07
870	| 4.23	| 4.18	| 0.05
871	| 2.18	| 2.12	| 0.06
872	| 5.39	| 5.29	| 0.10
873	| 5.54	| 5.52	| 0.02
874	| 1.79	| 1.75	| 0.03
875	| 2.20	| 2.24	| 0.04
876	| 4.19	| 4.20	| 0.01
877	| 4.71	| 4.68	| 0.03
878	| 5.28	| 5.42	| 0.14
879	| 3.60	| 3.57	| 0.04
880	| 0.50	| 0.46	| 0.04
881	| 2.00	| 1.97	| 0.03
882	| 6.08	| 6.05	| 0.03
883	| 0.01	| 0.01	| 0.00
884	| 2.31	| 2.29	| 0.02
885	| 5.66	| 5.71	| 0.05
886	| 1.14	| 1.16	| 0.02
887	| 6.50	| 6.55	| 0.05
888	| 6.46	| 6.59	| 0.13
889	| 4.72	| 4.62	| 0.09
890	| 6.01	| 6.13	| 0.13
891	| 3.15	| 3.12	| 0.03
892	| 4.83	| 4.84	| 0.01
893	| 2.87	| 2.99	| 0.12
894	| 0.97	| 0.97	| 0.00
895	| 1.93	| 2.06	| 0.13
896	| 3.72	| 3.71	| 0.00
897	| 2.43	| 2.53	| 0.10
898	| 1.30	| 1.34	| 0.04
899	| 5.35	| 5.14	| 0.21
900	| 3.01	| 3.03	| 0.01
901	| 6.65	| 6.47	| 0.18
902	| 2.52	| 2.55	| 0.03
903	| 3.14	| 3.28	| 0.13
904	| 2.41	| 2.32	| 0.08
905	| 5.91	| 5.72	| 0.20
906	| 4.32	| 4.24	| 0.08
907	| 1.03	| 1.03	| 0.00
908	| 5.51	| 5.35	| 0.16
909	| 0.98	| 0.89	| 0.09
910	| 4.94	| 4.78	| 0.16
911	| 3.14	| 3.24	| 0.10
912	| 4.47	| 4.64	| 0.18
913	| 5.89	| 5.97	| 0.08
914	| 3.82	| 3.83	| 0.01
915	| 2.13	| 2.11	| 0.02
916	| 5.53	| 5.48	| 0.05
917	| 6.00	| 5.96	| 0.04
918	| 4.58	| 4.57	| 0.01
919	| 1.39	| 1.33	| 0.06
920	| 4.84	| 5.02	| 0.18
921	| 4.00	| 4.04	| 0.03
922	| 3.50	| 3.50	| 0.00
923	| 4.93	| 5.06	| 0.13
924	| 0.03	| 0.03	| 0.01
925	| 5.11	| 5.02	| 0.09
926	| 4.81	| 4.82	| 0.01
927	| 4.02	| 4.08	| 0.06
928	| 6.22	| 6.04	| 0.18
929	| 2.13	| 2.08	| 0.05
930	| 5.28	| 5.28	| 0.00
931	| 0.04	| 0.04	| 0.00
932	| 1.82	| 1.87	| 0.05
933	| 3.87	| 3.83	| 0.03
934	| 2.17	| 2.17	| 0.00
935	| 0.38	| 0.38	| 0.01
936	| 4.79	| 4.78	| 0.01
937	| 5.19	| 4.89	| 0.29
938	| 4.70	| 4.74	| 0.04
939	| 4.90	| 4.81	| 0.09
940	| 6.26	| 6.23	| 0.03
941	| 5.49	| 5.16	| 0.32
942	| 0.64	| 0.60	| 0.03
943	| 2.59	| 2.52	| 0.07
944	| 5.78	| 5.79	| 0.01
945	| 6.27	| 6.27	| 0.00
946	| 4.46	| 4.23	| 0.22
947	| 3.60	| 3.72	| 0.12
948	| 5.72	| 5.76	| 0.03
949	| 3.45	| 3.39	| 0.05
950	| 2.37	| 2.36	| 0.01
951	| 4.42	| 4.52	| 0.10
952	| 2.11	| 2.04	| 0.08
953	| 5.00	| 4.96	| 0.05
954	| 2.71	| 2.77	| 0.06
955	| 6.23	| 6.32	| 0.08
956	| 0.31	| 0.34	| 0.03
957	| 2.25	| 2.29	| 0.04
958	| 1.10	| 1.09	| 0.01
959	| 6.31	| 6.43	| 0.12
960	| 4.24	| 4.22	| 0.03
961	| 0.61	| 0.65	| 0.03
962	| 6.27	| 6.26	| 0.01
963	| 5.50	| 5.63	| 0.13
964	| 3.49	| 3.35	| 0.13
965	| 4.70	| 4.61	| 0.09
966	| 3.26	| 3.28	| 0.02
967	| 4.39	| 4.46	| 0.08
968	| 4.65	| 4.53	| 0.11
969	| 0.47	| 0.48	| 0.02
970	| 5.58	| 5.41	| 0.17
971	| 3.02	| 2.95	| 0.07
972	| 6.00	| 6.07	| 0.06
973	| 0.67	| 0.67	| 0.00
974	| 1.79	| 1.91	| 0.12
975	| 4.21	| 4.43	| 0.22
976	| 3.55	| 3.57	| 0.02
977	| 2.27	| 2.29	| 0.01
978	| 4.57	| 4.58	| 0.01
979	| 2.07	| 2.07	| 0.00
980	| 4.58	| 4.62	| 0.04
981	| 2.57	| 2.63	| 0.07
982	| 4.58	| 4.55	| 0.02
983	| 0.14	| 0.13	| 0.01
984	| 6.05	| 5.89	| 0.16
985	| 3.38	| 3.36	| 0.01
986	| 0.73	| 0.73	| 0.00
987	| 4.99	| 5.01	| 0.02
988	| 2.25	| 2.23	| 0.02
989	| 2.06	| 2.02	| 0.05
990	| 2.87	| 2.92	| 0.04
991	| 4.65	| 4.62	| 0.03
992	| 4.74	| 4.61	| 0.13
993	| 5.15	| 5.24	| 0.08
994	| 5.69	| 5.61	| 0.07
995	| 2.23	| 2.25	| 0.02
996	| 2.87	| 2.79	| 0.08
997	| 5.68	| 5.69	| 0.01
998	| 4.86	| 4.95	| 0.09
999	| 2.55	| 2.54	| 0.00
1000	| 0.17	| 0.18	| 0.01
1001	| 2.34	| 2.21	| 0.13
1002	| 4.51	| 4.54	| 0.03
1003	| 5.17	| 5.23	| 0.06
1004	| 0.47	| 0.47	| 0.01
1005	| 4.13	| 4.01	| 0.13
1006	| 4.42	| 4.33	| 0.08
1007	| 2.04	| 2.00	| 0.04
1008	| 0.71	| 0.76	| 0.05
1009	| 4.87	| 4.86	| 0.01
1010	| 1.82	| 1.81	| 0.01
1011	| 5.54	| 5.40	| 0.14
1012	| 2.86	| 2.67	| 0.19
1013	| 2.86	| 2.80	| 0.06
1014	| 0.38	| 0.38	| 0.00
1015	| 0.17	| 0.17	| 0.01
1016	| 1.65	| 1.65	| 0.00
1017	| 6.25	| 6.36	| 0.11
1018	| 3.14	| 3.04	| 0.09
1019	| 4.02	| 4.10	| 0.08
1020	| 0.60	| 0.60	| 0.00
1021	| 3.23	| 3.26	| 0.02
1022	| 6.02	| 5.85	| 0.16
1023	| 4.88	| 4.95	| 0.07
1024	| 5.48	| 5.60	| 0.12
1025	| 2.69	| 2.71	| 0.02
1026	| 1.94	| 1.89	| 0.05
1027	| 2.51	| 2.48	| 0.03
1028	| 0.41	| 0.39	| 0.02
1029	| 4.47	| 4.55	| 0.08
1030	| 5.22	| 5.24	| 0.02
1031	| 3.69	| 3.66	| 0.03
1032	| 2.25	| 2.22	| 0.03
1033	| 5.62	| 5.63	| 0.01
1034	| 3.02	| 2.97	| 0.05
1035	| 3.67	| 3.59	| 0.08
1036	| 2.14	| 2.12	| 0.02
1037	| 2.82	| 2.80	| 0.02
1038	| 2.93	| 3.00	| 0.07
1039	| 4.68	| 4.68	| 0.00
1040	| 3.84	| 3.78	| 0.05
1041	| 0.21	| 0.21	| 0.00
1042	| 0.57	| 0.64	| 0.06
1043	| 1.15	| 1.11	| 0.04
1044	| 3.45	| 3.57	| 0.13
1045	| 4.67	| 4.70	| 0.03
1046	| 0.15	| 0.15	| 0.01
1047	| 0.36	| 0.37	| 0.01
1048	| 3.96	| 4.05	| 0.08
1049	| 3.24	| 3.31	| 0.07
1050	| 1.30	| 1.29	| 0.01
1051	| 6.26	| 6.29	| 0.02
1052	| 4.10	| 4.10	| 0.00
1053	| 0.63	| 0.60	| 0.03
1054	| 1.67	| 1.73	| 0.06
1055	| 6.10	| 6.19	| 0.09
1056	| 0.36	| 0.32	| 0.04
1057	| 1.45	| 1.51	| 0.06
1058	| 3.50	| 3.47	| 0.03
1059	| 1.90	| 1.95	| 0.05
1060	| 5.88	| 5.85	| 0.03
1061	| 4.98	| 5.04	| 0.06
1062	| 0.66	| 0.60	| 0.06
1063	| 2.58	| 2.70	| 0.12
1064	| 6.36	| 6.22	| 0.14
1065	| 2.64	| 2.57	| 0.07
1066	| 3.39	| 3.29	| 0.10
1067	| 4.80	| 4.83	| 0.03
1068	| 2.28	| 2.31	| 0.03
1069	| 4.61	| 4.59	| 0.02
1070	| 0.85	| 0.90	| 0.05
1071	| 1.37	| 1.33	| 0.04
1072	| 5.13	| 5.16	| 0.03
1073	| 0.78	| 0.78	| 0.00
1074	| 3.90	| 3.88	| 0.01
1075	| 5.72	| 5.66	| 0.07
1076	| 1.21	| 1.21	| 0.01
1077	| 5.66	| 5.59	| 0.07
1078	| 0.21	| 0.20	| 0.01
1079	| 4.06	| 4.23	| 0.17
1080	| 1.73	| 1.77	| 0.04
1081	| 3.74	| 3.76	| 0.02
1082	| 1.25	| 1.25	| 0.01
1083	| 3.55	| 3.52	| 0.04
1084	| 3.70	| 3.63	| 0.07
1085	| 0.97	| 0.96	| 0.02
1086	| 4.85	| 4.81	| 0.04
1087	| 0.35	| 0.32	| 0.03
1088	| 4.66	| 4.65	| 0.02
1089	| 3.09	| 3.01	| 0.08
1090	| 2.12	| 2.04	| 0.08
1091	| 5.13	| 5.16	| 0.02
1092	| 4.53	| 4.33	| 0.20
1093	| 3.32	| 3.37	| 0.05
1094	| 5.91	| 5.89	| 0.01
1095	| 2.46	| 2.54	| 0.08
1096	| 6.11	| 6.03	| 0.08
1097	| 0.30	| 0.32	| 0.02
1098	| 5.60	| 5.56	| 0.04
1099	| 2.86	| 2.76	| 0.10
1100	| 5.44	| 5.54	| 0.10
1101	| 4.87	| 4.86	| 0.01
1102	| 0.55	| 0.53	| 0.02
1103	| 5.78	| 5.91	| 0.13
1104	| 2.19	| 2.24	| 0.06
1105	| 1.23	| 1.20	| 0.03
1106	| 1.33	| 1.31	| 0.03
1107	| 0.67	| 0.71	| 0.04
1108	| 5.13	| 5.03	| 0.10
1109	| 5.41	| 5.44	| 0.03
1110	| 1.24	| 1.25	| 0.01
1111	| 5.35	| 5.43	| 0.08
1112	| 2.91	| 2.86	| 0.05
1113	| 2.27	| 2.16	| 0.12
1114	| 5.34	| 5.37	| 0.03
1115	| 4.71	| 4.63	| 0.08
1116	| 3.94	| 3.88	| 0.06
1117	| 4.79	| 5.02	| 0.23
1118	| 4.68	| 4.66	| 0.03
1119	| 1.50	| 1.51	| 0.01
1120	| 5.37	| 5.48	| 0.11
1121	| 3.12	| 3.15	| 0.03
1122	| 6.49	| 6.47	| 0.02
1123	| 5.14	| 5.10	| 0.04
1124	| 1.21	| 1.23	| 0.02
1125	| 2.54	| 2.73	| 0.19
1126	| 1.04	| 1.04	| 0.00
1127	| 6.07	| 6.20	| 0.13
1128	| 1.30	| 1.26	| 0.04
1129	| 2.79	| 2.78	| 0.02
1130	| 5.80	| 5.85	| 0.05
1131	| 2.19	| 2.21	| 0.03
1132	| 5.04	| 5.01	| 0.04
1133	| 4.78	| 4.81	| 0.03
1134	| 2.67	| 2.67	| 0.01
1135	| 5.25	| 5.14	| 0.10
1136	| 1.30	| 1.26	| 0.03
1137	| 0.63	| 0.64	| 0.01
1138	| 3.97	| 4.10	| 0.13
1139	| 2.91	| 2.84	| 0.07
1140	| 2.33	| 2.39	| 0.06
1141	| 2.77	| 2.80	| 0.03
1142	| 1.90	| 1.99	| 0.09
1143	| 4.34	| 4.46	| 0.12
1144	| 4.11	| 4.25	| 0.14
1145	| 2.31	| 2.31	| 0.00
1146	| 3.63	| 3.73	| 0.11
1147	| 4.28	| 4.37	| 0.09
1148	| 1.51	| 1.50	| 0.00
1149	| 5.93	| 6.02	| 0.08
1150	| 0.24	| 0.22	| 0.02
1151	| 1.77	| 1.69	| 0.07
1152	| 6.27	| 6.04	| 0.23
1153	| 0.88	| 0.87	| 0.01
1154	| 0.75	| 0.82	| 0.06
1155	| 6.60	| 6.50	| 0.10
1156	| 1.43	| 1.41	| 0.02
1157	| 5.83	| 5.73	| 0.11
1158	| 3.50	| 3.54	| 0.04
1159	| 0.07	| 0.07	| 0.00
1160	| 4.02	| 3.89	| 0.13
1161	| 3.60	| 3.60	| 0.01
1162	| 1.84	| 1.75	| 0.08
1163	| 0.64	| 0.61	| 0.03
1164	| 0.72	| 0.68	| 0.04
1165	| 4.98	| 5.14	| 0.16
1166	| 2.31	| 2.26	| 0.06
1167	| 1.49	| 1.51	| 0.02
1168	| 2.76	| 2.72	| 0.04
1169	| 4.87	| 4.88	| 0.01
1170	| 3.80	| 3.84	| 0.04
1171	| 6.08	| 6.19	| 0.11
1172	| 6.01	| 5.83	| 0.17
1173	| 5.57	| 5.73	| 0.16
1174	| 3.35	| 3.45	| 0.11
1175	| 5.06	| 5.11	| 0.05
1176	| 5.25	| 5.28	| 0.03
1177	| 6.64	| 6.46	| 0.18
1178	| 0.40	| 0.37	| 0.03
1179	| 2.60	| 2.56	| 0.04
1180	| 3.48	| 3.44	| 0.04
1181	| 5.87	| 5.87	| 0.00
1182	| 4.68	| 4.49	| 0.18
1183	| 6.09	| 6.18	| 0.09
1184	| 6.22	| 6.19	| 0.03
1185	| 3.72	| 3.72	| 0.00
1186	| 2.26	| 2.24	| 0.02
1187	| 1.95	| 1.97	| 0.02
1188	| 4.35	| 4.42	| 0.07
1189	| 6.41	| 6.46	| 0.05
1190	| 0.20	| 0.19	| 0.01
1191	| 4.57	| 4.54	| 0.02
1192	| 2.93	| 2.89	| 0.04
1193	| 4.00	| 4.02	| 0.02
1194	| 4.94	| 4.88	| 0.06
1195	| 1.59	| 1.59	| 0.01
1196	| 2.34	| 2.39	| 0.05
1197	| 6.65	| 6.55	| 0.10
1198	| 6.29	| 6.32	| 0.03
1199	| 2.01	| 2.01	| 0.00
1200	| 6.06	| 6.20	| 0.14
1201	| 5.59	| 5.47	| 0.13
1202	| 4.43	| 4.41	| 0.02
1203	| 2.18	| 2.15	| 0.03
1204	| 2.93	| 2.90	| 0.02
1205	| 2.71	| 2.65	| 0.06
1206	| 0.71	| 0.73	| 0.02
1207	| 0.99	| 0.95	| 0.04
1208	| 3.73	| 3.80	| 0.07
1209	| 5.62	| 5.43	| 0.19
1210	| 4.81	| 4.84	| 0.03
1211	| 3.05	| 3.09	| 0.03
1212	| 5.89	| 5.79	| 0.10
1213	| 5.43	| 5.42	| 0.01
1214	| 4.69	| 4.61	| 0.08
1215	| 4.43	| 4.41	| 0.02
1216	| 1.05	| 0.98	| 0.07
1217	| 0.61	| 0.57	| 0.04
1218	| 1.40	| 1.34	| 0.05
1219	| 2.97	| 2.97	| 0.01
1220	| 3.90	| 3.95	| 0.05
1221	| 5.17	| 5.21	| 0.04
1222	| 5.10	| 5.16	| 0.06
1223	| 4.52	| 4.60	| 0.08
1224	| 4.76	| 4.71	| 0.04
1225	| 3.58	| 3.66	| 0.07
1226	| 2.32	| 2.26	| 0.06
1227	| 0.48	| 0.49	| 0.01
1228	| 4.95	| 5.19	| 0.24
1229	| 0.59	| 0.63	| 0.04
1230	| 1.81	| 1.84	| 0.03
1231	| 3.38	| 3.31	| 0.07
1232	| 0.17	| 0.15	| 0.01
1233	| 0.61	| 0.62	| 0.01
1234	| 1.93	| 1.90	| 0.03
1235	| 2.79	| 2.74	| 0.04
1236	| 0.89	| 0.86	| 0.03
1237	| 5.58	| 5.63	| 0.05
1238	| 5.49	| 5.41	| 0.08
1239	| 5.18	| 5.20	| 0.01
1240	| 5.63	| 5.74	| 0.10
1241	| 1.34	| 1.34	| 0.00
1242	| 5.42	| 5.55	| 0.13
1243	| 5.31	| 5.16	| 0.15
1244	| 2.78	| 2.70	| 0.08
1245	| 4.79	| 4.92	| 0.12
1246	| 2.66	| 2.64	| 0.01
1247	| 1.49	| 1.56	| 0.07
1248	| 5.60	| 5.69	| 0.09
1249	| 3.31	| 3.47	| 0.16
1250	| 0.64	| 0.62	| 0.02
1251	| 5.96	| 5.99	| 0.03
1252	| 1.07	| 1.05	| 0.03
1253	| 3.06	| 3.03	| 0.03
1254	| 6.19	| 6.23	| 0.04
1255	| 3.16	| 3.23	| 0.07
1256	| 5.85	| 5.81	| 0.04
1257	| 3.05	| 3.02	| 0.03
1258	| 3.76	| 3.88	| 0.12
1259	| 4.73	| 4.69	| 0.05
1260	| 3.72	| 3.65	| 0.06
1261	| 3.31	| 3.24	| 0.07
1262	| 5.88	| 5.74	| 0.14
1263	| 0.48	| 0.47	| 0.01
1264	| 3.27	| 3.24	| 0.03
1265	| 4.91	| 4.96	| 0.05
1266	| 6.02	| 5.89	| 0.13
1267	| 5.66	| 5.57	| 0.10
1268	| 0.62	| 0.68	| 0.06
1269	| 3.73	| 3.66	| 0.07
1270	| 3.19	| 3.20	| 0.00
1271	| 4.33	| 4.32	| 0.01
1272	| 5.18	| 5.27	| 0.08
1273	| 3.64	| 3.58	| 0.05
1274	| 3.68	| 3.64	| 0.04
1275	| 5.95	| 5.79	| 0.17
1276	| 5.85	| 5.94	| 0.09
1277	| 2.18	| 2.07	| 0.11
1278	| 2.95	| 2.92	| 0.03
1279	| 5.98	| 6.14	| 0.17
1280	| 5.06	| 4.97	| 0.08
1281	| 1.33	| 1.26	| 0.07
1282	| 5.70	| 5.64	| 0.05
1283	| 3.82	| 3.91	| 0.09
1284	| 5.53	| 5.40	| 0.12
1285	| 3.05	| 2.91	| 0.14
1286	| 3.67	| 3.59	| 0.08
1287	| 2.24	| 2.24	| 0.00
1288	| 1.97	| 2.02	| 0.04
1289	| 0.50	| 0.45	| 0.04
1290	| 4.63	| 4.77	| 0.14
1291	| 1.83	| 1.83	| 0.01
1292	| 4.54	| 4.63	| 0.09
1293	| 2.08	| 2.04	| 0.04
1294	| 6.19	| 6.12	| 0.06
1295	| 1.27	| 1.30	| 0.03
1296	| 4.95	| 4.85	| 0.10
1297	| 2.77	| 2.75	| 0.02
1298	| 0.44	| 0.46	| 0.02
1299	| 2.24	| 2.26	| 0.02
1300	| 6.22	| 6.00	| 0.22
1301	| 4.50	| 4.42	| 0.07
1302	| 4.04	| 3.94	| 0.10
1303	| 3.21	| 3.30	| 0.10
1304	| 0.33	| 0.38	| 0.04
1305	| 2.20	| 2.24	| 0.04
1306	| 5.41	| 5.50	| 0.09
1307	| 4.55	| 4.53	| 0.02
1308	| 4.52	| 4.44	| 0.08
1309	| 0.86	| 0.80	| 0.06
1310	| 4.89	| 4.96	| 0.07
1311	| 0.54	| 0.58	| 0.04
1312	| 5.10	| 5.26	| 0.16
1313	| 6.31	| 6.29	| 0.02
1314	| 2.95	| 2.83	| 0.12
1315	| 6.55	| 6.46	| 0.09
1316	| 0.97	| 1.00	| 0.04
1317	| 3.91	| 3.85	| 0.06
1318	| 4.61	| 4.61	| 0.00
1319	| 1.22	| 1.23	| 0.00
1320	| 4.27	| 4.42	| 0.15
1321	| 3.66	| 3.49	| 0.17
1322	| 2.24	| 2.30	| 0.06
1323	| 1.67	| 1.64	| 0.03
1324	| 3.40	| 3.29	| 0.11
1325	| 0.51	| 0.56	| 0.05
1326	| 5.00	| 5.06	| 0.06
1327	| 5.17	| 5.03	| 0.14
1328	| 1.85	| 1.84	| 0.00
1329	| 0.57	| 0.55	| 0.02
1330	| 5.84	| 5.90	| 0.05
1331	| 4.74	| 4.87	| 0.13
1332	| 3.79	| 3.74	| 0.05
1333	| 1.25	| 1.21	| 0.04
1334	| 1.00	| 0.96	| 0.04
1335	| 3.56	| 3.67	| 0.10
1336	| 4.43	| 4.43	| 0.01
1337	| 2.42	| 2.41	| 0.01
1338	| 1.31	| 1.25	| 0.06
1339	| 3.91	| 3.94	| 0.03
1340	| 1.90	| 1.87	| 0.03
1341	| 4.80	| 4.95	| 0.15
1342	| 3.81	| 3.93	| 0.13
1343	| 3.76	| 3.77	| 0.01
1344	| 3.83	| 3.90	| 0.07
1345	| 3.79	| 3.80	| 0.01
1346	| 2.76	| 2.83	| 0.08
1347	| 6.24	| 6.11	| 0.13
1348	| 4.32	| 4.36	| 0.03
1349	| 0.69	| 0.70	| 0.01
1350	| 6.09	| 5.93	| 0.16
1351	| 5.57	| 5.74	| 0.17
1352	| 0.88	| 0.84	| 0.04
1353	| 1.68	| 1.76	| 0.08
1354	| 3.88	| 3.94	| 0.06
1355	| 2.73	| 2.74	| 0.02
1356	| 5.46	| 5.49	| 0.02
1357	| 2.83	| 2.78	| 0.05
1358	| 3.28	| 3.36	| 0.08
1359	| 5.67	| 5.66	| 0.01
1360	| 5.75	| 5.59	| 0.16
1361	| 1.57	| 1.56	| 0.01
1362	| 0.58	| 0.64	| 0.06
1363	| 5.49	| 5.50	| 0.00
1364	| 2.05	| 1.97	| 0.08
1365	| 4.90	| 4.95	| 0.05
1366	| 3.86	| 3.85	| 0.01
1367	| 5.38	| 5.27	| 0.10
1368	| 5.53	| 5.58	| 0.05
1369	| 4.80	| 4.66	| 0.14
1370	| 0.30	| 0.29	| 0.02
1371	| 3.43	| 3.52	| 0.09
1372	| 2.90	| 2.85	| 0.06
1373	| 1.31	| 1.38	| 0.07
1374	| 1.87	| 1.97	| 0.10
1375	| 5.54	| 5.36	| 0.17
1376	| 3.77	| 3.80	| 0.02
1377	| 1.76	| 1.85	| 0.09
1378	| 2.68	| 2.71	| 0.03
1379	| 6.07	| 5.88	| 0.19
1380	| 4.55	| 4.46	| 0.09
1381	| 2.61	| 2.58	| 0.03
1382	| 1.67	| 1.69	| 0.03
1383	| 2.99	| 3.02	| 0.03
1384	| 4.55	| 4.70	| 0.15
1385	| 4.64	| 4.64	| 0.01
1386	| 1.94	| 1.93	| 0.01
1387	| 0.62	| 0.63	| 0.00
1388	| 2.25	| 2.22	| 0.03
1389	| 3.21	| 3.09	| 0.12
1390	| 1.14	| 1.16	| 0.01
1391	| 2.93	| 3.14	| 0.21
1392	| 5.83	| 5.73	| 0.10
1393	| 4.07	| 4.13	| 0.06
1394	| 5.85	| 5.58	| 0.27
1395	| 2.09	| 2.12	| 0.03
1396	| 4.41	| 4.27	| 0.14
1397	| 4.82	| 4.81	| 0.01
1398	| 4.89	| 4.88	| 0.01
1399	| 3.19	| 3.25	| 0.06
1400	| 5.05	| 5.09	| 0.03
1401	| 2.11	| 2.07	| 0.04
1402	| 2.88	| 2.86	| 0.02
1403	| 4.92	| 4.85	| 0.07
1404	| 3.06	| 2.97	| 0.08
1405	| 2.03	| 2.12	| 0.09
1406	| 2.69	| 2.78	| 0.09
1407	| 2.23	| 2.14	| 0.10
1408	| 2.85	| 2.80	| 0.05
1409	| 1.90	| 2.02	| 0.12
1410	| 3.32	| 3.33	| 0.01
1411	| 1.16	| 1.21	| 0.05
1412	| 6.30	| 6.22	| 0.08
1413	| 1.09	| 1.07	| 0.02
1414	| 3.83	| 3.69	| 0.14
1415	| 4.69	| 4.74	| 0.05
1416	| 3.24	| 3.23	| 0.01
1417	| 2.29	| 2.26	| 0.03
1418	| 1.38	| 1.32	| 0.06
1419	| 5.22	| 5.10	| 0.12
1420	| 2.86	| 2.93	| 0.07
1421	| 2.42	| 2.45	| 0.02
1422	| 4.39	| 4.32	| 0.07
1423	| 3.49	| 3.56	| 0.07
1424	| 1.23	| 1.26	| 0.02
1425	| 5.06	| 4.97	| 0.09
1426	| 2.08	| 2.08	| 0.00
1427	| 4.58	| 4.62	| 0.04
1428	| 3.12	| 3.12	| 0.00
1429	| 3.43	| 3.30	| 0.13
1430	| 3.01	| 3.09	| 0.08
1431	| 0.42	| 0.42	| 0.00
1432	| 3.69	| 3.66	| 0.03
1433	| 3.46	| 3.43	| 0.04
1434	| 6.61	| 6.55	| 0.06
1435	| 3.86	| 3.79	| 0.06
1436	| 3.00	| 2.89	| 0.11
1437	| 6.60	| 6.35	| 0.24
1438	| 3.36	| 3.41	| 0.05
1439	| 3.50	| 3.35	| 0.15
1440	| 6.49	| 6.43	| 0.06
1441	| 3.08	| 3.12	| 0.04
1442	| 5.59	| 5.62	| 0.04
1443	| 0.33	| 0.33	| 0.00
1444	| 2.95	| 2.97	| 0.02
1445	| 0.51	| 0.52	| 0.02
1446	| 5.40	| 5.50	| 0.10
1447	| 6.07	| 5.95	| 0.12
1448	| 3.88	| 3.85	| 0.03
1449	| 3.04	| 3.07	| 0.03
1450	| 2.66	| 2.73	| 0.07
1451	| 5.72	| 5.77	| 0.05
1452	| 4.20	| 4.31	| 0.11
1453	| 4.14	| 4.19	| 0.05
1454	| 0.69	| 0.67	| 0.02
1455	| 0.56	| 0.58	| 0.02
1456	| 5.41	| 5.41	| 0.00
1457	| 5.84	| 5.86	| 0.02
1458	| 6.44	| 6.49	| 0.05
1459	| 0.87	| 0.93	| 0.06
1460	| 3.20	| 3.26	| 0.06
1461	| 5.20	| 5.13	| 0.07
1462	| 5.99	| 6.03	| 0.04
1463	| 2.74	| 2.76	| 0.03
1464	| 4.27	| 4.24	| 0.03
1465	| 2.52	| 2.46	| 0.07
1466	| 0.19	| 0.23	| 0.04
1467	| 3.33	| 3.46	| 0.13
1468	| 3.64	| 3.57	| 0.07
1469	| 2.38	| 2.35	| 0.02
1470	| 2.70	| 2.64	| 0.06
1471	| 4.91	| 5.03	| 0.13
1472	| 4.78	| 4.62	| 0.15
1473	| 3.02	| 3.12	| 0.10
1474	| 5.61	| 5.72	| 0.11
1475	| 1.54	| 1.54	| 0.01
1476	| 1.28	| 1.27	| 0.01
1477	| 3.91	| 3.84	| 0.07
1478	| 3.72	| 3.90	| 0.18
1479	| 0.62	| 0.64	| 0.02
1480	| 4.46	| 4.63	| 0.17
1481	| 5.51	| 5.55	| 0.04
1482	| 0.14	| 0.12	| 0.02
1483	| 3.07	| 3.05	| 0.02
1484	| 1.79	| 1.79	| 0.00
1485	| 2.21	| 2.22	| 0.02
1486	| 4.60	| 4.60	| 0.00
1487	| 2.22	| 2.26	| 0.05
1488	| 2.86	| 2.77	| 0.09
1489	| 2.22	| 2.21	| 0.01
1490	| 2.12	| 2.17	| 0.05
1491	| 0.61	| 0.64	| 0.03
1492	| 3.31	| 3.43	| 0.11
1493	| 5.47	| 5.44	| 0.03
1494	| 0.22	| 0.25	| 0.03
1495	| 5.62	| 5.62	| 0.00
1496	| 0.77	| 0.80	| 0.03
1497	| 6.29	| 6.13	| 0.16
1498	| 4.18	| 4.28	| 0.10
1499	| 5.00	| 4.89	| 0.10
1500	| 2.17	| 2.30	| 0.13
1501	| 4.51	| 4.40	| 0.11
1502	| 3.16	| 3.19	| 0.03
1503	| 1.35	| 1.38	| 0.03
1504	| 4.00	| 3.96	| 0.04
1505	| 3.53	| 3.55	| 0.03
1506	| 0.61	| 0.66	| 0.04
1507	| 6.04	| 5.78	| 0.25
1508	| 6.37	| 6.50	| 0.12
1509	| 1.37	| 1.36	| 0.01
1510	| 0.53	| 0.54	| 0.01
1511	| 0.13	| 0.14	| 0.01
1512	| 1.62	| 1.57	| 0.05
1513	| 0.32	| 0.30	| 0.02
1514	| 2.61	| 2.63	| 0.02
1515	| 4.52	| 4.46	| 0.06
1516	| 5.65	| 5.53	| 0.12
1517	| 2.70	| 2.76	| 0.05
1518	| 0.91	| 0.99	| 0.08
1519	| 1.92	| 1.99	| 0.07
1520	| 3.54	| 3.62	| 0.08
1521	| 3.31	| 3.24	| 0.07
1522	| 6.32	| 6.44	| 0.12
1523	| 5.63	| 5.58	| 0.05
1524	| 3.39	| 3.36	| 0.03
1525	| 0.44	| 0.49	| 0.05
1526	| 3.97	| 3.98	| 0.01
1527	| 5.78	| 5.70	| 0.08
1528	| 0.93	| 0.92	| 0.00
1529	| 4.77	| 4.76	| 0.02
1530	| 5.29	| 5.23	| 0.05
1531	| 0.43	| 0.42	| 0.01
1532	| 1.64	| 1.72	| 0.07
1533	| 2.31	| 2.20	| 0.11
1534	| 1.20	| 1.22	| 0.02
1535	| 6.59	| 6.55	| 0.04
1536	| 1.07	| 1.10	| 0.02
1537	| 0.04	| 0.03	| 0.01
1538	| 0.61	| 0.60	| 0.01
1539	| 2.21	| 2.20	| 0.02
1540	| 2.72	| 2.71	| 0.01
1541	| 0.10	| 0.10	| 0.00
1542	| 3.57	| 3.64	| 0.07
1543	| 5.81	| 5.94	| 0.13
1544	| 6.23	| 6.16	| 0.08
1545	| 0.34	| 0.31	| 0.03
1546	| 4.46	| 4.35	| 0.11
1547	| 0.68	| 0.71	| 0.03
1548	| 3.21	| 3.29	| 0.08
1549	| 4.83	| 4.87	| 0.04
1550	| 5.48	| 5.47	| 0.01
1551	| 0.32	| 0.29	| 0.03
1552	| 1.84	| 1.96	| 0.12
1553	| 1.79	| 1.90	| 0.11
1554	| 3.89	| 3.84	| 0.05
1555	| 4.83	| 4.92	| 0.08
1556	| 5.65	| 5.77	| 0.11
1557	| 2.34	| 2.32	| 0.02
1558	| 0.94	| 0.87	| 0.07
1559	| 1.30	| 1.35	| 0.04
1560	| 3.30	| 3.29	| 0.01
1561	| 2.09	| 2.14	| 0.04
1562	| 1.68	| 1.67	| 0.01
1563	| 1.37	| 1.46	| 0.09
1564	| 4.03	| 3.99	| 0.04
1565	| 3.07	| 3.05	| 0.02
1566	| 3.73	| 3.74	| 0.01
1567	| 2.35	| 2.33	| 0.01
1568	| 5.87	| 5.70	| 0.18
1569	| 0.83	| 0.83	| 0.01
1570	| 1.75	| 1.79	| 0.04
1571	| 0.80	| 0.82	| 0.01
1572	| 3.33	| 3.21	| 0.12
1573	| 4.33	| 4.44	| 0.11
1574	| 6.23	| 6.25	| 0.02
1575	| 2.34	| 2.35	| 0.01
1576	| 5.51	| 5.47	| 0.04
1577	| 3.69	| 3.75	| 0.07
1578	| 5.88	| 5.90	| 0.02
1579	| 1.65	| 1.64	| 0.01
1580	| 1.51	| 1.52	| 0.01
1581	| 4.63	| 4.66	| 0.03
1582	| 5.80	| 5.84	| 0.05
1583	| 3.45	| 3.26	| 0.19
1584	| 1.64	| 1.63	| 0.01
1585	| 5.13	| 5.27	| 0.14
1586	| 3.17	| 3.21	| 0.04
1587	| 5.68	| 5.75	| 0.07
1588	| 3.17	| 3.08	| 0.08
1589	| 2.81	| 2.73	| 0.08
1590	| 5.44	| 5.47	| 0.03
1591	| 5.89	| 5.97	| 0.09
1592	| 3.38	| 3.52	| 0.13
1593	| 1.27	| 1.31	| 0.03
1594	| 1.04	| 1.02	| 0.01
1595	| 0.89	| 0.89	| 0.00
1596	| 0.26	| 0.27	| 0.01
1597	| 3.79	| 3.92	| 0.13
1598	| 3.45	| 3.54	| 0.09
1599	| 4.29	| 4.44	| 0.15
1600	| 5.59	| 5.68	| 0.09
1601	| 1.31	| 1.38	| 0.06
1602	| 5.24	| 5.17	| 0.07
1603	| 6.34	| 6.18	| 0.16
1604	| 5.04	| 4.84	| 0.19
1605	| 1.78	| 1.74	| 0.04
1606	| 3.53	| 3.46	| 0.07
1607	| 0.51	| 0.47	| 0.04
1608	| 2.27	| 2.34	| 0.07
1609	| 5.44	| 5.61	| 0.18
1610	| 3.99	| 4.13	| 0.13
1611	| 6.02	| 6.13	| 0.11
1612	| 2.95	| 2.93	| 0.02
1613	| 6.02	| 5.99	| 0.04
1614	| 5.56	| 5.57	| 0.01
1615	| 0.87	| 0.83	| 0.04
1616	| 1.62	| 1.64	| 0.02
1617	| 0.46	| 0.44	| 0.02
1618	| 6.38	| 6.34	| 0.04
1619	| 5.61	| 5.44	| 0.16
1620	| 2.01	| 1.99	| 0.02
1621	| 2.85	| 2.89	| 0.04
1622	| 5.20	| 5.32	| 0.12
1623	| 3.26	| 3.29	| 0.04
1624	| 1.30	| 1.28	| 0.02
1625	| 4.72	| 4.55	| 0.17
1626	| 2.16	| 2.12	| 0.04
1627	| 2.40	| 2.38	| 0.02
1628	| 0.82	| 0.81	| 0.00
1629	| 5.36	| 5.33	| 0.03
1630	| 4.05	| 4.13	| 0.08
1631	| 4.75	| 4.84	| 0.09
1632	| 4.33	| 4.36	| 0.03
1633	| 2.17	| 2.28	| 0.11
1634	| 1.22	| 1.28	| 0.05
1635	| 5.84	| 5.68	| 0.16
1636	| 6.00	| 6.01	| 0.01
1637	| 5.47	| 5.59	| 0.12
1638	| 3.14	| 3.14	| 0.01
1639	| 5.23	| 5.17	| 0.06
1640	| 5.51	| 5.32	| 0.19
1641	| 1.47	| 1.56	| 0.09
1642	| 3.60	| 3.67	| 0.07
1643	| 6.08	| 6.21	| 0.13
1644	| 5.95	| 5.91	| 0.05
1645	| 5.02	| 4.90	| 0.11
1646	| 0.04	| 0.03	| 0.01
1647	| 4.29	| 4.20	| 0.09
1648	| 6.33	| 6.29	| 0.04
1649	| 4.35	| 4.32	| 0.03
1650	| 6.34	| 6.52	| 0.18
1651	| 1.01	| 1.01	| 0.00
1652	| 3.90	| 3.88	| 0.02
1653	| 3.09	| 3.05	| 0.04
1654	| 4.55	| 4.59	| 0.04
1655	| 1.37	| 1.38	| 0.00
1656	| 2.47	| 2.51	| 0.04
1657	| 0.66	| 0.65	| 0.02
1658	| 5.01	| 5.02	| 0.01
1659	| 4.03	| 3.87	| 0.16
1660	| 0.01	| 0.00	| 0.00
1661	| 5.35	| 5.44	| 0.09
1662	| 5.79	| 6.00	| 0.22
1663	| 4.58	| 4.65	| 0.07
1664	| 0.87	| 0.85	| 0.02
1665	| 4.22	| 4.29	| 0.07
1666	| 0.01	| 0.01	| 0.00
1667	| 6.08	| 5.94	| 0.14
1668	| 1.25	| 1.25	| 0.00
1669	| 6.53	| 6.63	| 0.10
1670	| 4.90	| 4.90	| 0.00
1671	| 2.61	| 2.59	| 0.02
1672	| 3.09	| 3.01	| 0.08
1673	| 0.06	| 0.06	| 0.01
1674	| 4.98	| 4.90	| 0.08
1675	| 6.14	| 6.33	| 0.18
1676	| 4.82	| 4.94	| 0.12
1677	| 4.56	| 4.58	| 0.02
1678	| 2.48	| 2.49	| 0.01
1679	| 5.62	| 5.52	| 0.10
1680	| 6.32	| 6.55	| 0.23
1681	| 4.52	| 4.44	| 0.08
1682	| 3.20	| 3.13	| 0.07
1683	| 4.00	| 4.10	| 0.11
1684	| 6.22	| 6.21	| 0.01
1685	| 0.91	| 0.95	| 0.04
1686	| 5.08	| 5.02	| 0.06
1687	| 2.53	| 2.64	| 0.12
1688	| 6.17	| 6.29	| 0.12
1689	| 4.15	| 4.29	| 0.13
1690	| 1.61	| 1.62	| 0.02
1691	| 0.35	| 0.32	| 0.04
1692	| 0.56	| 0.54	| 0.02
1693	| 3.94	| 3.85	| 0.09
1694	| 6.42	| 6.34	| 0.08
1695	| 1.27	| 1.30	| 0.03
1696	| 4.48	| 4.44	| 0.04
1697	| 0.95	| 0.97	| 0.01
1698	| 2.61	| 2.72	| 0.10
1699	| 4.76	| 4.98	| 0.21
1700	| 1.12	| 1.15	| 0.03
1701	| 1.55	| 1.55	| 0.00
1702	| 0.05	| 0.05	| 0.00
1703	| 6.40	| 6.25	| 0.15
1704	| 5.45	| 5.33	| 0.12
1705	| 6.02	| 6.03	| 0.00
1706	| 3.13	| 3.13	| 0.00
1707	| 1.39	| 1.31	| 0.08
1708	| 6.16	| 6.19	| 0.03
1709	| 3.68	| 3.70	| 0.02
1710	| 0.14	| 0.12	| 0.02
1711	| 4.30	| 4.40	| 0.09
1712	| 0.18	| 0.19	| 0.01
1713	| 1.21	| 1.16	| 0.05
1714	| 3.94	| 3.89	| 0.04
1715	| 2.90	| 3.07	| 0.17
1716	| 0.07	| 0.07	| 0.00
1717	| 5.50	| 5.55	| 0.05
1718	| 4.57	| 4.54	| 0.04
1719	| 3.66	| 3.48	| 0.18
1720	| 3.81	| 3.89	| 0.08
1721	| 4.93	| 5.01	| 0.07
1722	| 3.13	| 3.25	| 0.12
1723	| 2.59	| 2.67	| 0.08
1724	| 6.21	| 6.25	| 0.04
1725	| 2.89	| 2.91	| 0.03
1726	| 0.72	| 0.74	| 0.03
1727	| 5.95	| 5.92	| 0.04
1728	| 0.75	| 0.76	| 0.00
1729	| 1.08	| 1.15	| 0.07
1730	| 3.36	| 3.44	| 0.07
1731	| 5.41	| 5.32	| 0.09
1732	| 2.43	| 2.26	| 0.17
1733	| 2.50	| 2.52	| 0.01
1734	| 4.81	| 4.90	| 0.09
1735	| 0.96	| 0.93	| 0.03
1736	| 5.16	| 5.08	| 0.08
1737	| 4.50	| 4.48	| 0.01
1738	| 4.71	| 4.71	| 0.01
1739	| 2.92	| 2.90	| 0.02
1740	| 2.78	| 2.83	| 0.05
1741	| 5.30	| 5.32	| 0.02
1742	| 1.96	| 1.97	| 0.01
1743	| 4.10	| 4.26	| 0.16
1744	| 4.50	| 4.58	| 0.08
1745	| 3.15	| 3.11	| 0.04
1746	| 5.42	| 5.45	| 0.03
1747	| 0.24	| 0.24	| 0.00
1748	| 4.52	| 4.46	| 0.06
1749	| 2.44	| 2.42	| 0.02
1750	| 0.77	| 0.77	| 0.00
1751	| 6.21	| 6.33	| 0.12
1752	| 1.34	| 1.33	| 0.01
1753	| 0.53	| 0.49	| 0.04
1754	| 5.54	| 5.49	| 0.05
1755	| 0.07	| 0.07	| 0.00
1756	| 1.02	| 1.03	| 0.01
1757	| 2.39	| 2.39	| 0.00
1758	| 5.58	| 5.66	| 0.07
1759	| 2.61	| 2.67	| 0.05
1760	| 2.28	| 2.29	| 0.01
1761	| 4.00	| 4.06	| 0.05
1762	| 6.37	| 6.42	| 0.05
1763	| 4.57	| 4.55	| 0.01
1764	| 1.98	| 2.04	| 0.06
1765	| 0.56	| 0.49	| 0.07
1766	| 3.43	| 3.47	| 0.04
1767	| 0.97	| 1.02	| 0.04
1768	| 0.61	| 0.57	| 0.04
1769	| 0.44	| 0.42	| 0.01
1770	| 3.09	| 3.06	| 0.03
1771	| 0.09	| 0.11	| 0.02
1772	| 2.84	| 2.86	| 0.02
1773	| 3.64	| 3.75	| 0.11
1774	| 0.09	| 0.09	| 0.00
1775	| 2.06	| 2.04	| 0.02
1776	| 2.14	| 2.15	| 0.02
1777	| 5.24	| 5.34	| 0.09
1778	| 3.37	| 3.38	| 0.01
1779	| 0.88	| 0.92	| 0.04
1780	| 2.15	| 2.11	| 0.04
1781	| 1.33	| 1.45	| 0.12
1782	| 0.24	| 0.24	| 0.00
1783	| 5.58	| 5.62	| 0.04
1784	| 2.57	| 2.56	| 0.01
1785	| 0.29	| 0.29	| 0.00
1786	| 2.86	| 2.94	| 0.09
1787	| 1.51	| 1.54	| 0.03
1788	| 6.50	| 6.43	| 0.07
1789	| 5.62	| 5.70	| 0.08
1790	| 1.02	| 1.03	| 0.01
1791	| 6.38	| 6.43	| 0.05
1792	| 5.39	| 5.26	| 0.13
1793	| 0.53	| 0.52	| 0.02
1794	| 5.08	| 4.97	| 0.11
1795	| 3.30	| 3.38	| 0.08
1796	| 0.08	| 0.10	| 0.02
1797	| 3.46	| 3.50	| 0.04
1798	| 4.98	| 4.94	| 0.04
1799	| 2.50	| 2.52	| 0.02
1800	| 5.82	| 5.82	| 0.01
1801	| 1.07	| 1.15	| 0.07
1802	| 1.48	| 1.47	| 0.01
1803	| 4.13	| 4.09	| 0.04
1804	| 0.94	| 0.91	| 0.02
1805	| 5.47	| 5.50	| 0.03
1806	| 0.26	| 0.25	| 0.01
1807	| 1.13	| 1.11	| 0.02
1808	| 6.01	| 5.94	| 0.07
1809	| 3.09	| 3.07	| 0.02
1810	| 0.43	| 0.44	| 0.01
1811	| 6.47	| 6.58	| 0.11
1812	| 0.14	| 0.16	| 0.02
1813	| 3.23	| 3.17	| 0.06
1814	| 5.01	| 5.08	| 0.07
1815	| 1.67	| 1.66	| 0.01
1816	| 4.56	| 4.37	| 0.19
1817	| 1.29	| 1.37	| 0.08
1818	| 5.49	| 5.43	| 0.07
1819	| 6.11	| 6.18	| 0.06
1820	| 3.40	| 3.43	| 0.02
1821	| 3.32	| 3.34	| 0.02
1822	| 5.62	| 5.68	| 0.06
1823	| 4.09	| 4.34	| 0.25
1824	| 3.37	| 3.42	| 0.05
1825	| 1.25	| 1.18	| 0.07
1826	| 2.73	| 2.61	| 0.11
1827	| 3.59	| 3.49	| 0.10
1828	| 6.04	| 6.05	| 0.01
1829	| 6.26	| 6.32	| 0.06
1830	| 1.90	| 1.93	| 0.03
1831	| 5.18	| 5.12	| 0.06
1832	| 4.95	| 4.92	| 0.03
1833	| 6.32	| 6.28	| 0.04
1834	| 3.54	| 3.56	| 0.03
1835	| 0.26	| 0.26	| 0.00
1836	| 1.73	| 1.79	| 0.06
1837	| 2.67	| 2.61	| 0.05
1838	| 5.10	| 5.04	| 0.06
1839	| 0.76	| 0.80	| 0.04
1840	| 3.40	| 3.29	| 0.11
1841	| 2.28	| 2.21	| 0.07
1842	| 5.39	| 5.39	| 0.01
1843	| 4.33	| 4.22	| 0.11
1844	| 1.72	| 1.75	| 0.03
1845	| 0.83	| 0.84	| 0.02
1846	| 0.02	| 0.03	| 0.01
1847	| 5.89	| 5.92	| 0.02
1848	| 3.41	| 3.41	| 0.00
1849	| 4.59	| 4.58	| 0.02
1850	| 0.60	| 0.60	| 0.00
1851	| 6.54	| 6.58	| 0.04
1852	| 3.47	| 3.47	| 0.00
1853	| 3.94	| 3.84	| 0.10
1854	| 4.29	| 4.45	| 0.17
1855	| 5.24	| 5.39	| 0.15
1856	| 2.88	| 2.77	| 0.11
1857	| 2.62	| 2.50	| 0.12
1858	| 5.19	| 5.35	| 0.16
1859	| 0.11	| 0.11	| 0.00
1860	| 4.32	| 4.26	| 0.06
1861	| 3.94	| 3.96	| 0.02
1862	| 6.12	| 5.94	| 0.18
1863	| 2.62	| 2.71	| 0.09
1864	| 4.82	| 4.89	| 0.08
1865	| 1.05	| 1.10	| 0.06
1866	| 6.31	| 6.34	| 0.03
1867	| 6.34	| 6.45	| 0.11
1868	| 5.78	| 5.64	| 0.14
1869	| 6.46	| 6.68	| 0.21
1870	| 4.70	| 4.89	| 0.19
1871	| 2.23	| 2.22	| 0.01
1872	| 2.75	| 2.71	| 0.05
1873	| 3.18	| 3.35	| 0.17
1874	| 5.71	| 5.89	| 0.18
1875	| 3.09	| 3.13	| 0.04
1876	| 3.77	| 3.73	| 0.04
1877	| 5.96	| 5.87	| 0.09
1878	| 3.51	| 3.54	| 0.03
1879	| 1.69	| 1.77	| 0.08
1880	| 1.68	| 1.60	| 0.07
1881	| 0.46	| 0.43	| 0.02
1882	| 3.46	| 3.54	| 0.08
1883	| 2.08	| 2.06	| 0.01
1884	| 4.38	| 4.55	| 0.17
1885	| 6.14	| 5.84	| 0.30
1886	| 2.38	| 2.48	| 0.10
1887	| 1.06	| 1.10	| 0.04
1888	| 1.31	| 1.34	| 0.03
1889	| 3.23	| 3.29	| 0.06
1890	| 0.33	| 0.34	| 0.02
1891	| 1.22	| 1.14	| 0.07
1892	| 5.99	| 6.00	| 0.01
1893	| 3.02	| 3.06	| 0.05
1894	| 5.69	| 5.49	| 0.20
1895	| 4.80	| 4.71	| 0.09
1896	| 5.05	| 5.07	| 0.02
1897	| 0.12	| 0.12	| 0.00
1898	| 0.05	| 0.05	| 0.00
1899	| 3.14	| 3.13	| 0.01
1900	| 3.79	| 3.83	| 0.04
1901	| 6.44	| 6.36	| 0.08
1902	| 3.06	| 3.16	| 0.11
1903	| 0.24	| 0.24	| 0.00
1904	| 3.43	| 3.57	| 0.14
1905	| 3.92	| 3.96	| 0.04
1906	| 2.94	| 2.94	| 0.01
1907	| 5.27	| 5.38	| 0.12
1908	| 4.04	| 4.16	| 0.11
1909	| 1.77	| 1.74	| 0.03
1910	| 5.53	| 5.58	| 0.05
1911	| 1.44	| 1.41	| 0.02
1912	| 0.29	| 0.31	| 0.02
1913	| 1.38	| 1.39	| 0.01
1914	| 5.00	| 5.06	| 0.05
1915	| 6.56	| 6.42	| 0.13
1916	| 3.16	| 3.01	| 0.15
1917	| 2.40	| 2.45	| 0.05
1918	| 2.87	| 2.80	| 0.07
1919	| 2.15	| 2.10	| 0.06
1920	| 1.89	| 1.99	| 0.10
1921	| 0.80	| 0.82	| 0.02
1922	| 1.71	| 1.68	| 0.03
1923	| 3.05	| 2.99	| 0.06
1924	| 0.57	| 0.53	| 0.04
1925	| 3.91	| 3.85	| 0.05
1926	| 3.03	| 3.08	| 0.04
1927	| 4.36	| 4.35	| 0.01
1928	| 2.57	| 2.57	| 0.00
1929	| 1.63	| 1.63	| 0.00
1930	| 1.57	| 1.49	| 0.08
1931	| 0.86	| 0.87	| 0.01
1932	| 5.09	| 5.06	| 0.03
1933	| 2.42	| 2.52	| 0.10
1934	| 6.07	| 6.18	| 0.12
1935	| 3.86	| 3.92	| 0.05
1936	| 4.45	| 4.58	| 0.14
1937	| 3.52	| 3.56	| 0.04
1938	| 4.12	| 4.09	| 0.03
1939	| 2.58	| 2.57	| 0.01
1940	| 1.36	| 1.35	| 0.02
1941	| 3.17	| 3.14	| 0.03
1942	| 0.11	| 0.11	| 0.00
1943	| 1.73	| 1.87	| 0.14
1944	| 3.34	| 3.10	| 0.24
1945	| 2.73	| 2.72	| 0.01
1946	| 4.68	| 4.54	| 0.13
1947	| 6.54	| 6.46	| 0.07
1948	| 2.80	| 2.75	| 0.05
1949	| 5.93	| 6.10	| 0.17
1950	| 6.23	| 6.33	| 0.10
1951	| 2.31	| 2.20	| 0.11
1952	| 0.63	| 0.66	| 0.02
1953	| 3.82	| 3.81	| 0.01
1954	| 1.45	| 1.54	| 0.09
1955	| 4.64	| 4.52	| 0.12
1956	| 0.00	| 0.01	| 0.00
1957	| 0.80	| 0.76	| 0.03
1958	| 5.63	| 5.64	| 0.02
1959	| 3.71	| 3.63	| 0.07
1960	| 0.48	| 0.49	| 0.02
1961	| 2.85	| 2.89	| 0.04
1962	| 2.63	| 2.71	| 0.07
1963	| 5.31	| 5.36	| 0.05
1964	| 2.95	| 3.11	| 0.16
1965	| 2.82	| 2.78	| 0.04
1966	| 0.27	| 0.28	| 0.01
1967	| 6.39	| 6.64	| 0.26
1968	| 1.08	| 1.05	| 0.03
1969	| 4.34	| 4.26	| 0.08
1970	| 3.68	| 3.54	| 0.14
1971	| 1.88	| 1.86	| 0.02
1972	| 3.89	| 3.80	| 0.09
1973	| 0.11	| 0.10	| 0.01
1974	| 4.59	| 4.65	| 0.07
1975	| 1.80	| 1.87	| 0.06
1976	| 4.06	| 4.13	| 0.06
1977	| 4.07	| 4.23	| 0.16
1978	| 5.65	| 5.50	| 0.15
1979	| 0.21	| 0.19	| 0.01
1980	| 3.50	| 3.55	| 0.05
1981	| 5.42	| 5.23	| 0.19
1982	| 3.23	| 3.20	| 0.03
1983	| 5.64	| 5.63	| 0.01
1984	| 4.42	| 4.48	| 0.06
1985	| 5.44	| 5.54	| 0.11
1986	| 0.88	| 0.91	| 0.03
1987	| 1.44	| 1.37	| 0.07
1988	| 4.35	| 4.28	| 0.07
1989	| 4.89	| 4.91	| 0.02
1990	| 5.43	| 5.45	| 0.02
1991	| 2.88	| 3.00	| 0.12
1992	| 4.25	| 4.26	| 0.00
1993	| 5.10	| 5.07	| 0.03
1994	| 4.26	| 4.10	| 0.16
1995	| 5.35	| 5.32	| 0.03
1996	| 0.39	| 0.37	| 0.02
1997	| 1.32	| 1.34	| 0.02
1998	| 4.22	| 4.14	| 0.08
1999	| 5.91	| 6.10	| 0.19
2000	| 1.86	| 1.86	| 0.00
2001	| 0.63	| 0.69	| 0.06
2002	| 0.63	| 0.62	| 0.00
2003	| 5.56	| 5.57	| 0.01
2004	| 5.29	| 5.29	| 0.00
2005	| 4.81	| 4.80	| 0.01
2006	| 5.24	| 5.18	| 0.06
2007	| 6.64	| 6.24	| 0.40
2008	| 0.80	| 0.77	| 0.03
2009	| 1.68	| 1.70	| 0.03
2010	| 2.10	| 2.08	| 0.02
2011	| 3.30	| 3.21	| 0.09
2012	| 2.57	| 2.60	| 0.03
2013	| 5.38	| 5.22	| 0.15
2014	| 3.92	| 3.91	| 0.00
2015	| 0.06	| 0.05	| 0.01
2016	| 6.20	| 6.25	| 0.05
2017	| 0.53	| 0.51	| 0.02
2018	| 0.83	| 0.80	| 0.03
2019	| 1.27	| 1.32	| 0.06
2020	| 3.45	| 3.46	| 0.01
2021	| 5.05	| 5.12	| 0.06
2022	| 6.12	| 5.79	| 0.32
2023	| 3.61	| 3.69	| 0.08
2024	| 2.27	| 2.21	| 0.06
2025	| 3.96	| 3.96	| 0.00
2026	| 2.17	| 2.17	| 0.01
2027	| 0.85	| 0.87	| 0.03
2028	| 1.46	| 1.40	| 0.07
2029	| 5.01	| 5.09	| 0.08
2030	| 6.25	| 6.26	| 0.02
2031	| 3.23	| 3.14	| 0.09
2032	| 5.21	| 5.26	| 0.04
2033	| 0.42	| 0.48	| 0.06
2034	| 0.42	| 0.42	| 0.00
2035	| 4.56	| 4.53	| 0.03
2036	| 4.32	| 4.39	| 0.07
2037	| 4.06	| 4.18	| 0.12
2038	| 2.02	| 2.02	| 0.00
2039	| 6.35	| 6.22	| 0.14
2040	| 3.97	| 3.86	| 0.11
2041	| 5.26	| 5.24	| 0.02
2042	| 1.34	| 1.45	| 0.11
2043	| 4.35	| 4.36	| 0.01
2044	| 0.66	| 0.63	| 0.04
2045	| 0.61	| 0.58	| 0.03
2046	| 3.51	| 3.48	| 0.03
2047	| 5.97	| 6.04	| 0.07
2048	| 5.36	| 5.29	| 0.08
2049	| 0.80	| 0.78	| 0.02
2050	| 1.84	| 1.80	| 0.04
2051	| 0.11	| 0.14	| 0.02
2052	| 5.45	| 5.53	| 0.08
2053	| 3.42	| 3.42	| 0.00
2054	| 6.03	| 6.17	| 0.14
2055	| 0.38	| 0.40	| 0.02
2056	| 5.66	| 5.63	| 0.03
2057	| 3.70	| 3.53	| 0.18
2058	| 2.33	| 2.35	| 0.01
2059	| 2.77	| 2.84	| 0.07
2060	| 5.13	| 5.04	| 0.09
2061	| 4.28	| 4.16	| 0.12
2062	| 6.06	| 5.98	| 0.07
2063	| 0.08	| 0.07	| 0.01
2064	| 5.58	| 5.58	| 0.00
2065	| 1.56	| 1.54	| 0.02
2066	| 2.23	| 2.24	| 0.01
2067	| 6.16	| 6.24	| 0.08
2068	| 5.09	| 5.18	| 0.09
2069	| 5.37	| 5.32	| 0.05
2070	| 3.69	| 3.81	| 0.11
2071	| 0.58	| 0.53	| 0.05
2072	| 2.97	| 2.94	| 0.03
2073	| 5.92	| 5.92	| 0.01
2074	| 2.74	| 2.74	| 0.01
2075	| 2.33	| 2.18	| 0.15
2076	| 0.22	| 0.23	| 0.01
2077	| 3.72	| 3.67	| 0.05
2078	| 5.28	| 5.20	| 0.09
2079	| 5.46	| 5.42	| 0.05
2080	| 3.81	| 3.85	| 0.04
2081	| 2.65	| 2.66	| 0.01
2082	| 0.97	| 0.90	| 0.06
2083	| 4.87	| 4.92	| 0.04
2084	| 5.99	| 6.09	| 0.09
2085	| 2.81	| 2.77	| 0.04
2086	| 3.41	| 3.46	| 0.05
2087	| 1.06	| 1.15	| 0.08
2088	| 3.67	| 3.53	| 0.15
2089	| 5.24	| 5.30	| 0.06
2090	| 4.02	| 4.06	| 0.04
2091	| 2.23	| 2.22	| 0.02
2092	| 1.61	| 1.62	| 0.01
2093	| 6.21	| 6.34	| 0.13
2094	| 0.94	| 0.96	| 0.03
2095	| 0.18	| 0.16	| 0.02
2096	| 6.37	| 6.35	| 0.03
2097	| 1.11	| 1.07	| 0.03
2098	| 0.98	| 1.00	| 0.02
2099	| 2.59	| 2.57	| 0.02
2100	| 3.75	| 3.76	| 0.01
2101	| 0.54	| 0.53	| 0.01
2102	| 4.12	| 4.07	| 0.05
2103	| 2.61	| 2.58	| 0.04
2104	| 6.14	| 6.35	| 0.21
2105	| 2.25	| 2.34	| 0.09
2106	| 6.10	| 6.22	| 0.11
2107	| 3.76	| 3.82	| 0.06
2108	| 2.88	| 2.86	| 0.02
2109	| 6.07	| 5.86	| 0.21
2110	| 4.42	| 4.50	| 0.09
2111	| 0.98	| 0.93	| 0.05
2112	| 5.82	| 5.92	| 0.11
2113	| 0.80	| 0.83	| 0.03
2114	| 1.23	| 1.19	| 0.03
2115	| 1.30	| 1.29	| 0.00
2116	| 3.62	| 3.69	| 0.07
2117	| 4.74	| 4.91	| 0.17
2118	| 2.50	| 2.47	| 0.04
2119	| 5.19	| 5.16	| 0.03
2120	| 2.61	| 2.56	| 0.05
2121	| 5.41	| 5.52	| 0.11
2122	| 2.46	| 2.54	| 0.09
2123	| 3.71	| 3.68	| 0.03
2124	| 2.41	| 2.43	| 0.02
2125	| 4.23	| 4.26	| 0.03
2126	| 1.37	| 1.41	| 0.04
2127	| 0.72	| 0.74	| 0.02
2128	| 1.35	| 1.33	| 0.03
2129	| 4.41	| 4.40	| 0.01
2130	| 0.26	| 0.24	| 0.01
2131	| 1.43	| 1.47	| 0.04
2132	| 2.64	| 2.64	| 0.00
2133	| 6.35	| 6.34	| 0.01
2134	| 6.24	| 6.18	| 0.06
2135	| 4.19	| 4.25	| 0.06
2136	| 0.22	| 0.20	| 0.02
2137	| 5.25	| 5.30	| 0.04
2138	| 1.03	| 1.02	| 0.01
2139	| 3.32	| 3.28	| 0.04
2140	| 3.94	| 3.98	| 0.05
2141	| 3.73	| 3.71	| 0.02
2142	| 4.17	| 4.19	| 0.02
2143	| 4.73	| 4.50	| 0.23
2144	| 5.56	| 5.65	| 0.08
2145	| 6.42	| 6.39	| 0.02
2146	| 2.33	| 2.31	| 0.02
2147	| 1.62	| 1.65	| 0.03
2148	| 2.68	| 2.74	| 0.06
2149	| 3.86	| 3.90	| 0.04
2150	| 6.43	| 6.42	| 0.01
2151	| 0.23	| 0.23	| 0.01
2152	| 3.12	| 2.87	| 0.25
2153	| 3.09	| 3.06	| 0.04
2154	| 0.83	| 0.82	| 0.02
2155	| 3.86	| 3.85	| 0.01
2156	| 2.08	| 2.00	| 0.08
2157	| 1.62	| 1.74	| 0.12
2158	| 0.45	| 0.46	| 0.01
2159	| 2.13	| 2.20	| 0.07
2160	| 0.99	| 1.03	| 0.05
2161	| 3.19	| 3.20	| 0.00
2162	| 0.74	| 0.74	| 0.01
2163	| 3.82	| 3.86	| 0.04
2164	| 6.50	| 6.35	| 0.15
2165	| 1.99	| 1.96	| 0.03
2166	| 3.52	| 3.54	| 0.02
2167	| 4.52	| 4.60	| 0.08
2168	| 3.96	| 4.05	| 0.09
2169	| 6.06	| 6.06	| 0.00
2170	| 1.43	| 1.51	| 0.07
2171	| 5.99	| 6.05	| 0.06
2172	| 2.88	| 2.92	| 0.04
2173	| 1.25	| 1.26	| 0.00
2174	| 4.07	| 4.02	| 0.05
2175	| 3.03	| 2.96	| 0.07
2176	| 0.25	| 0.21	| 0.04
2177	| 5.66	| 5.64	| 0.02
2178	| 1.27	| 1.33	| 0.06
2179	| 6.52	| 6.51	| 0.01
2180	| 2.42	| 2.39	| 0.03
2181	| 0.49	| 0.50	| 0.00
2182	| 6.14	| 6.36	| 0.22
2183	| 4.86	| 4.86	| 0.00
2184	| 3.75	| 3.82	| 0.06
2185	| 2.24	| 2.36	| 0.12
2186	| 2.99	| 2.88	| 0.11
2187	| 5.40	| 5.34	| 0.06
2188	| 1.55	| 1.53	| 0.02
2189	| 2.59	| 2.59	| 0.00
2190	| 4.21	| 4.16	| 0.05
2191	| 1.46	| 1.49	| 0.03
2192	| 4.78	| 4.75	| 0.03
2193	| 6.10	| 5.87	| 0.23
2194	| 6.41	| 6.35	| 0.06
2195	| 5.83	| 5.79	| 0.03
2196	| 2.00	| 2.05	| 0.05
2197	| 5.51	| 5.55	| 0.04
2198	| 1.91	| 1.93	| 0.02
2199	| 0.86	| 0.89	| 0.03
2200	| 0.62	| 0.66	| 0.04
2201	| 0.37	| 0.38	| 0.01
2202	| 5.62	| 5.54	| 0.08
2203	| 0.29	| 0.29	| 0.00
2204	| 2.67	| 2.74	| 0.07
2205	| 2.58	| 2.67	| 0.09
2206	| 4.86	| 4.85	| 0.01
2207	| 2.68	| 2.75	| 0.07
2208	| 0.60	| 0.56	| 0.03
2209	| 2.46	| 2.50	| 0.04
2210	| 1.15	| 1.10	| 0.05
2211	| 5.56	| 5.53	| 0.03
2212	| 1.10	| 1.12	| 0.02
2213	| 3.73	| 3.84	| 0.11
2214	| 3.42	| 3.32	| 0.09
2215	| 5.06	| 5.05	| 0.01
2216	| 3.45	| 3.44	| 0.01
2217	| 4.66	| 4.56	| 0.10
2218	| 3.31	| 3.29	| 0.02
2219	| 3.79	| 3.74	| 0.05
2220	| 4.71	| 4.56	| 0.15
2221	| 6.16	| 6.02	| 0.14
2222	| 3.88	| 3.87	| 0.01
2223	| 1.50	| 1.42	| 0.08
2224	| 3.96	| 3.94	| 0.02
2225	| 5.56	| 5.66	| 0.10
2226	| 1.58	| 1.58	| 0.00
2227	| 3.28	| 3.23	| 0.06
2228	| 0.43	| 0.45	| 0.02
2229	| 1.58	| 1.61	| 0.03
2230	| 2.67	| 2.60	| 0.07
2231	| 4.66	| 4.76	| 0.11
2232	| 4.99	| 4.92	| 0.07
2233	| 3.62	| 3.46	| 0.16
2234	| 4.24	| 4.11	| 0.13
2235	| 4.02	| 3.89	| 0.14
2236	| 5.33	| 5.20	| 0.12
2237	| 5.10	| 5.05	| 0.05
2238	| 3.16	| 3.10	| 0.06
2239	| 3.76	| 3.71	| 0.04
2240	| 2.95	| 2.88	| 0.07
2241	| 5.52	| 5.69	| 0.17
2242	| 0.82	| 0.78	| 0.03
2243	| 1.41	| 1.39	| 0.02
2244	| 1.64	| 1.59	| 0.04
2245	| 2.67	| 2.59	| 0.08
2246	| 0.77	| 0.74	| 0.03
2247	| 1.87	| 1.78	| 0.09
2248	| 0.22	| 0.19	| 0.03
2249	| 5.45	| 5.47	| 0.01
2250	| 4.22	| 4.13	| 0.09
2251	| 2.63	| 2.57	| 0.07
2252	| 5.62	| 5.71	| 0.08
2253	| 3.17	| 3.25	| 0.08
2254	| 4.90	| 4.89	| 0.01
2255	| 4.26	| 4.44	| 0.18
2256	| 4.58	| 4.44	| 0.14
2257	| 6.55	| 6.53	| 0.02
2258	| 3.22	| 3.16	| 0.06
2259	| 0.60	| 0.60	| 0.01
2260	| 1.06	| 1.09	| 0.03
2261	| 6.16	| 6.14	| 0.02
2262	| 3.27	| 3.36	| 0.09
2263	| 3.08	| 3.03	| 0.05
2264	| 2.16	| 2.03	| 0.13
2265	| 4.08	| 4.13	| 0.06
2266	| 5.44	| 5.49	| 0.05
2267	| 4.08	| 4.08	| 0.00
2268	| 2.38	| 2.29	| 0.09
2269	| 3.48	| 3.56	| 0.08
2270	| 0.83	| 0.80	| 0.03
2271	| 2.00	| 1.92	| 0.08
2272	| 3.11	| 3.16	| 0.05
2273	| 3.88	| 3.87	| 0.01
2274	| 0.59	| 0.61	| 0.02
2275	| 5.90	| 6.02	| 0.13
2276	| 1.13	| 1.20	| 0.07
2277	| 5.60	| 5.76	| 0.16
2278	| 1.24	| 1.14	| 0.10
2279	| 0.22	| 0.20	| 0.02
2280	| 0.36	| 0.37	| 0.01
2281	| 4.04	| 4.06	| 0.01
2282	| 4.94	| 5.05	| 0.11
2283	| 4.09	| 4.15	| 0.05
2284	| 1.75	| 1.76	| 0.02
2285	| 4.92	| 4.79	| 0.12
2286	| 0.16	| 0.16	| 0.00
2287	| 4.06	| 3.96	| 0.10
2288	| 3.97	| 3.95	| 0.02
2289	| 3.45	| 3.41	| 0.04
2290	| 2.73	| 2.87	| 0.13
2291	| 2.89	| 2.80	| 0.09
2292	| 5.81	| 5.95	| 0.14
2293	| 5.23	| 5.04	| 0.18
2294	| 5.38	| 5.30	| 0.08
2295	| 6.05	| 5.92	| 0.13
2296	| 3.50	| 3.40	| 0.11
2297	| 2.85	| 2.78	| 0.08
2298	| 6.31	| 6.35	| 0.04
2299	| 6.50	| 6.56	| 0.06
2300	| 0.78	| 0.83	| 0.05
2301	| 3.06	| 3.13	| 0.07
2302	| 5.14	| 5.16	| 0.02
2303	| 1.49	| 1.42	| 0.07
2304	| 2.73	| 2.82	| 0.09
2305	| 3.67	| 3.69	| 0.02
2306	| 2.91	| 2.97	| 0.06
2307	| 1.23	| 1.19	| 0.03
2308	| 6.36	| 6.26	| 0.10
2309	| 5.30	| 5.30	| 0.00
2310	| 5.91	| 5.88	| 0.03
2311	| 5.67	| 5.66	| 0.01
2312	| 3.73	| 3.88	| 0.15
2313	| 4.62	| 4.58	| 0.04
2314	| 5.76	| 5.82	| 0.05
2315	| 1.17	| 1.28	| 0.12
2316	| 6.38	| 6.44	| 0.06
2317	| 6.22	| 6.28	| 0.05
2318	| 6.13	| 6.17	| 0.04
2319	| 2.63	| 2.60	| 0.03
2320	| 2.43	| 2.53	| 0.09
2321	| 0.41	| 0.42	| 0.01
2322	| 5.12	| 5.10	| 0.01
2323	| 2.58	| 2.62	| 0.04
2324	| 6.48	| 6.23	| 0.25
2325	| 4.09	| 4.01	| 0.08
2326	| 3.40	| 3.20	| 0.20
2327	| 1.37	| 1.43	| 0.05
2328	| 3.55	| 3.53	| 0.02
2329	| 5.82	| 5.85	| 0.03
2330	| 5.62	| 5.64	| 0.02
2331	| 4.77	| 4.74	| 0.04
2332	| 0.09	| 0.10	| 0.01
2333	| 5.00	| 5.05	| 0.05
2334	| 3.70	| 3.76	| 0.06
2335	| 5.21	| 5.11	| 0.10
2336	| 6.34	| 6.11	| 0.23
2337	| 5.35	| 5.35	| 0.00
2338	| 3.06	| 3.17	| 0.10
2339	| 3.67	| 3.75	| 0.08
2340	| 0.71	| 0.64	| 0.07
2341	| 3.56	| 3.58	| 0.02
2342	| 5.87	| 5.88	| 0.01
2343	| 0.06	| 0.05	| 0.01
2344	| 2.57	| 2.63	| 0.06
2345	| 5.44	| 5.28	| 0.16
2346	| 0.33	| 0.35	| 0.03
2347	| 4.13	| 4.12	| 0.02
2348	| 1.24	| 1.20	| 0.04
2349	| 5.00	| 5.06	| 0.06
2350	| 2.60	| 2.50	| 0.10
2351	| 2.23	| 2.19	| 0.04
2352	| 2.83	| 2.82	| 0.01
2353	| 1.90	| 1.96	| 0.05
2354	| 5.02	| 5.00	| 0.02
2355	| 1.73	| 1.76	| 0.03
2356	| 0.69	| 0.68	| 0.01
2357	| 3.65	| 3.71	| 0.07
2358	| 0.11	| 0.10	| 0.02
2359	| 5.94	| 5.81	| 0.13
2360	| 4.15	| 4.12	| 0.03
2361	| 5.29	| 5.16	| 0.12
2362	| 0.34	| 0.35	| 0.01
2363	| 4.55	| 4.46	| 0.09
2364	| 0.03	| 0.03	| 0.01
2365	| 5.10	| 4.97	| 0.12
2366	| 4.61	| 4.62	| 0.01
2367	| 4.48	| 4.53	| 0.05
2368	| 2.46	| 2.56	| 0.09
2369	| 5.21	| 5.23	| 0.02
2370	| 5.46	| 5.45	| 0.01
2371	| 1.80	| 1.74	| 0.06
2372	| 4.31	| 4.43	| 0.12
2373	| 6.46	| 6.57	| 0.11
2374	| 4.79	| 4.74	| 0.05
2375	| 0.05	| 0.06	| 0.01
2376	| 4.84	| 4.72	| 0.12
2377	| 1.99	| 2.00	| 0.02
2378	| 0.26	| 0.26	| 0.01
2379	| 2.60	| 2.61	| 0.01
2380	| 3.55	| 3.54	| 0.01
2381	| 4.55	| 4.48	| 0.07
2382	| 2.00	| 2.01	| 0.01
2383	| 4.48	| 4.44	| 0.05
2384	| 4.89	| 5.10	| 0.21
2385	| 6.49	| 6.53	| 0.04
2386	| 4.64	| 4.73	| 0.09
2387	| 1.97	| 1.94	| 0.04
2388	| 4.04	| 4.01	| 0.03
2389	| 5.36	| 5.25	| 0.11
2390	| 5.26	| 5.39	| 0.13
2391	| 1.21	| 1.11	| 0.10
2392	| 2.97	| 2.88	| 0.09
2393	| 3.48	| 3.38	| 0.10
2394	| 2.47	| 2.63	| 0.16
2395	| 0.12	| 0.14	| 0.02
2396	| 3.12	| 3.10	| 0.02
2397	| 1.24	| 1.28	| 0.04
2398	| 4.15	| 4.08	| 0.07
2399	| 0.82	| 0.82	| 0.00
2400	| 1.62	| 1.62	| 0.00
2401	| 0.51	| 0.55	| 0.04
2402	| 2.59	| 2.56	| 0.02
2403	| 2.44	| 2.22	| 0.22
2404	| 3.87	| 3.90	| 0.03
2405	| 1.24	| 1.24	| 0.00
2406	| 3.37	| 3.30	| 0.07
2407	| 0.96	| 1.04	| 0.08
2408	| 5.07	| 5.10	| 0.03
2409	| 1.48	| 1.46	| 0.01
2410	| 1.48	| 1.46	| 0.01
2411	| 1.20	| 1.18	| 0.02
2412	| 6.40	| 6.32	| 0.08
2413	| 3.69	| 3.71	| 0.02
2414	| 4.66	| 4.94	| 0.29
2415	| 0.10	| 0.09	| 0.01
2416	| 4.52	| 4.53	| 0.01
2417	| 4.40	| 4.27	| 0.13
2418	| 5.95	| 6.08	| 0.13
2419	| 3.71	| 3.66	| 0.05
2420	| 3.60	| 3.58	| 0.02
2421	| 1.79	| 1.80	| 0.01
2422	| 1.03	| 1.04	| 0.01
2423	| 5.98	| 5.98	| 0.00
2424	| 2.45	| 2.41	| 0.04
2425	| 6.10	| 6.14	| 0.05
2426	| 1.65	| 1.63	| 0.02
2427	| 1.76	| 1.79	| 0.03
2428	| 4.64	| 4.77	| 0.12
2429	| 4.68	| 4.69	| 0.01
2430	| 5.79	| 5.75	| 0.04
2431	| 5.48	| 5.55	| 0.07
2432	| 3.08	| 3.01	| 0.07
2433	| 5.15	| 5.23	| 0.08
2434	| 5.80	| 5.73	| 0.08
2435	| 3.71	| 3.75	| 0.04
2436	| 4.04	| 3.88	| 0.16
2437	| 1.44	| 1.42	| 0.03
2438	| 3.35	| 3.29	| 0.06
2439	| 5.59	| 5.62	| 0.03
2440	| 4.49	| 4.56	| 0.07
2441	| 3.30	| 3.33	| 0.03
2442	| 5.96	| 5.95	| 0.01
2443	| 5.73	| 5.60	| 0.13
2444	| 3.67	| 3.71	| 0.03
2445	| 3.09	| 2.95	| 0.14
2446	| 4.69	| 4.67	| 0.02
2447	| 6.55	| 6.50	| 0.05
2448	| 5.88	| 5.96	| 0.08
2449	| 4.38	| 4.48	| 0.10
2450	| 1.69	| 1.74	| 0.05
2451	| 4.64	| 4.66	| 0.02
2452	| 0.96	| 0.98	| 0.02
2453	| 2.74	| 2.85	| 0.12
2454	| 4.55	| 4.74	| 0.19
2455	| 5.90	| 5.71	| 0.19
2456	| 6.14	| 6.04	| 0.09
2457	| 1.66	| 1.66	| 0.00
2458	| 2.42	| 2.45	| 0.03
2459	| 0.41	| 0.42	| 0.01
2460	| 4.68	| 4.66	| 0.02
2461	| 1.84	| 1.93	| 0.09
2462	| 2.68	| 2.69	| 0.01
2463	| 6.15	| 6.16	| 0.00
2464	| 3.95	| 4.02	| 0.08
2465	| 5.58	| 5.68	| 0.10
2466	| 1.67	| 1.63	| 0.04
2467	| 0.15	| 0.17	| 0.01
2468	| 4.71	| 4.80	| 0.09
2469	| 0.60	| 0.69	| 0.08
2470	| 4.37	| 4.38	| 0.01
2471	| 5.07	| 5.12	| 0.06
2472	| 2.91	| 3.05	| 0.13
2473	| 6.10	| 6.04	| 0.06
2474	| 4.84	| 4.74	| 0.10
2475	| 4.73	| 4.75	| 0.02
2476	| 1.48	| 1.51	| 0.03
2477	| 1.33	| 1.32	| 0.01
2478	| 5.06	| 5.13	| 0.07
2479	| 1.60	| 1.52	| 0.09
2480	| 0.57	| 0.55	| 0.02
2481	| 3.81	| 3.70	| 0.11
2482	| 3.54	| 3.58	| 0.04
2483	| 3.11	| 3.11	| 0.00
2484	| 5.91	| 5.97	| 0.05
2485	| 5.07	| 5.11	| 0.04
2486	| 5.22	| 5.31	| 0.09
2487	| 2.52	| 2.35	| 0.17
2488	| 4.45	| 4.31	| 0.14
2489	| 6.28	| 6.45	| 0.17
2490	| 2.06	| 1.97	| 0.09
2491	| 6.22	| 6.38	| 0.16
2492	| 2.71	| 2.71	| 0.01
2493	| 4.57	| 4.73	| 0.16
2494	| 4.22	| 4.12	| 0.10
2495	| 1.05	| 1.09	| 0.04
2496	| 3.66	| 3.60	| 0.05
2497	| 1.41	| 1.43	| 0.02
2498	| 1.88	| 1.86	| 0.02
2499	| 2.22	| 2.29	| 0.07
2500	| 4.03	| 4.21	| 0.18
2501	| 5.48	| 5.59	| 0.12
2502	| 1.19	| 1.18	| 0.01
2503	| 1.76	| 1.78	| 0.02
2504	| 5.54	| 5.67	| 0.12
2505	| 3.96	| 3.91	| 0.05
2506	| 6.43	| 6.38	| 0.06
2507	| 1.69	| 1.65	| 0.04
2508	| 2.82	| 2.75	| 0.08
2509	| 5.02	| 5.09	| 0.08
2510	| 4.00	| 4.01	| 0.02
2511	| 1.35	| 1.36	| 0.00
2512	| 1.08	| 1.09	| 0.01
2513	| 0.54	| 0.54	| 0.00
2514	| 1.52	| 1.48	| 0.04
2515	| 5.71	| 5.84	| 0.13
2516	| 2.91	| 2.89	| 0.02
2517	| 3.54	| 3.67	| 0.14
2518	| 3.33	| 3.36	| 0.03
2519	| 2.91	| 2.99	| 0.08
2520	| 0.11	| 0.12	| 0.01
2521	| 2.67	| 2.63	| 0.04
2522	| 0.74	| 0.70	| 0.04
2523	| 3.62	| 3.63	| 0.00
2524	| 5.27	| 5.42	| 0.15
2525	| 1.31	| 1.32	| 0.02
2526	| 4.44	| 4.40	| 0.04
2527	| 2.93	| 2.86	| 0.07
2528	| 3.61	| 3.74	| 0.13
2529	| 3.58	| 3.61	| 0.03
2530	| 0.58	| 0.53	| 0.05
2531	| 2.75	| 2.71	| 0.04
2532	| 0.36	| 0.38	| 0.02
2533	| 4.25	| 4.25	| 0.01
2534	| 2.17	| 2.12	| 0.05
2535	| 3.94	| 3.85	| 0.09
2536	| 5.11	| 5.31	| 0.20
2537	| 1.51	| 1.54	| 0.03
2538	| 5.02	| 4.88	| 0.15
2539	| 5.40	| 5.47	| 0.07
2540	| 2.61	| 2.63	| 0.01
2541	| 3.80	| 3.71	| 0.09
2542	| 2.73	| 2.64	| 0.10
2543	| 2.28	| 2.26	| 0.02
2544	| 6.17	| 6.25	| 0.08
2545	| 1.54	| 1.48	| 0.06
2546	| 1.02	| 1.01	| 0.01
2547	| 0.18	| 0.20	| 0.01
2548	| 5.10	| 4.99	| 0.11
2549	| 0.00	| 0.00	| 0.00
2550	| 2.96	| 2.97	| 0.01
2551	| 1.62	| 1.62	| 0.00
2552	| 0.22	| 0.21	| 0.01
2553	| 3.68	| 3.49	| 0.19
2554	| 3.95	| 3.83	| 0.11
2555	| 2.20	| 2.14	| 0.07
2556	| 1.84	| 1.79	| 0.04
2557	| 1.91	| 1.88	| 0.03
2558	| 3.07	| 2.93	| 0.14
2559	| 2.08	| 2.11	| 0.03
2560	| 3.46	| 3.46	| 0.00
2561	| 5.18	| 5.31	| 0.13
2562	| 5.64	| 5.55	| 0.09
2563	| 1.70	| 1.75	| 0.05
2564	| 5.71	| 5.82	| 0.10
2565	| 2.95	| 2.84	| 0.11
2566	| 2.46	| 2.53	| 0.07
2567	| 0.42	| 0.40	| 0.02
2568	| 0.30	| 0.28	| 0.02
2569	| 3.65	| 3.62	| 0.03
2570	| 6.08	| 6.17	| 0.08
2571	| 1.08	| 1.08	| 0.01
2572	| 1.88	| 1.89	| 0.01
2573	| 3.17	| 3.16	| 0.01
2574	| 5.28	| 5.29	| 0.00
2575	| 3.81	| 3.80	| 0.01
2576	| 5.51	| 5.60	| 0.09
2577	| 0.72	| 0.74	| 0.02
2578	| 5.31	| 5.42	| 0.11
2579	| 0.35	| 0.38	| 0.04
2580	| 5.31	| 5.31	| 0.00
2581	| 3.78	| 3.75	| 0.03
2582	| 4.71	| 4.70	| 0.01
2583	| 4.61	| 4.71	| 0.10
2584	| 1.46	| 1.53	| 0.07
2585	| 3.10	| 3.07	| 0.03
2586	| 5.46	| 5.47	| 0.00
2587	| 4.33	| 4.50	| 0.16
2588	| 1.07	| 1.04	| 0.03
2589	| 3.06	| 3.17	| 0.11
2590	| 5.50	| 5.62	| 0.13
2591	| 6.34	| 6.48	| 0.14
2592	| 3.82	| 3.98	| 0.16
2593	| 5.08	| 5.23	| 0.15
2594	| 2.17	| 2.14	| 0.03
2595	| 4.21	| 4.18	| 0.03
2596	| 3.10	| 3.02	| 0.09
2597	| 3.64	| 3.70	| 0.06
2598	| 3.90	| 3.92	| 0.02
2599	| 2.22	| 2.31	| 0.09
2600	| 4.53	| 4.45	| 0.07
2601	| 2.41	| 2.36	| 0.05
2602	| 1.42	| 1.45	| 0.03
2603	| 4.11	| 4.07	| 0.04
2604	| 0.06	| 0.08	| 0.02
2605	| 2.11	| 2.06	| 0.05
2606	| 2.33	| 2.29	| 0.04
2607	| 6.24	| 6.30	| 0.07
2608	| 3.37	| 3.33	| 0.04
2609	| 6.49	| 6.35	| 0.14
2610	| 1.04	| 1.00	| 0.04
2611	| 1.15	| 1.20	| 0.05
2612	| 5.51	| 5.61	| 0.10
2613	| 0.71	| 0.72	| 0.01
2614	| 0.05	| 0.04	| 0.01
2615	| 1.51	| 1.58	| 0.08
2616	| 5.16	| 5.15	| 0.01
2617	| 2.86	| 2.98	| 0.12
2618	| 3.01	| 3.06	| 0.05
2619	| 5.22	| 5.13	| 0.09
2620	| 1.13	| 1.15	| 0.02
2621	| 1.27	| 1.31	| 0.04
2622	| 0.02	| 0.03	| 0.01
2623	| 3.16	| 3.23	| 0.07
2624	| 5.08	| 5.04	| 0.04
2625	| 2.03	| 2.16	| 0.13
2626	| 0.39	| 0.43	| 0.04
2627	| 4.37	| 4.49	| 0.12
2628	| 5.22	| 5.02	| 0.20
2629	| 0.70	| 0.68	| 0.02
2630	| 4.93	| 4.96	| 0.03
2631	| 0.62	| 0.64	| 0.01
2632	| 1.49	| 1.45	| 0.04
2633	| 4.22	| 4.11	| 0.11
2634	| 1.41	| 1.34	| 0.07
2635	| 4.87	| 5.02	| 0.15
2636	| 3.28	| 3.26	| 0.03
2637	| 1.50	| 1.50	| 0.00
2638	| 3.04	| 3.19	| 0.15
2639	| 1.09	| 1.21	| 0.12
2640	| 5.56	| 5.64	| 0.09
2641	| 1.36	| 1.37	| 0.01
2642	| 0.52	| 0.50	| 0.02
2643	| 4.42	| 4.45	| 0.03
2644	| 1.75	| 1.67	| 0.08
2645	| 0.10	| 0.11	| 0.01
2646	| 0.17	| 0.19	| 0.02
2647	| 3.65	| 3.67	| 0.02
2648	| 1.89	| 1.85	| 0.04
2649	| 6.45	| 6.41	| 0.04
2650	| 4.82	| 5.03	| 0.20
2651	| 4.82	| 4.90	| 0.08
2652	| 1.29	| 1.41	| 0.13
2653	| 6.32	| 6.25	| 0.07
2654	| 3.72	| 3.79	| 0.07
2655	| 2.81	| 2.86	| 0.04
2656	| 5.07	| 5.10	| 0.04
2657	| 1.77	| 1.74	| 0.03
2658	| 4.33	| 4.46	| 0.12
2659	| 0.56	| 0.56	| 0.01
2660	| 5.05	| 4.97	| 0.08
2661	| 2.45	| 2.42	| 0.03
2662	| 6.47	| 6.43	| 0.04
2663	| 1.33	| 1.34	| 0.01
2664	| 0.77	| 0.75	| 0.02
2665	| 2.87	| 2.83	| 0.03
2666	| 1.00	| 0.99	| 0.01
2667	| 2.06	| 2.16	| 0.09
2668	| 2.20	| 2.30	| 0.10
2669	| 0.41	| 0.42	| 0.01
2670	| 2.59	| 2.62	| 0.03
2671	| 4.19	| 4.35	| 0.16
2672	| 0.06	| 0.05	| 0.01
2673	| 3.89	| 3.83	| 0.06
2674	| 2.91	| 2.94	| 0.03
2675	| 0.71	| 0.73	| 0.02
2676	| 5.12	| 5.10	| 0.02
2677	| 3.62	| 3.51	| 0.10
2678	| 5.75	| 5.80	| 0.05
2679	| 3.27	| 3.27	| 0.01
2680	| 3.29	| 3.16	| 0.12
2681	| 1.05	| 1.14	| 0.09
2682	| 3.22	| 3.36	| 0.14
2683	| 1.33	| 1.25	| 0.08
2684	| 1.51	| 1.50	| 0.01
2685	| 2.58	| 2.54	| 0.04
2686	| 6.42	| 6.39	| 0.04
2687	| 5.46	| 5.46	| 0.00
2688	| 5.33	| 5.28	| 0.05
2689	| 2.77	| 2.77	| 0.00
2690	| 1.86	| 1.87	| 0.02
2691	| 2.34	| 2.36	| 0.02
2692	| 3.56	| 3.65	| 0.09
2693	| 4.03	| 3.89	| 0.14
2694	| 0.35	| 0.37	| 0.02
2695	| 6.56	| 6.61	| 0.05
2696	| 4.20	| 4.28	| 0.08
2697	| 6.47	| 6.33	| 0.14
2698	| 4.36	| 4.40	| 0.04
2699	| 6.17	| 6.25	| 0.09
2700	| 0.24	| 0.25	| 0.01
2701	| 2.15	| 2.12	| 0.03
2702	| 5.48	| 5.43	| 0.05
2703	| 1.09	| 1.11	| 0.02
2704	| 0.94	| 0.94	| 0.00
2705	| 1.53	| 1.48	| 0.05
2706	| 1.02	| 1.05	| 0.03
2707	| 4.05	| 3.91	| 0.14
2708	| 0.06	| 0.06	| 0.00
2709	| 0.98	| 0.94	| 0.04
2710	| 5.50	| 5.42	| 0.08
2711	| 1.08	| 1.15	| 0.07
2712	| 5.22	| 5.33	| 0.11
2713	| 1.32	| 1.32	| 0.01
2714	| 2.73	| 2.80	| 0.07
2715	| 5.77	| 5.81	| 0.04
2716	| 5.04	| 5.06	| 0.02
2717	| 3.56	| 3.61	| 0.05
2718	| 3.78	| 3.91	| 0.13
2719	| 0.77	| 0.79	| 0.02
2720	| 5.25	| 5.39	| 0.14
2721	| 2.92	| 2.88	| 0.04
2722	| 0.94	| 0.97	| 0.03
2723	| 4.46	| 4.51	| 0.05
2724	| 6.23	| 6.26	| 0.03
2725	| 4.55	| 4.39	| 0.16
2726	| 4.84	| 5.02	| 0.18
2727	| 1.60	| 1.61	| 0.02
2728	| 2.72	| 2.65	| 0.07
2729	| 3.83	| 3.75	| 0.08
2730	| 4.75	| 4.59	| 0.16
2731	| 3.12	| 3.25	| 0.13
2732	| 1.34	| 1.32	| 0.02
2733	| 0.42	| 0.40	| 0.02
2734	| 1.56	| 1.50	| 0.06
2735	| 4.42	| 4.35	| 0.07
2736	| 4.90	| 4.88	| 0.01
2737	| 2.85	| 2.96	| 0.11
2738	| 6.35	| 6.31	| 0.04
2739	| 1.55	| 1.60	| 0.05
2740	| 1.29	| 1.27	| 0.01
2741	| 4.57	| 4.52	| 0.05
2742	| 5.74	| 5.69	| 0.04
2743	| 3.26	| 3.30	| 0.04
2744	| 1.89	| 1.94	| 0.06
2745	| 4.41	| 4.36	| 0.05
2746	| 0.76	| 0.74	| 0.02
2747	| 4.00	| 3.96	| 0.04
2748	| 4.78	| 4.75	| 0.03
2749	| 3.11	| 3.12	| 0.01
2750	| 3.11	| 3.12	| 0.01
2751	| 0.34	| 0.33	| 0.00
2752	| 3.56	| 3.46	| 0.10
2753	| 3.66	| 3.64	| 0.01
2754	| 4.36	| 4.44	| 0.08
2755	| 1.35	| 1.36	| 0.00
2756	| 6.21	| 6.29	| 0.08
2757	| 5.33	| 5.33	| 0.01
2758	| 2.99	| 3.00	| 0.01
2759	| 2.62	| 2.50	| 0.12
2760	| 2.46	| 2.44	| 0.02
2761	| 5.41	| 5.21	| 0.20
2762	| 5.29	| 5.23	| 0.06
2763	| 0.94	| 0.89	| 0.05
2764	| 0.70	| 0.67	| 0.03
2765	| 4.89	| 4.83	| 0.06
2766	| 3.89	| 3.89	| 0.00
2767	| 5.95	| 5.87	| 0.08
2768	| 3.89	| 3.99	| 0.10
2769	| 4.91	| 5.02	| 0.11
2770	| 5.91	| 5.90	| 0.02
2771	| 1.95	| 1.93	| 0.03
2772	| 1.97	| 2.00	| 0.03
2773	| 3.67	| 3.68	| 0.01
2774	| 4.16	| 4.23	| 0.06
2775	| 5.33	| 5.40	| 0.07
2776	| 3.92	| 3.98	| 0.05
2777	| 1.84	| 1.86	| 0.03
2778	| 4.33	| 4.21	| 0.12
2779	| 3.51	| 3.55	| 0.04
2780	| 3.74	| 3.63	| 0.11
2781	| 5.04	| 4.99	| 0.05
2782	| 1.20	| 1.25	| 0.05
2783	| 4.18	| 4.23	| 0.05
2784	| 5.15	| 5.16	| 0.01
2785	| 4.88	| 4.95	| 0.06
2786	| 1.03	| 1.07	| 0.04
2787	| 1.10	| 1.07	| 0.03
2788	| 0.08	| 0.08	| 0.00
2789	| 4.75	| 4.75	| 0.00
2790	| 0.68	| 0.62	| 0.06
2791	| 3.59	| 3.71	| 0.11
2792	| 5.02	| 5.16	| 0.14
2793	| 2.43	| 2.50	| 0.07
2794	| 0.07	| 0.07	| 0.00
2795	| 2.42	| 2.26	| 0.16
2796	| 5.85	| 5.75	| 0.09
2797	| 1.39	| 1.42	| 0.03
2798	| 5.36	| 5.32	| 0.04
2799	| 0.21	| 0.22	| 0.01
2800	| 4.75	| 4.76	| 0.01
2801	| 5.80	| 5.83	| 0.03
2802	| 3.00	| 2.97	| 0.04
2803	| 2.78	| 2.81	| 0.02
2804	| 3.11	| 3.10	| 0.01
2805	| 3.76	| 3.58	| 0.18
2806	| 2.50	| 2.52	| 0.02
2807	| 1.75	| 1.78	| 0.03
2808	| 3.19	| 3.25	| 0.06
2809	| 2.94	| 2.80	| 0.14
2810	| 2.40	| 2.37	| 0.03
2811	| 3.62	| 3.69	| 0.07
2812	| 6.19	| 6.14	| 0.05
2813	| 2.16	| 2.19	| 0.04
2814	| 3.54	| 3.65	| 0.11
2815	| 6.39	| 6.41	| 0.02
2816	| 6.14	| 6.09	| 0.05
2817	| 2.16	| 2.11	| 0.05
2818	| 4.96	| 4.87	| 0.10
2819	| 6.19	| 6.23	| 0.05
2820	| 3.50	| 3.42	| 0.08
2821	| 2.83	| 2.79	| 0.04
2822	| 4.22	| 4.28	| 0.06
2823	| 4.79	| 4.78	| 0.02
2824	| 5.19	| 5.27	| 0.09
2825	| 5.67	| 5.70	| 0.03
2826	| 2.65	| 2.62	| 0.03
2827	| 0.17	| 0.15	| 0.02
2828	| 2.79	| 2.87	| 0.08
2829	| 1.67	| 1.70	| 0.02
2830	| 5.53	| 5.51	| 0.02
2831	| 4.00	| 4.00	| 0.00
2832	| 5.46	| 5.46	| 0.01
2833	| 0.58	| 0.61	| 0.04
2834	| 5.35	| 5.24	| 0.11
2835	| 3.71	| 3.69	| 0.02
2836	| 0.27	| 0.24	| 0.03
2837	| 3.88	| 3.89	| 0.01
2838	| 0.78	| 0.82	| 0.04
2839	| 2.81	| 2.84	| 0.02
2840	| 4.22	| 4.14	| 0.09
2841	| 2.62	| 2.67	| 0.05
2842	| 4.12	| 4.14	| 0.01
2843	| 2.15	| 2.27	| 0.12
2844	| 1.79	| 1.77	| 0.02
2845	| 1.46	| 1.49	| 0.03
2846	| 4.86	| 4.93	| 0.07
2847	| 2.57	| 2.59	| 0.02
2848	| 1.31	| 1.35	| 0.04
2849	| 4.17	| 4.13	| 0.04
2850	| 1.33	| 1.31	| 0.03
2851	| 3.24	| 3.20	| 0.04
2852	| 2.72	| 2.74	| 0.02
2853	| 4.25	| 4.33	| 0.08
2854	| 2.32	| 2.34	| 0.02
2855	| 0.60	| 0.63	| 0.04
2856	| 5.81	| 5.74	| 0.07
2857	| 3.53	| 3.58	| 0.04
2858	| 3.52	| 3.46	| 0.06
2859	| 0.92	| 0.89	| 0.03
2860	| 6.40	| 6.45	| 0.06
2861	| 5.99	| 5.88	| 0.11
2862	| 0.55	| 0.55	| 0.01
2863	| 4.60	| 4.56	| 0.04
2864	| 4.11	| 4.03	| 0.08
2865	| 6.16	| 6.11	| 0.04
2866	| 3.77	| 3.69	| 0.09
2867	| 0.97	| 1.01	| 0.05
2868	| 0.16	| 0.15	| 0.01
2869	| 3.52	| 3.49	| 0.02
2870	| 1.87	| 1.86	| 0.01
2871	| 6.29	| 6.24	| 0.04
2872	| 1.72	| 1.74	| 0.02
2873	| 5.05	| 5.06	| 0.01
2874	| 6.28	| 6.32	| 0.04
2875	| 5.27	| 5.23	| 0.03
2876	| 1.15	| 1.19	| 0.04
2877	| 3.64	| 3.70	| 0.05
2878	| 2.62	| 2.56	| 0.06
2879	| 3.42	| 3.40	| 0.02
2880	| 1.96	| 2.00	| 0.04
2881	| 5.26	| 5.24	| 0.02
2882	| 6.03	| 6.15	| 0.12
2883	| 2.56	| 2.67	| 0.11
2884	| 0.05	| 0.07	| 0.01
2885	| 4.95	| 5.05	| 0.11
2886	| 3.87	| 3.89	| 0.01
2887	| 5.22	| 5.38	| 0.16
2888	| 2.25	| 2.26	| 0.01
2889	| 5.34	| 5.40	| 0.06
2890	| 2.75	| 2.66	| 0.09
2891	| 1.81	| 1.82	| 0.01
2892	| 6.04	| 6.03	| 0.01
2893	| 1.37	| 1.38	| 0.01
2894	| 2.76	| 2.78	| 0.02
2895	| 3.78	| 3.72	| 0.06
2896	| 3.90	| 3.86	| 0.04
2897	| 5.63	| 5.61	| 0.02
2898	| 5.58	| 5.60	| 0.02
2899	| 1.72	| 1.77	| 0.05
2900	| 6.15	| 6.16	| 0.01
2901	| 2.05	| 2.04	| 0.01
2902	| 1.54	| 1.63	| 0.09
2903	| 1.28	| 1.20	| 0.08
2904	| 1.30	| 1.34	| 0.04
2905	| 5.93	| 6.02	| 0.09
2906	| 4.00	| 3.83	| 0.17
2907	| 3.96	| 3.98	| 0.01
2908	| 4.18	| 4.21	| 0.03
2909	| 0.04	| 0.04	| 0.01
2910	| 0.61	| 0.56	| 0.05
2911	| 2.92	| 3.02	| 0.10
2912	| 4.94	| 4.92	| 0.02
2913	| 1.38	| 1.34	| 0.05
2914	| 3.82	| 3.87	| 0.04
2915	| 2.50	| 2.51	| 0.01
2916	| 0.30	| 0.28	| 0.02
2917	| 3.65	| 3.68	| 0.03
2918	| 1.31	| 1.26	| 0.05
2919	| 6.30	| 6.47	| 0.17
2920	| 0.63	| 0.68	| 0.05
2921	| 4.35	| 4.46	| 0.11
2922	| 5.10	| 5.15	| 0.05
2923	| 4.65	| 4.77	| 0.11
2924	| 4.06	| 3.96	| 0.10
2925	| 6.02	| 6.01	| 0.01
2926	| 6.40	| 6.47	| 0.08
2927	| 2.44	| 2.34	| 0.10
2928	| 4.05	| 4.18	| 0.13
2929	| 3.64	| 3.60	| 0.03
2930	| 2.75	| 2.77	| 0.03
2931	| 3.78	| 3.78	| 0.00
2932	| 2.13	| 2.14	| 0.00
2933	| 5.44	| 5.35	| 0.09
2934	| 5.73	| 5.73	| 0.00
2935	| 0.85	| 0.86	| 0.02
2936	| 2.87	| 2.94	| 0.07
2937	| 5.13	| 4.98	| 0.15
2938	| 4.58	| 4.46	| 0.12
2939	| 4.18	| 4.30	| 0.12
2940	| 5.45	| 5.46	| 0.01
2941	| 1.73	| 1.76	| 0.02
2942	| 1.26	| 1.26	| 0.01
2943	| 0.96	| 0.97	| 0.01
2944	| 5.40	| 5.40	| 0.00
2945	| 0.84	| 0.84	| 0.00
2946	| 4.87	| 5.00	| 0.13
2947	| 5.70	| 5.85	| 0.15
2948	| 0.95	| 0.89	| 0.07
2949	| 5.49	| 5.58	| 0.09
2950	| 3.04	| 3.08	| 0.04
2951	| 1.14	| 1.10	| 0.04
2952	| 2.71	| 2.80	| 0.09
2953	| 2.29	| 2.34	| 0.05
2954	| 4.92	| 5.03	| 0.11
2955	| 4.58	| 4.75	| 0.17
2956	| 2.71	| 2.61	| 0.10
2957	| 4.48	| 4.57	| 0.09
2958	| 4.92	| 5.16	| 0.24
2959	| 6.64	| 6.57	| 0.07
2960	| 5.44	| 5.55	| 0.11
2961	| 0.84	| 0.80	| 0.04
2962	| 1.90	| 1.89	| 0.01
2963	| 0.30	| 0.28	| 0.03
2964	| 5.30	| 5.32	| 0.01
2965	| 4.00	| 3.94	| 0.06
2966	| 4.17	| 4.19	| 0.02
2967	| 4.02	| 3.89	| 0.13
2968	| 4.23	| 4.15	| 0.08
2969	| 6.51	| 6.53	| 0.01
2970	| 0.83	| 0.94	| 0.11
2971	| 0.81	| 0.79	| 0.01
2972	| 0.04	| 0.03	| 0.01
2973	| 2.50	| 2.46	| 0.05
2974	| 4.63	| 4.63	| 0.01
2975	| 1.88	| 1.78	| 0.10
2976	| 1.46	| 1.47	| 0.01
2977	| 3.09	| 3.16	| 0.07
2978	| 2.96	| 2.97	| 0.01
2979	| 3.65	| 3.59	| 0.06
2980	| 2.80	| 2.84	| 0.04
2981	| 2.07	| 2.19	| 0.12
2982	| 0.15	| 0.15	| 0.00
2983	| 6.45	| 6.61	| 0.16
2984	| 3.67	| 3.61	| 0.06
2985	| 5.79	| 5.76	| 0.03
2986	| 0.68	| 0.67	| 0.00
2987	| 1.93	| 1.91	| 0.02
2988	| 2.89	| 2.93	| 0.04
2989	| 0.78	| 0.75	| 0.03
2990	| 3.67	| 3.47	| 0.19
2991	| 4.12	| 4.08	| 0.03
2992	| 6.11	| 6.04	| 0.06
2993	| 2.65	| 2.54	| 0.11
2994	| 1.00	| 1.00	| 0.00
2995	| 4.64	| 4.75	| 0.12
2996	| 4.73	| 4.75	| 0.02
2997	| 6.21	| 6.09	| 0.12
2998	| 0.28	| 0.27	| 0.01
2999	| 4.31	| 4.50	| 0.19
