Weighted Random Sampling Comparison on 100000 Trials
---------------------------------------------
Difference is bigger than 1% p in the following indices: []
Elapsed time: Fast: 37.086494417s, Fenwick: 953.474ms

---------------------------------------------
Probability(%) of each element being selected:
Element	| Fast	| Fenw	| Diff(Max-Min)
---------------------------------------------
0	| 0.10	| 0.11	| 0.01
1	| 0.04	| 0.02	| 0.03
2	| 0.24	| 0.27	| 0.04
3	| 0.00	| 0.00	| 0.00
4	| 0.25	| 0.25	| 0.00
5	| 0.16	| 0.14	| 0.01
6	| 0.17	| 0.15	| 0.02
7	| 0.34	| 0.32	| 0.02
8	| 0.30	| 0.31	| 0.01
9	| 0.15	| 0.17	| 0.02
10	| 0.05	| 0.04	| 0.01
11	| 0.13	| 0.13	| 0.00
12	| 0.12	| 0.10	| 0.02
13	| 0.34	| 0.37	| 0.03
14	| 0.32	| 0.32	| 0.01
15	| 0.12	| 0.12	| 0.00
16	| 0.22	| 0.22	| 0.00
17	| 0.17	| 0.14	| 0.03
18	| 0.03	| 0.02	| 0.00
19	| 0.22	| 0.22	| 0.01
20	| 0.01	| 0.01	| 0.00
21	| 0.17	| 0.17	| 0.00
22	| 0.29	| 0.29	| 0.00
23	| 0.11	| 0.13	| 0.02
24	| 0.20	| 0.21	| 0.01
25	| 0.24	| 0.21	| 0.04
26	| 0.23	| 0.21	| 0.02
27	| 0.24	| 0.28	| 0.04
28	| 0.06	| 0.07	| 0.01
29	| 0.15	| 0.16	| 0.00
30	| 0.25	| 0.25	| 0.01
31	| 0.06	| 0.06	| 0.00
32	| 0.00	| 0.00	| 0.00
33	| 0.19	| 0.16	| 0.02
34	| 0.12	| 0.15	| 0.03
35	| 0.22	| 0.24	| 0.02
36	| 0.13	| 0.17	| 0.03
37	| 0.29	| 0.30	| 0.01
38	| 0.10	| 0.10	| 0.00
39	| 0.02	| 0.02	| 0.00
40	| 0.34	| 0.34	| 0.00
41	| 0.04	| 0.03	| 0.01
42	| 0.24	| 0.24	| 0.01
43	| 0.05	| 0.06	| 0.00
44	| 0.18	| 0.18	| 0.00
45	| 0.07	| 0.06	| 0.01
46	| 0.03	| 0.01	| 0.02
47	| 0.27	| 0.29	| 0.02
48	| 0.24	| 0.22	| 0.01
49	| 0.29	| 0.31	| 0.02
50	| 0.01	| 0.01	| 0.00
51	| 0.06	| 0.05	| 0.01
52	| 0.21	| 0.20	| 0.01
53	| 0.19	| 0.23	| 0.04
54	| 0.22	| 0.18	| 0.04
55	| 0.15	| 0.20	| 0.05
56	| 0.16	| 0.12	| 0.04
57	| 0.01	| 0.01	| 0.01
58	| 0.18	| 0.18	| 0.01
59	| 0.11	| 0.13	| 0.02
60	| 0.33	| 0.30	| 0.03
61	| 0.20	| 0.24	| 0.04
62	| 0.02	| 0.02	| 0.00
63	| 0.22	| 0.24	| 0.02
64	| 0.22	| 0.21	| 0.01
65	| 0.34	| 0.33	| 0.01
66	| 0.03	| 0.03	| 0.00
67	| 0.00	| 0.00	| 0.00
68	| 0.06	| 0.07	| 0.01
69	| 0.07	| 0.08	| 0.01
70	| 0.12	| 0.11	| 0.00
71	| 0.14	| 0.13	| 0.01
72	| 0.08	| 0.09	| 0.01
73	| 0.21	| 0.20	| 0.01
74	| 0.18	| 0.15	| 0.03
75	| 0.11	| 0.09	| 0.02
76	| 0.25	| 0.27	| 0.02
77	| 0.09	| 0.09	| 0.00
78	| 0.11	| 0.11	| 0.00
79	| 0.21	| 0.20	| 0.01
80	| 0.22	| 0.23	| 0.00
81	| 0.20	| 0.19	| 0.01
82	| 0.24	| 0.22	| 0.03
83	| 0.12	| 0.14	| 0.02
84	| 0.09	| 0.09	| 0.00
85	| 0.01	| 0.03	| 0.01
86	| 0.11	| 0.12	| 0.01
87	| 0.16	| 0.15	| 0.01
88	| 0.32	| 0.31	| 0.00
89	| 0.00	| 0.01	| 0.01
90	| 0.29	| 0.30	| 0.01
91	| 0.05	| 0.06	| 0.00
92	| 0.13	| 0.10	| 0.03
93	| 0.20	| 0.23	| 0.03
94	| 0.14	| 0.16	| 0.01
95	| 0.26	| 0.27	| 0.02
96	| 0.21	| 0.24	| 0.03
97	| 0.15	| 0.16	| 0.00
98	| 0.31	| 0.30	| 0.01
99	| 0.23	| 0.26	| 0.03
100	| 0.04	| 0.05	| 0.01
101	| 0.27	| 0.26	| 0.01
102	| 0.33	| 0.32	| 0.01
103	| 0.31	| 0.34	| 0.04
104	| 0.15	| 0.16	| 0.01
105	| 0.03	| 0.04	| 0.01
106	| 0.13	| 0.13	| 0.00
107	| 0.06	| 0.05	| 0.01
108	| 0.11	| 0.11	| 0.00
109	| 0.15	| 0.12	| 0.02
110	| 0.06	| 0.06	| 0.00
111	| 0.18	| 0.17	| 0.01
112	| 0.08	| 0.07	| 0.02
113	| 0.21	| 0.22	| 0.00
114	| 0.19	| 0.21	| 0.02
115	| 0.22	| 0.22	| 0.00
116	| 0.13	| 0.13	| 0.00
117	| 0.31	| 0.31	| 0.00
118	| 0.21	| 0.21	| 0.00
119	| 0.18	| 0.17	| 0.00
120	| 0.13	| 0.14	| 0.01
121	| 0.26	| 0.28	| 0.02
122	| 0.24	| 0.24	| 0.01
123	| 0.10	| 0.09	| 0.01
124	| 0.23	| 0.25	| 0.02
125	| 0.01	| 0.01	| 0.00
126	| 0.04	| 0.04	| 0.00
127	| 0.21	| 0.23	| 0.02
128	| 0.27	| 0.31	| 0.03
129	| 0.08	| 0.06	| 0.02
130	| 0.03	| 0.03	| 0.00
131	| 0.20	| 0.19	| 0.01
132	| 0.27	| 0.30	| 0.03
133	| 0.09	| 0.10	| 0.01
134	| 0.34	| 0.31	| 0.03
135	| 0.04	| 0.05	| 0.00
136	| 0.18	| 0.22	| 0.04
137	| 0.00	| 0.00	| 0.00
138	| 0.27	| 0.29	| 0.02
139	| 0.21	| 0.20	| 0.01
140	| 0.15	| 0.15	| 0.00
141	| 0.21	| 0.19	| 0.02
142	| 0.17	| 0.17	| 0.00
143	| 0.14	| 0.15	| 0.01
144	| 0.19	| 0.19	| 0.00
145	| 0.32	| 0.29	| 0.03
146	| 0.13	| 0.13	| 0.00
147	| 0.04	| 0.05	| 0.01
148	| 0.35	| 0.33	| 0.02
149	| 0.01	| 0.02	| 0.00
150	| 0.06	| 0.06	| 0.00
151	| 0.16	| 0.14	| 0.02
152	| 0.13	| 0.12	| 0.00
153	| 0.10	| 0.09	| 0.01
154	| 0.16	| 0.20	| 0.04
155	| 0.24	| 0.24	| 0.01
156	| 0.15	| 0.14	| 0.01
157	| 0.17	| 0.17	| 0.00
158	| 0.13	| 0.15	| 0.01
159	| 0.26	| 0.24	| 0.02
160	| 0.10	| 0.12	| 0.02
161	| 0.07	| 0.08	| 0.01
162	| 0.13	| 0.13	| 0.00
163	| 0.14	| 0.15	| 0.01
164	| 0.25	| 0.24	| 0.01
165	| 0.16	| 0.14	| 0.02
166	| 0.12	| 0.10	| 0.02
167	| 0.07	| 0.08	| 0.01
168	| 0.12	| 0.12	| 0.00
169	| 0.11	| 0.09	| 0.02
170	| 0.33	| 0.33	| 0.00
171	| 0.21	| 0.24	| 0.03
172	| 0.27	| 0.32	| 0.05
173	| 0.32	| 0.31	| 0.01
174	| 0.21	| 0.17	| 0.04
175	| 0.11	| 0.11	| 0.00
176	| 0.20	| 0.20	| 0.01
177	| 0.04	| 0.04	| 0.00
178	| 0.09	| 0.11	| 0.02
179	| 0.21	| 0.22	| 0.01
180	| 0.18	| 0.17	| 0.01
181	| 0.24	| 0.23	| 0.00
182	| 0.07	| 0.06	| 0.01
183	| 0.13	| 0.10	| 0.03
184	| 0.03	| 0.01	| 0.01
185	| 0.00	| 0.00	| 0.00
186	| 0.29	| 0.29	| 0.00
187	| 0.19	| 0.17	| 0.02
188	| 0.26	| 0.22	| 0.04
189	| 0.27	| 0.27	| 0.00
190	| 0.19	| 0.17	| 0.02
191	| 0.31	| 0.32	| 0.01
192	| 0.21	| 0.21	| 0.00
193	| 0.04	| 0.03	| 0.01
194	| 0.30	| 0.29	| 0.01
195	| 0.30	| 0.30	| 0.00
196	| 0.05	| 0.07	| 0.02
197	| 0.04	| 0.04	| 0.00
198	| 0.08	| 0.06	| 0.01
199	| 0.04	| 0.03	| 0.01
200	| 0.18	| 0.21	| 0.03
201	| 0.16	| 0.18	| 0.02
202	| 0.01	| 0.01	| 0.00
203	| 0.13	| 0.10	| 0.03
204	| 0.26	| 0.27	| 0.01
205	| 0.01	| 0.01	| 0.00
206	| 0.04	| 0.05	| 0.01
207	| 0.02	| 0.02	| 0.00
208	| 0.24	| 0.21	| 0.02
209	| 0.21	| 0.20	| 0.01
210	| 0.22	| 0.25	| 0.04
211	| 0.18	| 0.22	| 0.04
212	| 0.08	| 0.11	| 0.03
213	| 0.05	| 0.05	| 0.00
214	| 0.27	| 0.27	| 0.00
215	| 0.09	| 0.06	| 0.03
216	| 0.30	| 0.27	| 0.03
217	| 0.06	| 0.07	| 0.01
218	| 0.03	| 0.03	| 0.01
219	| 0.13	| 0.13	| 0.00
220	| 0.20	| 0.19	| 0.01
221	| 0.03	| 0.02	| 0.01
222	| 0.21	| 0.19	| 0.01
223	| 0.29	| 0.34	| 0.05
224	| 0.01	| 0.01	| 0.00
225	| 0.27	| 0.27	| 0.00
226	| 0.03	| 0.03	| 0.01
227	| 0.21	| 0.18	| 0.02
228	| 0.28	| 0.26	| 0.02
229	| 0.10	| 0.10	| 0.01
230	| 0.13	| 0.11	| 0.02
231	| 0.07	| 0.09	| 0.02
232	| 0.24	| 0.28	| 0.04
233	| 0.29	| 0.26	| 0.03
234	| 0.06	| 0.05	| 0.01
235	| 0.09	| 0.09	| 0.00
236	| 0.30	| 0.28	| 0.01
237	| 0.10	| 0.10	| 0.00
238	| 0.33	| 0.33	| 0.00
239	| 0.10	| 0.10	| 0.00
240	| 0.24	| 0.22	| 0.02
241	| 0.13	| 0.12	| 0.01
242	| 0.05	| 0.06	| 0.00
243	| 0.16	| 0.14	| 0.02
244	| 0.04	| 0.05	| 0.01
245	| 0.36	| 0.33	| 0.03
246	| 0.06	| 0.04	| 0.01
247	| 0.04	| 0.04	| 0.00
248	| 0.33	| 0.35	| 0.02
249	| 0.16	| 0.18	| 0.03
250	| 0.13	| 0.14	| 0.01
251	| 0.27	| 0.32	| 0.05
252	| 0.15	| 0.16	| 0.01
253	| 0.01	| 0.02	| 0.00
254	| 0.18	| 0.19	| 0.01
255	| 0.29	| 0.30	| 0.02
256	| 0.12	| 0.16	| 0.04
257	| 0.16	| 0.19	| 0.03
258	| 0.04	| 0.05	| 0.01
259	| 0.19	| 0.18	| 0.01
260	| 0.14	| 0.14	| 0.00
261	| 0.24	| 0.20	| 0.03
262	| 0.04	| 0.04	| 0.00
263	| 0.19	| 0.23	| 0.04
264	| 0.29	| 0.22	| 0.07
265	| 0.24	| 0.25	| 0.01
266	| 0.16	| 0.17	| 0.01
267	| 0.11	| 0.13	| 0.02
268	| 0.05	| 0.05	| 0.00
269	| 0.19	| 0.20	| 0.01
270	| 0.04	| 0.04	| 0.00
271	| 0.06	| 0.07	| 0.01
272	| 0.30	| 0.29	| 0.01
273	| 0.29	| 0.27	| 0.02
274	| 0.12	| 0.13	| 0.01
275	| 0.22	| 0.25	| 0.03
276	| 0.33	| 0.31	| 0.02
277	| 0.20	| 0.20	| 0.00
278	| 0.29	| 0.31	| 0.02
279	| 0.16	| 0.21	| 0.05
280	| 0.19	| 0.21	| 0.03
281	| 0.32	| 0.30	| 0.02
282	| 0.10	| 0.08	| 0.03
283	| 0.24	| 0.23	| 0.01
284	| 0.20	| 0.22	| 0.02
285	| 0.14	| 0.13	| 0.02
286	| 0.12	| 0.11	| 0.01
287	| 0.27	| 0.26	| 0.01
288	| 0.08	| 0.07	| 0.01
289	| 0.12	| 0.13	| 0.01
290	| 0.20	| 0.18	| 0.02
291	| 0.18	| 0.18	| 0.00
292	| 0.04	| 0.02	| 0.02
293	| 0.04	| 0.04	| 0.00
294	| 0.14	| 0.18	| 0.03
295	| 0.26	| 0.30	| 0.04
296	| 0.27	| 0.28	| 0.00
297	| 0.02	| 0.02	| 0.01
298	| 0.24	| 0.21	| 0.03
299	| 0.09	| 0.10	| 0.01
300	| 0.09	| 0.09	| 0.00
301	| 0.10	| 0.09	| 0.00
302	| 0.08	| 0.07	| 0.01
303	| 0.07	| 0.06	| 0.01
304	| 0.25	| 0.27	| 0.02
305	| 0.24	| 0.26	| 0.02
306	| 0.32	| 0.29	| 0.03
307	| 0.05	| 0.05	| 0.01
308	| 0.28	| 0.31	| 0.03
309	| 0.29	| 0.28	| 0.01
310	| 0.15	| 0.16	| 0.01
311	| 0.27	| 0.32	| 0.05
312	| 0.10	| 0.09	| 0.01
313	| 0.14	| 0.12	| 0.02
314	| 0.29	| 0.28	| 0.01
315	| 0.32	| 0.30	| 0.02
316	| 0.09	| 0.10	| 0.01
317	| 0.14	| 0.16	| 0.02
318	| 0.07	| 0.06	| 0.01
319	| 0.31	| 0.25	| 0.06
320	| 0.09	| 0.09	| 0.00
321	| 0.07	| 0.07	| 0.00
322	| 0.23	| 0.25	| 0.02
323	| 0.32	| 0.31	| 0.01
324	| 0.00	| 0.00	| 0.00
325	| 0.20	| 0.21	| 0.01
326	| 0.08	| 0.09	| 0.01
327	| 0.16	| 0.14	| 0.02
328	| 0.35	| 0.34	| 0.01
329	| 0.09	| 0.10	| 0.01
330	| 0.12	| 0.13	| 0.02
331	| 0.33	| 0.33	| 0.00
332	| 0.23	| 0.32	| 0.08
333	| 0.21	| 0.22	| 0.02
334	| 0.16	| 0.14	| 0.01
335	| 0.13	| 0.14	| 0.01
336	| 0.20	| 0.21	| 0.01
337	| 0.07	| 0.07	| 0.00
338	| 0.25	| 0.24	| 0.00
339	| 0.02	| 0.03	| 0.00
340	| 0.04	| 0.03	| 0.01
341	| 0.12	| 0.13	| 0.02
342	| 0.07	| 0.08	| 0.01
343	| 0.12	| 0.11	| 0.01
344	| 0.02	| 0.03	| 0.01
345	| 0.05	| 0.04	| 0.01
346	| 0.26	| 0.25	| 0.01
347	| 0.15	| 0.15	| 0.01
348	| 0.25	| 0.28	| 0.03
349	| 0.00	| 0.00	| 0.00
350	| 0.05	| 0.05	| 0.00
351	| 0.04	| 0.04	| 0.00
352	| 0.17	| 0.15	| 0.02
353	| 0.30	| 0.32	| 0.02
354	| 0.07	| 0.07	| 0.00
355	| 0.31	| 0.33	| 0.02
356	| 0.28	| 0.28	| 0.00
357	| 0.14	| 0.16	| 0.01
358	| 0.14	| 0.14	| 0.00
359	| 0.01	| 0.01	| 0.00
360	| 0.15	| 0.15	| 0.00
361	| 0.09	| 0.09	| 0.00
362	| 0.21	| 0.22	| 0.01
363	| 0.30	| 0.30	| 0.01
364	| 0.17	| 0.15	| 0.01
365	| 0.18	| 0.17	| 0.02
366	| 0.11	| 0.12	| 0.00
367	| 0.01	| 0.00	| 0.01
368	| 0.14	| 0.14	| 0.00
369	| 0.31	| 0.29	| 0.02
370	| 0.04	| 0.03	| 0.01
371	| 0.01	| 0.01	| 0.00
372	| 0.11	| 0.12	| 0.01
373	| 0.08	| 0.07	| 0.01
374	| 0.16	| 0.17	| 0.01
375	| 0.33	| 0.32	| 0.01
376	| 0.05	| 0.07	| 0.02
377	| 0.21	| 0.23	| 0.02
378	| 0.08	| 0.10	| 0.01
379	| 0.01	| 0.01	| 0.00
380	| 0.26	| 0.23	| 0.03
381	| 0.07	| 0.06	| 0.02
382	| 0.26	| 0.29	| 0.03
383	| 0.04	| 0.05	| 0.01
384	| 0.09	| 0.08	| 0.01
385	| 0.34	| 0.33	| 0.00
386	| 0.15	| 0.15	| 0.00
387	| 0.19	| 0.17	| 0.02
388	| 0.01	| 0.01	| 0.01
389	| 0.31	| 0.30	| 0.01
390	| 0.11	| 0.12	| 0.01
391	| 0.33	| 0.31	| 0.02
392	| 0.23	| 0.23	| 0.00
393	| 0.08	| 0.07	| 0.02
394	| 0.15	| 0.17	| 0.01
395	| 0.16	| 0.15	| 0.01
396	| 0.14	| 0.15	| 0.01
397	| 0.31	| 0.33	| 0.02
398	| 0.18	| 0.18	| 0.00
399	| 0.07	| 0.07	| 0.01
400	| 0.04	| 0.03	| 0.02
401	| 0.32	| 0.26	| 0.06
402	| 0.15	| 0.14	| 0.01
403	| 0.09	| 0.10	| 0.01
404	| 0.18	| 0.17	| 0.01
405	| 0.27	| 0.27	| 0.00
406	| 0.19	| 0.19	| 0.00
407	| 0.17	| 0.18	| 0.01
408	| 0.19	| 0.19	| 0.00
409	| 0.12	| 0.11	| 0.01
410	| 0.17	| 0.19	| 0.02
411	| 0.07	| 0.07	| 0.00
412	| 0.18	| 0.18	| 0.00
413	| 0.22	| 0.23	| 0.01
414	| 0.34	| 0.32	| 0.02
415	| 0.07	| 0.07	| 0.00
416	| 0.11	| 0.14	| 0.02
417	| 0.09	| 0.10	| 0.01
418	| 0.18	| 0.19	| 0.01
419	| 0.31	| 0.29	| 0.02
420	| 0.12	| 0.12	| 0.00
421	| 0.29	| 0.29	| 0.01
422	| 0.12	| 0.15	| 0.03
423	| 0.03	| 0.04	| 0.01
424	| 0.21	| 0.22	| 0.01
425	| 0.09	| 0.09	| 0.00
426	| 0.26	| 0.27	| 0.01
427	| 0.00	| 0.00	| 0.00
428	| 0.14	| 0.12	| 0.02
429	| 0.31	| 0.28	| 0.03
430	| 0.28	| 0.30	| 0.02
431	| 0.11	| 0.10	| 0.00
432	| 0.31	| 0.24	| 0.07
433	| 0.18	| 0.19	| 0.01
434	| 0.03	| 0.02	| 0.00
435	| 0.07	| 0.06	| 0.01
436	| 0.17	| 0.18	| 0.01
437	| 0.19	| 0.21	| 0.02
438	| 0.15	| 0.16	| 0.01
439	| 0.18	| 0.18	| 0.01
440	| 0.15	| 0.14	| 0.00
441	| 0.27	| 0.25	| 0.02
442	| 0.27	| 0.27	| 0.00
443	| 0.06	| 0.07	| 0.01
444	| 0.04	| 0.04	| 0.00
445	| 0.07	| 0.09	| 0.02
446	| 0.22	| 0.21	| 0.01
447	| 0.04	| 0.03	| 0.01
448	| 0.03	| 0.02	| 0.01
449	| 0.19	| 0.17	| 0.02
450	| 0.29	| 0.31	| 0.02
451	| 0.11	| 0.09	| 0.02
452	| 0.14	| 0.11	| 0.03
453	| 0.18	| 0.18	| 0.01
454	| 0.04	| 0.04	| 0.00
455	| 0.30	| 0.33	| 0.04
456	| 0.13	| 0.14	| 0.01
457	| 0.17	| 0.15	| 0.02
458	| 0.09	| 0.10	| 0.01
459	| 0.07	| 0.08	| 0.01
460	| 0.27	| 0.25	| 0.02
461	| 0.27	| 0.23	| 0.04
462	| 0.07	| 0.07	| 0.00
463	| 0.12	| 0.10	| 0.01
464	| 0.01	| 0.01	| 0.00
465	| 0.15	| 0.20	| 0.05
466	| 0.30	| 0.31	| 0.01
467	| 0.35	| 0.34	| 0.01
468	| 0.14	| 0.17	| 0.03
469	| 0.17	| 0.16	| 0.01
470	| 0.06	| 0.06	| 0.00
471	| 0.08	| 0.08	| 0.00
472	| 0.14	| 0.14	| 0.01
473	| 0.20	| 0.19	| 0.00
474	| 0.28	| 0.33	| 0.05
475	| 0.34	| 0.34	| 0.00
476	| 0.08	| 0.08	| 0.00
477	| 0.15	| 0.13	| 0.02
478	| 0.33	| 0.32	| 0.01
479	| 0.03	| 0.04	| 0.00
480	| 0.08	| 0.07	| 0.01
481	| 0.03	| 0.03	| 0.01
482	| 0.06	| 0.06	| 0.00
483	| 0.06	| 0.06	| 0.00
484	| 0.31	| 0.30	| 0.01
485	| 0.24	| 0.26	| 0.03
486	| 0.26	| 0.21	| 0.04
487	| 0.25	| 0.22	| 0.03
488	| 0.19	| 0.20	| 0.01
489	| 0.08	| 0.07	| 0.01
490	| 0.14	| 0.15	| 0.00
491	| 0.04	| 0.03	| 0.01
492	| 0.10	| 0.09	| 0.02
493	| 0.22	| 0.21	| 0.01
494	| 0.23	| 0.24	| 0.00
495	| 0.00	| 0.00	| 0.00
496	| 0.02	| 0.02	| 0.00
497	| 0.18	| 0.19	| 0.01
498	| 0.30	| 0.29	| 0.01
499	| 0.00	| 0.00	| 0.00
500	| 0.26	| 0.24	| 0.02
501	| 0.26	| 0.27	| 0.01
502	| 0.07	| 0.04	| 0.03
503	| 0.15	| 0.16	| 0.00
504	| 0.13	| 0.17	| 0.04
505	| 0.08	| 0.08	| 0.00
506	| 0.15	| 0.19	| 0.03
507	| 0.32	| 0.32	| 0.01
508	| 0.04	| 0.04	| 0.01
509	| 0.20	| 0.19	| 0.01
510	| 0.08	| 0.06	| 0.02
511	| 0.10	| 0.07	| 0.02
512	| 0.29	| 0.26	| 0.03
513	| 0.25	| 0.28	| 0.03
514	| 0.09	| 0.09	| 0.01
515	| 0.10	| 0.10	| 0.00
516	| 0.23	| 0.19	| 0.04
517	| 0.28	| 0.27	| 0.01
518	| 0.28	| 0.32	| 0.05
519	| 0.13	| 0.13	| 0.00
520	| 0.18	| 0.13	| 0.05
521	| 0.20	| 0.19	| 0.01
522	| 0.21	| 0.21	| 0.01
523	| 0.20	| 0.20	| 0.00
524	| 0.10	| 0.10	| 0.01
525	| 0.27	| 0.25	| 0.03
526	| 0.30	| 0.33	| 0.03
527	| 0.23	| 0.28	| 0.05
528	| 0.13	| 0.14	| 0.01
529	| 0.23	| 0.22	| 0.01
530	| 0.30	| 0.29	| 0.01
531	| 0.19	| 0.22	| 0.02
532	| 0.00	| 0.00	| 0.00
533	| 0.31	| 0.33	| 0.02
534	| 0.10	| 0.11	| 0.01
535	| 0.05	| 0.06	| 0.01
536	| 0.08	| 0.06	| 0.02
537	| 0.10	| 0.08	| 0.01
538	| 0.09	| 0.09	| 0.00
539	| 0.25	| 0.22	| 0.04
540	| 0.15	| 0.15	| 0.00
541	| 0.22	| 0.22	| 0.00
542	| 0.09	| 0.09	| 0.00
543	| 0.13	| 0.15	| 0.02
544	| 0.34	| 0.33	| 0.01
545	| 0.00	| 0.00	| 0.00
546	| 0.13	| 0.13	| 0.00
547	| 0.33	| 0.27	| 0.06
548	| 0.01	| 0.01	| 0.00
549	| 0.29	| 0.29	| 0.00
550	| 0.07	| 0.08	| 0.01
551	| 0.19	| 0.20	| 0.01
552	| 0.12	| 0.12	| 0.00
553	| 0.22	| 0.24	| 0.01
554	| 0.04	| 0.04	| 0.00
555	| 0.29	| 0.33	| 0.03
556	| 0.13	| 0.12	| 0.01
557	| 0.24	| 0.23	| 0.01
558	| 0.00	| 0.00	| 0.00
559	| 0.08	| 0.08	| 0.00
560	| 0.06	| 0.07	| 0.01
561	| 0.17	| 0.17	| 0.00
562	| 0.28	| 0.24	| 0.03
563	| 0.01	| 0.01	| 0.00
564	| 0.18	| 0.22	| 0.04
565	| 0.28	| 0.33	| 0.05
566	| 0.04	| 0.03	| 0.01
567	| 0.09	| 0.09	| 0.00
568	| 0.15	| 0.17	| 0.02
569	| 0.16	| 0.17	| 0.00
570	| 0.06	| 0.06	| 0.01
571	| 0.20	| 0.18	| 0.02
572	| 0.04	| 0.04	| 0.00
573	| 0.06	| 0.07	| 0.02
574	| 0.09	| 0.10	| 0.02
575	| 0.20	| 0.17	| 0.03
576	| 0.07	| 0.06	| 0.01
577	| 0.28	| 0.28	| 0.00
578	| 0.21	| 0.24	| 0.03
579	| 0.02	| 0.02	| 0.01
580	| 0.14	| 0.12	| 0.02
581	| 0.25	| 0.20	| 0.05
582	| 0.01	| 0.01	| 0.01
583	| 0.07	| 0.07	| 0.00
584	| 0.29	| 0.27	| 0.03
585	| 0.14	| 0.15	| 0.01
586	| 0.21	| 0.22	| 0.00
587	| 0.34	| 0.34	| 0.00
588	| 0.05	| 0.05	| 0.00
589	| 0.10	| 0.11	| 0.01
590	| 0.24	| 0.22	| 0.02
591	| 0.26	| 0.26	| 0.00
592	| 0.01	| 0.01	| 0.01
593	| 0.27	| 0.24	| 0.03
594	| 0.17	| 0.16	| 0.01
595	| 0.24	| 0.24	| 0.01
596	| 0.30	| 0.33	| 0.02
597	| 0.11	| 0.10	| 0.01
598	| 0.28	| 0.27	| 0.02
599	| 0.33	| 0.32	| 0.01
600	| 0.14	| 0.12	| 0.01
601	| 0.34	| 0.28	| 0.05
602	| 0.27	| 0.30	| 0.03
603	| 0.22	| 0.22	| 0.01
604	| 0.29	| 0.31	| 0.02
605	| 0.34	| 0.30	| 0.04
606	| 0.05	| 0.06	| 0.01
607	| 0.15	| 0.15	| 0.00
608	| 0.19	| 0.15	| 0.04
609	| 0.25	| 0.26	| 0.02
610	| 0.08	| 0.08	| 0.00
611	| 0.02	| 0.02	| 0.00
612	| 0.27	| 0.26	| 0.02
613	| 0.00	| 0.00	| 0.00
614	| 0.22	| 0.26	| 0.04
615	| 0.23	| 0.19	| 0.05
616	| 0.19	| 0.20	| 0.00
617	| 0.13	| 0.12	| 0.00
618	| 0.10	| 0.10	| 0.01
619	| 0.05	| 0.07	| 0.01
620	| 0.26	| 0.27	| 0.01
621	| 0.02	| 0.02	| 0.01
622	| 0.17	| 0.16	| 0.01
623	| 0.06	| 0.07	| 0.02
624	| 0.05	| 0.06	| 0.01
625	| 0.08	| 0.10	| 0.01
626	| 0.23	| 0.20	| 0.03
627	| 0.30	| 0.36	| 0.06
628	| 0.07	| 0.07	| 0.01
629	| 0.32	| 0.35	| 0.02
630	| 0.17	| 0.18	| 0.01
631	| 0.26	| 0.26	| 0.00
632	| 0.13	| 0.13	| 0.00
633	| 0.04	| 0.03	| 0.00
634	| 0.04	| 0.04	| 0.00
635	| 0.09	| 0.09	| 0.00
636	| 0.06	| 0.04	| 0.01
637	| 0.24	| 0.22	| 0.02
638	| 0.04	| 0.03	| 0.01
639	| 0.14	| 0.15	| 0.01
640	| 0.09	| 0.08	| 0.01
641	| 0.24	| 0.22	| 0.03
642	| 0.18	| 0.15	| 0.02
643	| 0.32	| 0.31	| 0.01
644	| 0.04	| 0.05	| 0.01
645	| 0.29	| 0.28	| 0.01
646	| 0.26	| 0.25	| 0.01
647	| 0.25	| 0.27	| 0.02
648	| 0.14	| 0.14	| 0.00
649	| 0.01	| 0.01	| 0.00
650	| 0.21	| 0.17	| 0.04
651	| 0.20	| 0.21	| 0.01
652	| 0.25	| 0.26	| 0.01
653	| 0.26	| 0.27	| 0.01
654	| 0.18	| 0.18	| 0.01
655	| 0.18	| 0.16	| 0.02
656	| 0.24	| 0.24	| 0.00
657	| 0.15	| 0.14	| 0.01
658	| 0.32	| 0.32	| 0.00
659	| 0.24	| 0.22	| 0.02
660	| 0.30	| 0.28	| 0.01
661	| 0.17	| 0.15	| 0.01
662	| 0.16	| 0.19	| 0.03
663	| 0.16	| 0.16	| 0.00
664	| 0.09	| 0.10	| 0.01
665	| 0.31	| 0.34	| 0.02
666	| 0.29	| 0.28	| 0.01
667	| 0.19	| 0.18	| 0.01
668	| 0.31	| 0.32	| 0.01
669	| 0.01	| 0.00	| 0.01
670	| 0.03	| 0.04	| 0.01
671	| 0.12	| 0.15	| 0.03
672	| 0.07	| 0.08	| 0.01
673	| 0.23	| 0.20	| 0.03
674	| 0.22	| 0.23	| 0.01
675	| 0.29	| 0.28	| 0.02
676	| 0.29	| 0.29	| 0.00
677	| 0.11	| 0.11	| 0.00
678	| 0.00	| 0.01	| 0.00
679	| 0.28	| 0.29	| 0.01
680	| 0.17	| 0.19	| 0.02
681	| 0.05	| 0.04	| 0.01
682	| 0.09	| 0.11	| 0.02
683	| 0.21	| 0.19	| 0.02
684	| 0.16	| 0.15	| 0.01
685	| 0.18	| 0.16	| 0.02
686	| 0.21	| 0.21	| 0.00
687	| 0.04	| 0.05	| 0.00
688	| 0.13	| 0.16	| 0.03
689	| 0.08	| 0.09	| 0.01
690	| 0.37	| 0.30	| 0.06
691	| 0.28	| 0.30	| 0.02
692	| 0.02	| 0.03	| 0.01
693	| 0.02	| 0.03	| 0.00
694	| 0.25	| 0.26	| 0.00
695	| 0.30	| 0.31	| 0.00
696	| 0.03	| 0.03	| 0.00
697	| 0.09	| 0.10	| 0.01
698	| 0.18	| 0.16	| 0.02
699	| 0.06	| 0.11	| 0.05
700	| 0.13	| 0.14	| 0.01
701	| 0.27	| 0.28	| 0.02
702	| 0.22	| 0.26	| 0.05
703	| 0.29	| 0.31	| 0.02
704	| 0.27	| 0.24	| 0.04
705	| 0.29	| 0.28	| 0.01
706	| 0.20	| 0.22	| 0.02
707	| 0.29	| 0.30	| 0.01
708	| 0.11	| 0.10	| 0.01
709	| 0.27	| 0.26	| 0.01
710	| 0.17	| 0.20	| 0.03
711	| 0.29	| 0.32	| 0.03
712	| 0.16	| 0.14	| 0.02
713	| 0.13	| 0.17	| 0.04
714	| 0.16	| 0.15	| 0.01
715	| 0.28	| 0.29	| 0.01
716	| 0.27	| 0.26	| 0.02
717	| 0.14	| 0.15	| 0.01
718	| 0.06	| 0.06	| 0.01
719	| 0.03	| 0.03	| 0.00
720	| 0.05	| 0.05	| 0.00
721	| 0.13	| 0.12	| 0.01
722	| 0.29	| 0.27	| 0.03
723	| 0.19	| 0.20	| 0.01
724	| 0.33	| 0.30	| 0.02
725	| 0.03	| 0.03	| 0.00
726	| 0.12	| 0.11	| 0.02
727	| 0.11	| 0.15	| 0.03
728	| 0.21	| 0.18	| 0.03
729	| 0.16	| 0.15	| 0.01
730	| 0.19	| 0.19	| 0.00
731	| 0.30	| 0.31	| 0.00
732	| 0.18	| 0.21	| 0.03
733	| 0.29	| 0.28	| 0.01
734	| 0.03	| 0.03	| 0.01
735	| 0.13	| 0.15	| 0.02
736	| 0.28	| 0.27	| 0.01
737	| 0.28	| 0.29	| 0.01
738	| 0.03	| 0.03	| 0.00
739	| 0.12	| 0.12	| 0.01
740	| 0.28	| 0.27	| 0.01
741	| 0.19	| 0.18	| 0.01
742	| 0.10	| 0.11	| 0.01
743	| 0.04	| 0.04	| 0.00
744	| 0.03	| 0.02	| 0.00
745	| 0.32	| 0.30	| 0.02
746	| 0.20	| 0.18	| 0.03
747	| 0.18	| 0.15	| 0.04
748	| 0.21	| 0.21	| 0.00
749	| 0.07	| 0.07	| 0.00
750	| 0.03	| 0.03	| 0.00
751	| 0.15	| 0.12	| 0.03
752	| 0.11	| 0.10	| 0.00
753	| 0.05	| 0.04	| 0.01
754	| 0.09	| 0.10	| 0.01
755	| 0.09	| 0.09	| 0.00
756	| 0.17	| 0.15	| 0.01
757	| 0.15	| 0.13	| 0.02
758	| 0.15	| 0.16	| 0.01
759	| 0.17	| 0.14	| 0.02
760	| 0.13	| 0.13	| 0.00
761	| 0.00	| 0.01	| 0.00
762	| 0.16	| 0.15	| 0.01
763	| 0.11	| 0.11	| 0.00
764	| 0.03	| 0.03	| 0.00
765	| 0.25	| 0.25	| 0.00
766	| 0.32	| 0.28	| 0.04
767	| 0.00	| 0.00	| 0.00
768	| 0.32	| 0.34	| 0.02
769	| 0.03	| 0.03	| 0.00
770	| 0.31	| 0.34	| 0.03
771	| 0.27	| 0.24	| 0.03
772	| 0.19	| 0.19	| 0.01
773	| 0.06	| 0.06	| 0.00
774	| 0.28	| 0.27	| 0.01
775	| 0.26	| 0.25	| 0.01
776	| 0.19	| 0.15	| 0.04
777	| 0.07	| 0.09	| 0.02
778	| 0.27	| 0.26	| 0.00
779	| 0.31	| 0.33	| 0.02
780	| 0.17	| 0.18	| 0.01
781	| 0.08	| 0.09	| 0.00
782	| 0.19	| 0.18	| 0.01
783	| 0.14	| 0.16	| 0.02
784	| 0.19	| 0.22	| 0.02
785	| 0.09	| 0.11	| 0.02
786	| 0.24	| 0.22	| 0.02
787	| 0.06	| 0.06	| 0.00
788	| 0.30	| 0.31	| 0.02
789	| 0.09	| 0.10	| 0.00
790	| 0.12	| 0.11	| 0.01
791	| 0.07	| 0.06	| 0.01
792	| 0.24	| 0.26	| 0.02
793	| 0.25	| 0.26	| 0.01
794	| 0.21	| 0.19	| 0.01
795	| 0.19	| 0.20	| 0.01
796	| 0.32	| 0.30	| 0.02
797	| 0.27	| 0.27	| 0.00
798	| 0.22	| 0.26	| 0.04
799	| 0.22	| 0.21	| 0.01
800	| 0.27	| 0.30	| 0.03
801	| 0.11	| 0.12	| 0.01
802	| 0.19	| 0.18	| 0.01
803	| 0.18	| 0.18	| 0.01
804	| 0.24	| 0.26	| 0.02
805	| 0.19	| 0.17	| 0.02
806	| 0.02	| 0.01	| 0.01
807	| 0.11	| 0.10	| 0.01
808	| 0.17	| 0.20	| 0.02
809	| 0.05	| 0.07	| 0.02
810	| 0.14	| 0.14	| 0.00
811	| 0.29	| 0.31	| 0.02
812	| 0.31	| 0.31	| 0.00
813	| 0.22	| 0.23	| 0.01
814	| 0.03	| 0.03	| 0.00
815	| 0.17	| 0.17	| 0.00
816	| 0.25	| 0.28	| 0.03
817	| 0.24	| 0.22	| 0.02
818	| 0.32	| 0.34	| 0.02
819	| 0.03	| 0.03	| 0.00
820	| 0.06	| 0.06	| 0.00
821	| 0.29	| 0.29	| 0.00
822	| 0.24	| 0.23	| 0.01
823	| 0.23	| 0.26	| 0.03
824	| 0.08	| 0.12	| 0.04
825	| 0.27	| 0.24	| 0.03
826	| 0.28	| 0.28	| 0.00
827	| 0.31	| 0.35	| 0.04
828	| 0.11	| 0.11	| 0.00
829	| 0.32	| 0.28	| 0.04
830	| 0.30	| 0.30	| 0.00
831	| 0.20	| 0.23	| 0.03
832	| 0.27	| 0.26	| 0.01
833	| 0.05	| 0.04	| 0.01
834	| 0.08	| 0.08	| 0.00
835	| 0.27	| 0.29	| 0.02
836	| 0.26	| 0.29	| 0.03
837	| 0.10	| 0.11	| 0.01
838	| 0.14	| 0.14	| 0.01
839	| 0.00	| 0.00	| 0.00
840	| 0.28	| 0.26	| 0.02
841	| 0.19	| 0.18	| 0.01
842	| 0.09	| 0.11	| 0.01
843	| 0.32	| 0.28	| 0.04
844	| 0.08	| 0.08	| 0.00
845	| 0.14	| 0.10	| 0.05
846	| 0.17	| 0.15	| 0.02
847	| 0.27	| 0.28	| 0.01
848	| 0.24	| 0.24	| 0.00
849	| 0.24	| 0.19	| 0.05
850	| 0.30	| 0.32	| 0.02
851	| 0.15	| 0.15	| 0.00
852	| 0.33	| 0.32	| 0.01
853	| 0.31	| 0.29	| 0.02
854	| 0.21	| 0.22	| 0.01
855	| 0.30	| 0.32	| 0.02
856	| 0.26	| 0.25	| 0.01
857	| 0.09	| 0.11	| 0.02
858	| 0.16	| 0.15	| 0.01
859	| 0.01	| 0.01	| 0.00
860	| 0.03	| 0.03	| 0.00
861	| 0.10	| 0.09	| 0.01
862	| 0.07	| 0.07	| 0.00
863	| 0.29	| 0.33	| 0.04
864	| 0.17	| 0.14	| 0.03
865	| 0.23	| 0.19	| 0.04
866	| 0.33	| 0.32	| 0.01
867	| 0.33	| 0.29	| 0.03
868	| 0.17	| 0.17	| 0.00
869	| 0.21	| 0.18	| 0.03
870	| 0.18	| 0.19	| 0.01
871	| 0.18	| 0.17	| 0.01
872	| 0.24	| 0.27	| 0.03
873	| 0.13	| 0.15	| 0.02
874	| 0.07	| 0.07	| 0.01
875	| 0.07	| 0.07	| 0.01
876	| 0.03	| 0.04	| 0.01
877	| 0.10	| 0.10	| 0.01
878	| 0.06	| 0.04	| 0.02
879	| 0.19	| 0.18	| 0.01
880	| 0.09	| 0.09	| 0.01
881	| 0.14	| 0.13	| 0.01
882	| 0.31	| 0.31	| 0.00
883	| 0.10	| 0.12	| 0.02
884	| 0.30	| 0.27	| 0.04
885	| 0.12	| 0.10	| 0.02
886	| 0.11	| 0.13	| 0.01
887	| 0.05	| 0.06	| 0.01
888	| 0.06	| 0.05	| 0.01
889	| 0.19	| 0.21	| 0.01
890	| 0.22	| 0.21	| 0.01
891	| 0.28	| 0.29	| 0.01
892	| 0.04	| 0.04	| 0.00
893	| 0.31	| 0.30	| 0.01
894	| 0.32	| 0.32	| 0.00
895	| 0.30	| 0.28	| 0.01
896	| 0.10	| 0.08	| 0.02
897	| 0.12	| 0.11	| 0.01
898	| 0.14	| 0.14	| 0.01
899	| 0.28	| 0.30	| 0.02
900	| 0.30	| 0.31	| 0.01
901	| 0.18	| 0.18	| 0.00
902	| 0.10	| 0.08	| 0.02
903	| 0.08	| 0.09	| 0.00
904	| 0.08	| 0.06	| 0.03
905	| 0.07	| 0.07	| 0.00
906	| 0.06	| 0.05	| 0.01
907	| 0.07	| 0.05	| 0.02
908	| 0.28	| 0.30	| 0.02
909	| 0.11	| 0.12	| 0.01
910	| 0.34	| 0.36	| 0.02
911	| 0.21	| 0.17	| 0.05
912	| 0.07	| 0.09	| 0.01
913	| 0.22	| 0.24	| 0.02
914	| 0.08	| 0.08	| 0.00
915	| 0.03	| 0.02	| 0.00
916	| 0.24	| 0.21	| 0.04
917	| 0.26	| 0.27	| 0.01
918	| 0.02	| 0.02	| 0.00
919	| 0.23	| 0.24	| 0.01
920	| 0.16	| 0.17	| 0.02
921	| 0.01	| 0.01	| 0.00
922	| 0.21	| 0.21	| 0.00
923	| 0.01	| 0.00	| 0.00
924	| 0.31	| 0.33	| 0.02
925	| 0.14	| 0.14	| 0.00
926	| 0.03	| 0.03	| 0.00
927	| 0.06	| 0.07	| 0.01
928	| 0.00	| 0.00	| 0.00
929	| 0.27	| 0.28	| 0.01
930	| 0.18	| 0.19	| 0.01
931	| 0.30	| 0.28	| 0.02
932	| 0.15	| 0.18	| 0.03
933	| 0.29	| 0.29	| 0.01
934	| 0.03	| 0.04	| 0.01
935	| 0.27	| 0.28	| 0.01
936	| 0.34	| 0.32	| 0.02
937	| 0.20	| 0.19	| 0.01
938	| 0.14	| 0.13	| 0.01
939	| 0.02	| 0.03	| 0.00
940	| 0.13	| 0.12	| 0.01
941	| 0.16	| 0.17	| 0.01
942	| 0.28	| 0.26	| 0.02
943	| 0.06	| 0.05	| 0.02
944	| 0.00	| 0.00	| 0.00
945	| 0.24	| 0.24	| 0.01
946	| 0.19	| 0.20	| 0.01
947	| 0.28	| 0.25	| 0.04
948	| 0.08	| 0.07	| 0.01
949	| 0.27	| 0.26	| 0.02
950	| 0.12	| 0.11	| 0.01
951	| 0.05	| 0.04	| 0.00
952	| 0.10	| 0.09	| 0.01
953	| 0.27	| 0.27	| 0.00
954	| 0.16	| 0.18	| 0.02
955	| 0.06	| 0.04	| 0.02
956	| 0.11	| 0.10	| 0.01
957	| 0.05	| 0.04	| 0.01
958	| 0.09	| 0.08	| 0.00
959	| 0.04	| 0.04	| 0.00
960	| 0.08	| 0.09	| 0.01
961	| 0.29	| 0.28	| 0.00
962	| 0.15	| 0.17	| 0.02
963	| 0.02	| 0.02	| 0.00
964	| 0.15	| 0.17	| 0.02
965	| 0.28	| 0.32	| 0.04
966	| 0.15	| 0.16	| 0.01
967	| 0.17	| 0.18	| 0.01
968	| 0.00	| 0.00	| 0.00
969	| 0.00	| 0.01	| 0.01
970	| 0.31	| 0.35	| 0.04
971	| 0.03	| 0.04	| 0.01
972	| 0.27	| 0.30	| 0.03
973	| 0.22	| 0.24	| 0.02
974	| 0.17	| 0.18	| 0.01
975	| 0.27	| 0.25	| 0.02
976	| 0.25	| 0.25	| 0.01
977	| 0.21	| 0.18	| 0.04
978	| 0.27	| 0.26	| 0.01
979	| 0.02	| 0.02	| 0.00
980	| 0.26	| 0.24	| 0.01
981	| 0.13	| 0.12	| 0.01
982	| 0.29	| 0.30	| 0.01
983	| 0.25	| 0.23	| 0.02
984	| 0.06	| 0.05	| 0.01
985	| 0.10	| 0.11	| 0.01
986	| 0.08	| 0.10	| 0.02
987	| 0.01	| 0.01	| 0.00
988	| 0.00	| 0.00	| 0.00
989	| 0.27	| 0.27	| 0.00
990	| 0.30	| 0.31	| 0.01
991	| 0.23	| 0.16	| 0.06
992	| 0.19	| 0.18	| 0.01
993	| 0.13	| 0.15	| 0.02
994	| 0.24	| 0.24	| 0.00
995	| 0.24	| 0.27	| 0.03
996	| 0.17	| 0.17	| 0.00
997	| 0.20	| 0.23	| 0.03
998	| 0.27	| 0.24	| 0.02
999	| 0.27	| 0.25	| 0.02
1000	| 0.02	| 0.02	| 0.00
1001	| 0.19	| 0.20	| 0.01
1002	| 0.11	| 0.12	| 0.01
1003	| 0.04	| 0.03	| 0.00
1004	| 0.11	| 0.11	| 0.00
1005	| 0.12	| 0.12	| 0.00
1006	| 0.16	| 0.19	| 0.03
1007	| 0.01	| 0.01	| 0.00
1008	| 0.27	| 0.28	| 0.01
1009	| 0.13	| 0.13	| 0.00
1010	| 0.32	| 0.32	| 0.00
1011	| 0.22	| 0.20	| 0.02
1012	| 0.11	| 0.12	| 0.01
1013	| 0.14	| 0.13	| 0.01
1014	| 0.06	| 0.06	| 0.00
1015	| 0.05	| 0.05	| 0.01
1016	| 0.04	| 0.05	| 0.01
1017	| 0.17	| 0.17	| 0.00
1018	| 0.01	| 0.01	| 0.00
1019	| 0.02	| 0.04	| 0.02
1020	| 0.09	| 0.07	| 0.02
1021	| 0.33	| 0.35	| 0.02
1022	| 0.15	| 0.14	| 0.02
1023	| 0.15	| 0.15	| 0.00
1024	| 0.03	| 0.03	| 0.00
1025	| 0.03	| 0.03	| 0.00
1026	| 0.03	| 0.04	| 0.01
1027	| 0.16	| 0.14	| 0.02
1028	| 0.01	| 0.01	| 0.00
1029	| 0.03	| 0.03	| 0.00
1030	| 0.03	| 0.03	| 0.00
1031	| 0.22	| 0.23	| 0.01
1032	| 0.29	| 0.29	| 0.01
1033	| 0.34	| 0.28	| 0.06
1034	| 0.25	| 0.25	| 0.00
1035	| 0.33	| 0.30	| 0.03
1036	| 0.32	| 0.31	| 0.02
1037	| 0.03	| 0.03	| 0.00
1038	| 0.07	| 0.08	| 0.01
1039	| 0.17	| 0.20	| 0.03
1040	| 0.03	| 0.04	| 0.00
1041	| 0.06	| 0.07	| 0.02
1042	| 0.02	| 0.01	| 0.00
1043	| 0.23	| 0.22	| 0.01
1044	| 0.07	| 0.08	| 0.00
1045	| 0.33	| 0.31	| 0.03
1046	| 0.14	| 0.17	| 0.03
1047	| 0.09	| 0.09	| 0.00
1048	| 0.11	| 0.12	| 0.01
1049	| 0.21	| 0.22	| 0.01
1050	| 0.17	| 0.19	| 0.02
1051	| 0.01	| 0.01	| 0.00
1052	| 0.06	| 0.06	| 0.01
1053	| 0.35	| 0.33	| 0.03
1054	| 0.18	| 0.17	| 0.01
1055	| 0.26	| 0.27	| 0.01
1056	| 0.06	| 0.08	| 0.02
1057	| 0.09	| 0.10	| 0.01
1058	| 0.28	| 0.27	| 0.01
1059	| 0.02	| 0.03	| 0.01
1060	| 0.27	| 0.22	| 0.06
1061	| 0.28	| 0.26	| 0.02
1062	| 0.02	| 0.03	| 0.01
1063	| 0.32	| 0.29	| 0.03
1064	| 0.01	| 0.01	| 0.00
1065	| 0.12	| 0.12	| 0.00
1066	| 0.03	| 0.03	| 0.00
1067	| 0.15	| 0.15	| 0.00
1068	| 0.08	| 0.08	| 0.01
1069	| 0.05	| 0.03	| 0.01
1070	| 0.34	| 0.34	| 0.00
1071	| 0.22	| 0.24	| 0.02
1072	| 0.01	| 0.01	| 0.01
1073	| 0.17	| 0.17	| 0.01
1074	| 0.06	| 0.07	| 0.00
1075	| 0.12	| 0.12	| 0.01
1076	| 0.34	| 0.33	| 0.01
1077	| 0.33	| 0.31	| 0.02
1078	| 0.13	| 0.14	| 0.01
1079	| 0.29	| 0.29	| 0.00
1080	| 0.03	| 0.03	| 0.01
1081	| 0.25	| 0.26	| 0.01
1082	| 0.16	| 0.18	| 0.02
1083	| 0.21	| 0.23	| 0.02
1084	| 0.04	| 0.04	| 0.01
1085	| 0.05	| 0.05	| 0.00
1086	| 0.07	| 0.06	| 0.02
1087	| 0.27	| 0.33	| 0.06
1088	| 0.17	| 0.18	| 0.01
1089	| 0.32	| 0.31	| 0.02
1090	| 0.18	| 0.18	| 0.00
1091	| 0.22	| 0.22	| 0.00
1092	| 0.00	| 0.00	| 0.00
1093	| 0.09	| 0.10	| 0.02
1094	| 0.04	| 0.03	| 0.01
1095	| 0.17	| 0.16	| 0.01
1096	| 0.04	| 0.05	| 0.01
1097	| 0.22	| 0.20	| 0.01
1098	| 0.18	| 0.17	| 0.01
1099	| 0.07	| 0.05	| 0.02
1100	| 0.23	| 0.21	| 0.02
1101	| 0.08	| 0.08	| 0.00
1102	| 0.09	| 0.08	| 0.01
1103	| 0.08	| 0.09	| 0.01
1104	| 0.10	| 0.09	| 0.00
1105	| 0.16	| 0.14	| 0.01
1106	| 0.03	| 0.03	| 0.00
1107	| 0.26	| 0.26	| 0.01
1108	| 0.28	| 0.23	| 0.05
1109	| 0.09	| 0.09	| 0.00
1110	| 0.02	| 0.01	| 0.00
1111	| 0.07	| 0.07	| 0.00
1112	| 0.19	| 0.21	| 0.02
1113	| 0.25	| 0.28	| 0.03
1114	| 0.29	| 0.31	| 0.02
1115	| 0.12	| 0.13	| 0.01
1116	| 0.22	| 0.20	| 0.02
1117	| 0.24	| 0.23	| 0.01
1118	| 0.13	| 0.11	| 0.02
1119	| 0.29	| 0.31	| 0.03
1120	| 0.13	| 0.14	| 0.01
1121	| 0.12	| 0.09	| 0.03
1122	| 0.33	| 0.29	| 0.03
1123	| 0.30	| 0.30	| 0.00
1124	| 0.23	| 0.22	| 0.01
1125	| 0.18	| 0.17	| 0.01
1126	| 0.14	| 0.14	| 0.00
1127	| 0.25	| 0.20	| 0.05
1128	| 0.01	| 0.01	| 0.00
1129	| 0.33	| 0.32	| 0.02
1130	| 0.14	| 0.14	| 0.00
1131	| 0.00	| 0.00	| 0.00
1132	| 0.04	| 0.04	| 0.00
1133	| 0.04	| 0.03	| 0.01
1134	| 0.34	| 0.32	| 0.02
1135	| 0.23	| 0.22	| 0.01
1136	| 0.07	| 0.07	| 0.00
1137	| 0.14	| 0.11	| 0.02
1138	| 0.35	| 0.35	| 0.00
1139	| 0.32	| 0.32	| 0.00
1140	| 0.05	| 0.05	| 0.00
1141	| 0.14	| 0.14	| 0.00
1142	| 0.19	| 0.21	| 0.02
1143	| 0.03	| 0.04	| 0.01
1144	| 0.09	| 0.11	| 0.03
1145	| 0.17	| 0.19	| 0.02
1146	| 0.23	| 0.20	| 0.03
1147	| 0.02	| 0.02	| 0.00
1148	| 0.13	| 0.13	| 0.00
1149	| 0.03	| 0.03	| 0.00
1150	| 0.14	| 0.12	| 0.01
1151	| 0.01	| 0.01	| 0.01
1152	| 0.22	| 0.23	| 0.02
1153	| 0.08	| 0.08	| 0.00
1154	| 0.25	| 0.26	| 0.01
1155	| 0.08	| 0.08	| 0.01
1156	| 0.22	| 0.25	| 0.02
1157	| 0.06	| 0.07	| 0.01
1158	| 0.30	| 0.27	| 0.02
1159	| 0.10	| 0.09	| 0.01
1160	| 0.24	| 0.22	| 0.02
1161	| 0.02	| 0.02	| 0.00
1162	| 0.31	| 0.33	| 0.02
1163	| 0.21	| 0.21	| 0.01
1164	| 0.12	| 0.11	| 0.01
1165	| 0.31	| 0.27	| 0.04
1166	| 0.18	| 0.18	| 0.00
1167	| 0.02	| 0.02	| 0.00
1168	| 0.06	| 0.07	| 0.01
1169	| 0.15	| 0.15	| 0.00
1170	| 0.30	| 0.30	| 0.00
1171	| 0.26	| 0.31	| 0.05
1172	| 0.37	| 0.31	| 0.06
1173	| 0.04	| 0.04	| 0.00
1174	| 0.08	| 0.08	| 0.00
1175	| 0.07	| 0.08	| 0.01
1176	| 0.31	| 0.29	| 0.02
1177	| 0.05	| 0.04	| 0.00
1178	| 0.11	| 0.12	| 0.01
1179	| 0.24	| 0.28	| 0.04
1180	| 0.35	| 0.36	| 0.01
1181	| 0.03	| 0.03	| 0.00
1182	| 0.13	| 0.11	| 0.02
1183	| 0.27	| 0.26	| 0.01
1184	| 0.04	| 0.04	| 0.00
1185	| 0.32	| 0.33	| 0.01
1186	| 0.05	| 0.06	| 0.01
1187	| 0.14	| 0.14	| 0.00
1188	| 0.24	| 0.27	| 0.03
1189	| 0.25	| 0.25	| 0.01
1190	| 0.01	| 0.01	| 0.01
1191	| 0.08	| 0.10	| 0.02
1192	| 0.19	| 0.20	| 0.01
1193	| 0.18	| 0.18	| 0.00
1194	| 0.25	| 0.23	| 0.02
1195	| 0.33	| 0.31	| 0.02
1196	| 0.29	| 0.26	| 0.02
1197	| 0.05	| 0.03	| 0.02
1198	| 0.03	| 0.03	| 0.00
1199	| 0.04	| 0.04	| 0.00
1200	| 0.21	| 0.19	| 0.02
1201	| 0.13	| 0.11	| 0.02
1202	| 0.15	| 0.17	| 0.02
1203	| 0.27	| 0.29	| 0.02
1204	| 0.05	| 0.04	| 0.01
1205	| 0.27	| 0.32	| 0.05
1206	| 0.14	| 0.14	| 0.00
1207	| 0.23	| 0.21	| 0.01
1208	| 0.31	| 0.33	| 0.02
1209	| 0.30	| 0.30	| 0.00
1210	| 0.20	| 0.19	| 0.02
1211	| 0.07	| 0.09	| 0.02
1212	| 0.29	| 0.35	| 0.05
1213	| 0.30	| 0.28	| 0.02
1214	| 0.09	| 0.09	| 0.00
1215	| 0.15	| 0.17	| 0.03
1216	| 0.06	| 0.06	| 0.00
1217	| 0.11	| 0.11	| 0.00
1218	| 0.28	| 0.30	| 0.02
1219	| 0.07	| 0.06	| 0.01
1220	| 0.18	| 0.17	| 0.01
1221	| 0.07	| 0.08	| 0.01
1222	| 0.04	| 0.03	| 0.01
1223	| 0.07	| 0.07	| 0.00
1224	| 0.18	| 0.17	| 0.01
1225	| 0.10	| 0.11	| 0.01
1226	| 0.04	| 0.03	| 0.01
1227	| 0.24	| 0.23	| 0.01
1228	| 0.26	| 0.25	| 0.01
1229	| 0.32	| 0.30	| 0.02
1230	| 0.29	| 0.30	| 0.01
1231	| 0.23	| 0.25	| 0.02
1232	| 0.11	| 0.11	| 0.01
1233	| 0.12	| 0.12	| 0.00
1234	| 0.04	| 0.04	| 0.00
1235	| 0.08	| 0.06	| 0.02
1236	| 0.11	| 0.10	| 0.01
1237	| 0.20	| 0.19	| 0.01
1238	| 0.34	| 0.32	| 0.02
1239	| 0.31	| 0.33	| 0.02
1240	| 0.04	| 0.03	| 0.01
1241	| 0.18	| 0.17	| 0.01
1242	| 0.17	| 0.16	| 0.01
1243	| 0.26	| 0.29	| 0.04
1244	| 0.05	| 0.07	| 0.01
1245	| 0.29	| 0.30	| 0.01
1246	| 0.00	| 0.00	| 0.00
1247	| 0.08	| 0.08	| 0.00
1248	| 0.26	| 0.27	| 0.01
1249	| 0.01	| 0.01	| 0.00
1250	| 0.03	| 0.03	| 0.00
1251	| 0.18	| 0.17	| 0.01
1252	| 0.21	| 0.24	| 0.03
1253	| 0.17	| 0.19	| 0.02
1254	| 0.29	| 0.30	| 0.01
1255	| 0.25	| 0.29	| 0.04
1256	| 0.10	| 0.11	| 0.01
1257	| 0.28	| 0.28	| 0.00
1258	| 0.04	| 0.04	| 0.00
1259	| 0.29	| 0.28	| 0.01
1260	| 0.27	| 0.25	| 0.01
1261	| 0.06	| 0.06	| 0.00
1262	| 0.07	| 0.09	| 0.02
1263	| 0.11	| 0.10	| 0.00
1264	| 0.21	| 0.21	| 0.01
1265	| 0.19	| 0.21	| 0.02
1266	| 0.20	| 0.18	| 0.02
1267	| 0.23	| 0.22	| 0.01
1268	| 0.25	| 0.27	| 0.01
1269	| 0.33	| 0.32	| 0.01
1270	| 0.01	| 0.02	| 0.01
1271	| 0.17	| 0.22	| 0.05
1272	| 0.10	| 0.12	| 0.02
1273	| 0.29	| 0.28	| 0.01
1274	| 0.07	| 0.08	| 0.01
1275	| 0.22	| 0.23	| 0.01
1276	| 0.29	| 0.29	| 0.00
1277	| 0.28	| 0.26	| 0.02
1278	| 0.18	| 0.18	| 0.00
1279	| 0.32	| 0.30	| 0.01
1280	| 0.06	| 0.06	| 0.00
1281	| 0.37	| 0.34	| 0.03
1282	| 0.36	| 0.35	| 0.01
1283	| 0.27	| 0.25	| 0.02
1284	| 0.02	| 0.02	| 0.00
1285	| 0.03	| 0.03	| 0.00
1286	| 0.15	| 0.16	| 0.01
1287	| 0.33	| 0.35	| 0.02
1288	| 0.17	| 0.18	| 0.01
1289	| 0.20	| 0.19	| 0.01
1290	| 0.16	| 0.16	| 0.00
1291	| 0.23	| 0.21	| 0.02
1292	| 0.21	| 0.20	| 0.01
1293	| 0.31	| 0.31	| 0.00
1294	| 0.20	| 0.20	| 0.01
1295	| 0.18	| 0.16	| 0.02
1296	| 0.10	| 0.11	| 0.01
1297	| 0.13	| 0.13	| 0.00
1298	| 0.07	| 0.05	| 0.03
1299	| 0.01	| 0.01	| 0.00
1300	| 0.10	| 0.08	| 0.01
1301	| 0.09	| 0.06	| 0.03
1302	| 0.13	| 0.12	| 0.01
1303	| 0.08	| 0.08	| 0.00
1304	| 0.19	| 0.21	| 0.02
1305	| 0.16	| 0.15	| 0.01
1306	| 0.04	| 0.03	| 0.01
1307	| 0.20	| 0.19	| 0.01
1308	| 0.27	| 0.26	| 0.01
1309	| 0.29	| 0.25	| 0.04
1310	| 0.04	| 0.03	| 0.01
1311	| 0.09	| 0.09	| 0.00
1312	| 0.02	| 0.02	| 0.01
1313	| 0.05	| 0.05	| 0.00
1314	| 0.12	| 0.09	| 0.02
1315	| 0.02	| 0.01	| 0.01
1316	| 0.14	| 0.13	| 0.01
1317	| 0.11	| 0.11	| 0.00
1318	| 0.20	| 0.18	| 0.02
1319	| 0.29	| 0.32	| 0.03
1320	| 0.26	| 0.27	| 0.01
1321	| 0.31	| 0.31	| 0.00
1322	| 0.34	| 0.33	| 0.01
1323	| 0.22	| 0.18	| 0.05
1324	| 0.25	| 0.24	| 0.01
1325	| 0.05	| 0.05	| 0.00
1326	| 0.02	| 0.03	| 0.01
1327	| 0.03	| 0.03	| 0.00
1328	| 0.14	| 0.12	| 0.02
1329	| 0.05	| 0.05	| 0.00
1330	| 0.25	| 0.29	| 0.04
1331	| 0.06	| 0.05	| 0.01
1332	| 0.12	| 0.13	| 0.00
1333	| 0.24	| 0.25	| 0.01
1334	| 0.27	| 0.24	| 0.03
1335	| 0.19	| 0.20	| 0.01
1336	| 0.10	| 0.09	| 0.01
1337	| 0.18	| 0.16	| 0.01
1338	| 0.08	| 0.07	| 0.01
1339	| 0.12	| 0.12	| 0.00
1340	| 0.20	| 0.21	| 0.01
1341	| 0.18	| 0.18	| 0.01
1342	| 0.26	| 0.24	| 0.02
1343	| 0.29	| 0.27	| 0.02
1344	| 0.01	| 0.01	| 0.00
1345	| 0.31	| 0.30	| 0.01
1346	| 0.35	| 0.35	| 0.00
1347	| 0.29	| 0.26	| 0.03
1348	| 0.28	| 0.32	| 0.04
1349	| 0.29	| 0.24	| 0.05
1350	| 0.31	| 0.27	| 0.04
1351	| 0.27	| 0.29	| 0.02
1352	| 0.11	| 0.10	| 0.01
1353	| 0.31	| 0.32	| 0.01
1354	| 0.10	| 0.10	| 0.00
1355	| 0.24	| 0.21	| 0.03
1356	| 0.13	| 0.12	| 0.01
1357	| 0.15	| 0.19	| 0.04
1358	| 0.01	| 0.01	| 0.00
1359	| 0.12	| 0.11	| 0.01
1360	| 0.17	| 0.16	| 0.01
1361	| 0.33	| 0.30	| 0.03
1362	| 0.24	| 0.24	| 0.00
1363	| 0.00	| 0.00	| 0.00
1364	| 0.06	| 0.04	| 0.02
1365	| 0.07	| 0.08	| 0.02
1366	| 0.23	| 0.22	| 0.01
1367	| 0.26	| 0.26	| 0.01
1368	| 0.06	| 0.06	| 0.00
1369	| 0.34	| 0.30	| 0.04
1370	| 0.11	| 0.13	| 0.01
1371	| 0.01	| 0.01	| 0.00
1372	| 0.15	| 0.16	| 0.01
1373	| 0.11	| 0.12	| 0.01
1374	| 0.31	| 0.31	| 0.00
1375	| 0.20	| 0.17	| 0.03
1376	| 0.16	| 0.15	| 0.01
1377	| 0.07	| 0.08	| 0.01
1378	| 0.14	| 0.10	| 0.03
1379	| 0.25	| 0.25	| 0.00
1380	| 0.04	| 0.03	| 0.01
1381	| 0.24	| 0.25	| 0.02
1382	| 0.27	| 0.28	| 0.01
1383	| 0.19	| 0.16	| 0.02
1384	| 0.35	| 0.36	| 0.01
1385	| 0.14	| 0.13	| 0.01
1386	| 0.06	| 0.06	| 0.01
1387	| 0.08	| 0.08	| 0.00
1388	| 0.20	| 0.22	| 0.02
1389	| 0.20	| 0.16	| 0.03
1390	| 0.11	| 0.10	| 0.01
1391	| 0.10	| 0.10	| 0.00
1392	| 0.23	| 0.20	| 0.03
1393	| 0.14	| 0.12	| 0.01
1394	| 0.31	| 0.30	| 0.01
1395	| 0.17	| 0.17	| 0.00
1396	| 0.32	| 0.32	| 0.00
1397	| 0.22	| 0.24	| 0.02
1398	| 0.32	| 0.32	| 0.00
1399	| 0.29	| 0.33	| 0.04
1400	| 0.24	| 0.21	| 0.03
1401	| 0.20	| 0.23	| 0.02
1402	| 0.22	| 0.20	| 0.01
1403	| 0.22	| 0.23	| 0.01
1404	| 0.16	| 0.18	| 0.01
1405	| 0.21	| 0.23	| 0.02
1406	| 0.22	| 0.23	| 0.01
1407	| 0.22	| 0.18	| 0.04
1408	| 0.15	| 0.15	| 0.01
1409	| 0.01	| 0.01	| 0.00
1410	| 0.12	| 0.11	| 0.01
1411	| 0.19	| 0.22	| 0.03
1412	| 0.29	| 0.29	| 0.00
1413	| 0.20	| 0.17	| 0.03
1414	| 0.27	| 0.28	| 0.01
1415	| 0.11	| 0.13	| 0.01
1416	| 0.30	| 0.28	| 0.01
1417	| 0.31	| 0.34	| 0.03
1418	| 0.29	| 0.28	| 0.01
1419	| 0.28	| 0.26	| 0.02
1420	| 0.23	| 0.20	| 0.03
1421	| 0.19	| 0.20	| 0.01
1422	| 0.18	| 0.15	| 0.03
1423	| 0.12	| 0.11	| 0.01
1424	| 0.17	| 0.16	| 0.01
1425	| 0.17	| 0.19	| 0.02
1426	| 0.13	| 0.14	| 0.01
1427	| 0.05	| 0.08	| 0.02
1428	| 0.28	| 0.29	| 0.01
1429	| 0.26	| 0.28	| 0.02
1430	| 0.28	| 0.30	| 0.02
1431	| 0.24	| 0.23	| 0.01
1432	| 0.07	| 0.04	| 0.02
1433	| 0.15	| 0.14	| 0.01
1434	| 0.17	| 0.16	| 0.01
1435	| 0.28	| 0.29	| 0.01
1436	| 0.27	| 0.29	| 0.02
1437	| 0.13	| 0.13	| 0.00
1438	| 0.07	| 0.09	| 0.02
1439	| 0.26	| 0.27	| 0.01
1440	| 0.09	| 0.10	| 0.01
1441	| 0.11	| 0.12	| 0.01
1442	| 0.31	| 0.32	| 0.01
1443	| 0.13	| 0.15	| 0.02
1444	| 0.10	| 0.11	| 0.01
1445	| 0.01	| 0.03	| 0.01
1446	| 0.01	| 0.02	| 0.00
1447	| 0.26	| 0.23	| 0.03
1448	| 0.20	| 0.22	| 0.02
1449	| 0.18	| 0.14	| 0.04
1450	| 0.01	| 0.00	| 0.00
1451	| 0.29	| 0.30	| 0.02
1452	| 0.28	| 0.28	| 0.01
1453	| 0.25	| 0.24	| 0.00
1454	| 0.32	| 0.31	| 0.01
1455	| 0.09	| 0.10	| 0.01
1456	| 0.13	| 0.10	| 0.02
1457	| 0.28	| 0.25	| 0.03
1458	| 0.28	| 0.30	| 0.02
1459	| 0.21	| 0.23	| 0.03
1460	| 0.32	| 0.32	| 0.00
1461	| 0.08	| 0.08	| 0.00
1462	| 0.07	| 0.06	| 0.01
1463	| 0.11	| 0.10	| 0.01
1464	| 0.21	| 0.22	| 0.01
1465	| 0.19	| 0.17	| 0.02
1466	| 0.03	| 0.02	| 0.01
1467	| 0.15	| 0.16	| 0.01
1468	| 0.08	| 0.07	| 0.01
1469	| 0.21	| 0.22	| 0.02
1470	| 0.10	| 0.12	| 0.01
1471	| 0.19	| 0.20	| 0.01
1472	| 0.27	| 0.29	| 0.01
1473	| 0.21	| 0.20	| 0.01
1474	| 0.01	| 0.03	| 0.01
1475	| 0.19	| 0.19	| 0.00
1476	| 0.12	| 0.15	| 0.03
1477	| 0.10	| 0.08	| 0.01
1478	| 0.11	| 0.15	| 0.04
1479	| 0.16	| 0.15	| 0.01
1480	| 0.13	| 0.14	| 0.01
1481	| 0.01	| 0.01	| 0.00
1482	| 0.14	| 0.14	| 0.01
1483	| 0.33	| 0.33	| 0.00
1484	| 0.04	| 0.04	| 0.00
1485	| 0.06	| 0.07	| 0.01
1486	| 0.09	| 0.09	| 0.00
1487	| 0.02	| 0.03	| 0.01
1488	| 0.27	| 0.28	| 0.01
1489	| 0.06	| 0.06	| 0.00
1490	| 0.03	| 0.03	| 0.00
1491	| 0.16	| 0.15	| 0.01
1492	| 0.29	| 0.27	| 0.02
1493	| 0.37	| 0.29	| 0.08
1494	| 0.17	| 0.17	| 0.00
1495	| 0.13	| 0.16	| 0.03
1496	| 0.24	| 0.24	| 0.00
1497	| 0.04	| 0.04	| 0.00
1498	| 0.03	| 0.04	| 0.01
1499	| 0.08	| 0.08	| 0.00
1500	| 0.15	| 0.14	| 0.01
1501	| 0.20	| 0.20	| 0.01
1502	| 0.24	| 0.27	| 0.02
1503	| 0.13	| 0.12	| 0.02
1504	| 0.32	| 0.28	| 0.04
1505	| 0.17	| 0.17	| 0.00
1506	| 0.01	| 0.01	| 0.00
1507	| 0.23	| 0.22	| 0.01
1508	| 0.15	| 0.16	| 0.01
1509	| 0.16	| 0.16	| 0.00
1510	| 0.13	| 0.13	| 0.00
1511	| 0.06	| 0.04	| 0.02
1512	| 0.24	| 0.22	| 0.03
1513	| 0.21	| 0.23	| 0.01
1514	| 0.15	| 0.13	| 0.02
1515	| 0.29	| 0.34	| 0.04
1516	| 0.32	| 0.33	| 0.01
1517	| 0.02	| 0.02	| 0.00
1518	| 0.24	| 0.23	| 0.02
1519	| 0.31	| 0.28	| 0.03
1520	| 0.09	| 0.08	| 0.01
1521	| 0.29	| 0.29	| 0.01
1522	| 0.00	| 0.00	| 0.00
1523	| 0.05	| 0.06	| 0.01
1524	| 0.26	| 0.31	| 0.05
1525	| 0.17	| 0.18	| 0.01
1526	| 0.23	| 0.23	| 0.00
1527	| 0.29	| 0.30	| 0.01
1528	| 0.01	| 0.01	| 0.00
1529	| 0.34	| 0.30	| 0.03
1530	| 0.14	| 0.16	| 0.01
1531	| 0.19	| 0.19	| 0.01
1532	| 0.33	| 0.30	| 0.03
1533	| 0.26	| 0.28	| 0.02
1534	| 0.01	| 0.01	| 0.00
1535	| 0.24	| 0.24	| 0.01
1536	| 0.03	| 0.02	| 0.01
1537	| 0.03	| 0.05	| 0.01
1538	| 0.05	| 0.06	| 0.01
1539	| 0.17	| 0.19	| 0.02
1540	| 0.22	| 0.22	| 0.00
1541	| 0.08	| 0.07	| 0.01
1542	| 0.05	| 0.05	| 0.00
1543	| 0.29	| 0.30	| 0.01
1544	| 0.26	| 0.25	| 0.01
1545	| 0.01	| 0.02	| 0.01
1546	| 0.14	| 0.16	| 0.02
1547	| 0.24	| 0.29	| 0.05
1548	| 0.28	| 0.27	| 0.01
1549	| 0.08	| 0.10	| 0.01
1550	| 0.04	| 0.05	| 0.01
1551	| 0.31	| 0.34	| 0.03
1552	| 0.27	| 0.28	| 0.01
1553	| 0.07	| 0.06	| 0.01
1554	| 0.04	| 0.03	| 0.02
1555	| 0.32	| 0.32	| 0.00
1556	| 0.06	| 0.06	| 0.00
1557	| 0.17	| 0.19	| 0.02
1558	| 0.26	| 0.22	| 0.05
1559	| 0.05	| 0.05	| 0.01
1560	| 0.14	| 0.15	| 0.01
1561	| 0.11	| 0.09	| 0.01
1562	| 0.06	| 0.05	| 0.01
1563	| 0.23	| 0.23	| 0.00
1564	| 0.02	| 0.03	| 0.00
1565	| 0.16	| 0.17	| 0.00
1566	| 0.14	| 0.11	| 0.03
1567	| 0.05	| 0.05	| 0.00
1568	| 0.11	| 0.10	| 0.01
1569	| 0.12	| 0.13	| 0.01
1570	| 0.31	| 0.29	| 0.02
1571	| 0.12	| 0.15	| 0.02
1572	| 0.25	| 0.23	| 0.02
1573	| 0.03	| 0.02	| 0.01
1574	| 0.27	| 0.29	| 0.02
1575	| 0.24	| 0.26	| 0.02
1576	| 0.17	| 0.19	| 0.01
1577	| 0.07	| 0.07	| 0.00
1578	| 0.22	| 0.21	| 0.01
1579	| 0.10	| 0.11	| 0.00
1580	| 0.04	| 0.05	| 0.01
1581	| 0.07	| 0.09	| 0.02
1582	| 0.06	| 0.05	| 0.00
1583	| 0.32	| 0.31	| 0.01
1584	| 0.03	| 0.05	| 0.01
1585	| 0.09	| 0.09	| 0.00
1586	| 0.31	| 0.33	| 0.03
1587	| 0.08	| 0.08	| 0.00
1588	| 0.06	| 0.05	| 0.01
1589	| 0.15	| 0.18	| 0.03
1590	| 0.21	| 0.19	| 0.02
1591	| 0.15	| 0.13	| 0.02
1592	| 0.17	| 0.15	| 0.02
1593	| 0.07	| 0.08	| 0.01
1594	| 0.06	| 0.06	| 0.00
1595	| 0.08	| 0.08	| 0.00
1596	| 0.29	| 0.28	| 0.01
1597	| 0.11	| 0.11	| 0.00
1598	| 0.09	| 0.08	| 0.01
1599	| 0.33	| 0.33	| 0.00
1600	| 0.18	| 0.20	| 0.02
1601	| 0.24	| 0.25	| 0.01
1602	| 0.03	| 0.03	| 0.00
1603	| 0.10	| 0.10	| 0.01
1604	| 0.04	| 0.05	| 0.01
1605	| 0.08	| 0.10	| 0.02
1606	| 0.12	| 0.10	| 0.01
1607	| 0.31	| 0.32	| 0.01
1608	| 0.26	| 0.26	| 0.01
1609	| 0.09	| 0.10	| 0.01
1610	| 0.14	| 0.15	| 0.01
1611	| 0.04	| 0.04	| 0.00
1612	| 0.26	| 0.27	| 0.02
1613	| 0.30	| 0.29	| 0.01
1614	| 0.34	| 0.35	| 0.01
1615	| 0.01	| 0.01	| 0.00
1616	| 0.22	| 0.25	| 0.03
1617	| 0.29	| 0.26	| 0.03
1618	| 0.01	| 0.01	| 0.00
1619	| 0.15	| 0.16	| 0.01
1620	| 0.06	| 0.07	| 0.01
1621	| 0.33	| 0.30	| 0.03
1622	| 0.08	| 0.10	| 0.01
1623	| 0.10	| 0.10	| 0.00
1624	| 0.11	| 0.11	| 0.00
1625	| 0.28	| 0.26	| 0.01
1626	| 0.24	| 0.24	| 0.01
1627	| 0.21	| 0.20	| 0.01
1628	| 0.12	| 0.14	| 0.02
1629	| 0.17	| 0.18	| 0.01
1630	| 0.24	| 0.26	| 0.02
1631	| 0.05	| 0.04	| 0.01
1632	| 0.09	| 0.09	| 0.00
1633	| 0.29	| 0.27	| 0.02
1634	| 0.02	| 0.02	| 0.00
1635	| 0.12	| 0.13	| 0.00
1636	| 0.33	| 0.31	| 0.02
1637	| 0.04	| 0.04	| 0.01
1638	| 0.25	| 0.25	| 0.01
1639	| 0.12	| 0.15	| 0.02
1640	| 0.27	| 0.30	| 0.03
1641	| 0.20	| 0.24	| 0.04
1642	| 0.18	| 0.19	| 0.01
1643	| 0.20	| 0.24	| 0.04
1644	| 0.08	| 0.08	| 0.00
1645	| 0.36	| 0.34	| 0.02
1646	| 0.01	| 0.01	| 0.00
1647	| 0.24	| 0.25	| 0.01
1648	| 0.22	| 0.22	| 0.01
1649	| 0.10	| 0.14	| 0.04
1650	| 0.35	| 0.31	| 0.04
1651	| 0.03	| 0.04	| 0.01
1652	| 0.23	| 0.25	| 0.02
1653	| 0.27	| 0.27	| 0.00
1654	| 0.16	| 0.16	| 0.00
1655	| 0.16	| 0.17	| 0.01
1656	| 0.33	| 0.34	| 0.01
1657	| 0.24	| 0.19	| 0.06
1658	| 0.12	| 0.12	| 0.00
1659	| 0.32	| 0.33	| 0.01
1660	| 0.29	| 0.28	| 0.01
1661	| 0.07	| 0.09	| 0.02
1662	| 0.31	| 0.29	| 0.02
1663	| 0.23	| 0.28	| 0.04
1664	| 0.05	| 0.04	| 0.00
1665	| 0.09	| 0.11	| 0.02
1666	| 0.14	| 0.12	| 0.01
1667	| 0.25	| 0.21	| 0.04
1668	| 0.06	| 0.05	| 0.01
1669	| 0.10	| 0.12	| 0.01
1670	| 0.19	| 0.17	| 0.02
1671	| 0.27	| 0.25	| 0.03
1672	| 0.09	| 0.10	| 0.01
1673	| 0.18	| 0.20	| 0.02
1674	| 0.06	| 0.07	| 0.01
1675	| 0.19	| 0.20	| 0.01
1676	| 0.25	| 0.24	| 0.01
1677	| 0.06	| 0.06	| 0.00
1678	| 0.28	| 0.27	| 0.01
1679	| 0.30	| 0.31	| 0.01
1680	| 0.29	| 0.34	| 0.05
1681	| 0.32	| 0.29	| 0.02
1682	| 0.15	| 0.13	| 0.01
1683	| 0.09	| 0.07	| 0.01
1684	| 0.21	| 0.22	| 0.01
1685	| 0.27	| 0.24	| 0.03
1686	| 0.22	| 0.21	| 0.01
1687	| 0.35	| 0.34	| 0.01
1688	| 0.21	| 0.23	| 0.02
1689	| 0.33	| 0.33	| 0.00
1690	| 0.25	| 0.24	| 0.01
1691	| 0.07	| 0.08	| 0.01
1692	| 0.13	| 0.15	| 0.02
1693	| 0.03	| 0.04	| 0.01
1694	| 0.17	| 0.14	| 0.03
1695	| 0.06	| 0.07	| 0.00
1696	| 0.20	| 0.18	| 0.01
1697	| 0.19	| 0.20	| 0.01
1698	| 0.31	| 0.29	| 0.02
1699	| 0.29	| 0.29	| 0.00
1700	| 0.27	| 0.30	| 0.03
1701	| 0.09	| 0.11	| 0.02
1702	| 0.11	| 0.10	| 0.01
1703	| 0.19	| 0.18	| 0.01
1704	| 0.01	| 0.01	| 0.00
1705	| 0.16	| 0.14	| 0.02
1706	| 0.27	| 0.21	| 0.05
1707	| 0.29	| 0.25	| 0.04
1708	| 0.08	| 0.08	| 0.01
1709	| 0.31	| 0.32	| 0.02
1710	| 0.20	| 0.18	| 0.02
1711	| 0.05	| 0.07	| 0.01
1712	| 0.08	| 0.10	| 0.01
1713	| 0.20	| 0.19	| 0.01
1714	| 0.17	| 0.18	| 0.01
1715	| 0.30	| 0.30	| 0.00
1716	| 0.28	| 0.31	| 0.02
1717	| 0.06	| 0.08	| 0.02
1718	| 0.30	| 0.34	| 0.04
1719	| 0.27	| 0.24	| 0.02
1720	| 0.21	| 0.20	| 0.01
1721	| 0.27	| 0.28	| 0.01
1722	| 0.31	| 0.27	| 0.03
1723	| 0.09	| 0.08	| 0.02
1724	| 0.25	| 0.28	| 0.02
1725	| 0.19	| 0.19	| 0.00
1726	| 0.08	| 0.09	| 0.01
1727	| 0.05	| 0.06	| 0.01
1728	| 0.32	| 0.30	| 0.02
1729	| 0.22	| 0.17	| 0.05
1730	| 0.05	| 0.06	| 0.00
1731	| 0.34	| 0.29	| 0.04
1732	| 0.21	| 0.21	| 0.01
1733	| 0.03	| 0.04	| 0.01
1734	| 0.30	| 0.30	| 0.00
1735	| 0.01	| 0.01	| 0.01
1736	| 0.07	| 0.07	| 0.00
1737	| 0.02	| 0.02	| 0.00
1738	| 0.12	| 0.11	| 0.01
1739	| 0.10	| 0.09	| 0.01
1740	| 0.05	| 0.06	| 0.01
1741	| 0.10	| 0.13	| 0.02
1742	| 0.13	| 0.13	| 0.00
1743	| 0.12	| 0.13	| 0.01
1744	| 0.12	| 0.11	| 0.01
1745	| 0.02	| 0.03	| 0.01
1746	| 0.15	| 0.15	| 0.00
1747	| 0.04	| 0.04	| 0.00
1748	| 0.24	| 0.26	| 0.02
1749	| 0.13	| 0.14	| 0.01
1750	| 0.07	| 0.07	| 0.00
1751	| 0.21	| 0.21	| 0.01
1752	| 0.26	| 0.29	| 0.03
1753	| 0.10	| 0.13	| 0.03
1754	| 0.27	| 0.24	| 0.03
1755	| 0.26	| 0.26	| 0.01
1756	| 0.19	| 0.20	| 0.01
1757	| 0.19	| 0.16	| 0.03
1758	| 0.32	| 0.29	| 0.02
1759	| 0.32	| 0.32	| 0.00
1760	| 0.16	| 0.14	| 0.02
1761	| 0.23	| 0.21	| 0.02
1762	| 0.24	| 0.21	| 0.04
1763	| 0.07	| 0.07	| 0.00
1764	| 0.13	| 0.14	| 0.01
1765	| 0.33	| 0.32	| 0.00
1766	| 0.07	| 0.08	| 0.01
1767	| 0.25	| 0.23	| 0.03
1768	| 0.26	| 0.27	| 0.02
1769	| 0.08	| 0.08	| 0.00
1770	| 0.35	| 0.36	| 0.01
1771	| 0.15	| 0.16	| 0.01
1772	| 0.05	| 0.05	| 0.00
1773	| 0.30	| 0.35	| 0.04
1774	| 0.07	| 0.07	| 0.00
1775	| 0.29	| 0.29	| 0.00
1776	| 0.29	| 0.28	| 0.01
1777	| 0.22	| 0.20	| 0.02
1778	| 0.22	| 0.21	| 0.01
1779	| 0.18	| 0.16	| 0.02
1780	| 0.28	| 0.26	| 0.02
1781	| 0.16	| 0.17	| 0.01
1782	| 0.19	| 0.18	| 0.01
1783	| 0.02	| 0.02	| 0.00
1784	| 0.24	| 0.26	| 0.02
1785	| 0.01	| 0.01	| 0.00
1786	| 0.19	| 0.19	| 0.00
1787	| 0.24	| 0.23	| 0.01
1788	| 0.25	| 0.29	| 0.03
1789	| 0.01	| 0.01	| 0.00
1790	| 0.09	| 0.09	| 0.00
1791	| 0.04	| 0.05	| 0.00
1792	| 0.30	| 0.33	| 0.03
1793	| 0.12	| 0.14	| 0.01
1794	| 0.25	| 0.24	| 0.01
1795	| 0.11	| 0.12	| 0.01
1796	| 0.27	| 0.27	| 0.00
1797	| 0.31	| 0.31	| 0.01
1798	| 0.22	| 0.24	| 0.01
1799	| 0.26	| 0.26	| 0.00
1800	| 0.33	| 0.30	| 0.03
1801	| 0.22	| 0.27	| 0.05
1802	| 0.21	| 0.16	| 0.04
1803	| 0.15	| 0.17	| 0.02
1804	| 0.09	| 0.07	| 0.01
1805	| 0.32	| 0.29	| 0.03
1806	| 0.11	| 0.13	| 0.02
1807	| 0.31	| 0.30	| 0.01
1808	| 0.14	| 0.14	| 0.00
1809	| 0.01	| 0.02	| 0.01
1810	| 0.24	| 0.26	| 0.02
1811	| 0.01	| 0.01	| 0.00
1812	| 0.08	| 0.08	| 0.00
1813	| 0.02	| 0.03	| 0.01
1814	| 0.26	| 0.23	| 0.02
1815	| 0.31	| 0.31	| 0.00
1816	| 0.10	| 0.10	| 0.01
1817	| 0.21	| 0.19	| 0.02
1818	| 0.15	| 0.15	| 0.00
1819	| 0.25	| 0.26	| 0.00
1820	| 0.08	| 0.07	| 0.01
1821	| 0.04	| 0.03	| 0.01
1822	| 0.11	| 0.11	| 0.00
1823	| 0.03	| 0.02	| 0.01
1824	| 0.24	| 0.23	| 0.00
1825	| 0.26	| 0.27	| 0.01
1826	| 0.23	| 0.19	| 0.04
1827	| 0.21	| 0.21	| 0.00
1828	| 0.11	| 0.11	| 0.00
1829	| 0.33	| 0.35	| 0.02
1830	| 0.12	| 0.12	| 0.00
1831	| 0.31	| 0.32	| 0.01
1832	| 0.18	| 0.22	| 0.04
1833	| 0.29	| 0.30	| 0.01
1834	| 0.01	| 0.02	| 0.01
1835	| 0.32	| 0.33	| 0.01
1836	| 0.10	| 0.13	| 0.03
1837	| 0.16	| 0.18	| 0.01
1838	| 0.21	| 0.18	| 0.03
1839	| 0.33	| 0.31	| 0.02
1840	| 0.04	| 0.04	| 0.00
1841	| 0.28	| 0.28	| 0.01
1842	| 0.32	| 0.30	| 0.02
1843	| 0.27	| 0.27	| 0.00
1844	| 0.09	| 0.10	| 0.01
1845	| 0.03	| 0.02	| 0.01
1846	| 0.04	| 0.07	| 0.03
1847	| 0.24	| 0.20	| 0.04
1848	| 0.22	| 0.21	| 0.01
1849	| 0.09	| 0.08	| 0.02
1850	| 0.04	| 0.04	| 0.00
1851	| 0.30	| 0.29	| 0.01
1852	| 0.25	| 0.25	| 0.00
1853	| 0.07	| 0.05	| 0.02
1854	| 0.10	| 0.11	| 0.00
1855	| 0.01	| 0.01	| 0.00
1856	| 0.32	| 0.26	| 0.05
1857	| 0.03	| 0.04	| 0.01
1858	| 0.21	| 0.20	| 0.02
1859	| 0.32	| 0.30	| 0.02
1860	| 0.11	| 0.11	| 0.00
1861	| 0.08	| 0.09	| 0.00
1862	| 0.11	| 0.12	| 0.01
1863	| 0.24	| 0.23	| 0.01
1864	| 0.18	| 0.20	| 0.01
1865	| 0.06	| 0.05	| 0.01
1866	| 0.18	| 0.20	| 0.02
1867	| 0.33	| 0.31	| 0.02
1868	| 0.22	| 0.19	| 0.03
1869	| 0.01	| 0.01	| 0.01
1870	| 0.31	| 0.30	| 0.01
1871	| 0.23	| 0.25	| 0.02
1872	| 0.01	| 0.01	| 0.00
1873	| 0.01	| 0.01	| 0.00
1874	| 0.02	| 0.03	| 0.00
1875	| 0.29	| 0.30	| 0.01
1876	| 0.03	| 0.02	| 0.00
1877	| 0.04	| 0.04	| 0.00
1878	| 0.02	| 0.04	| 0.02
1879	| 0.02	| 0.02	| 0.00
1880	| 0.06	| 0.06	| 0.00
1881	| 0.29	| 0.27	| 0.01
1882	| 0.04	| 0.04	| 0.00
1883	| 0.04	| 0.05	| 0.01
1884	| 0.26	| 0.26	| 0.00
1885	| 0.23	| 0.21	| 0.02
1886	| 0.18	| 0.17	| 0.01
1887	| 0.00	| 0.00	| 0.00
1888	| 0.21	| 0.22	| 0.01
1889	| 0.20	| 0.21	| 0.00
1890	| 0.09	| 0.10	| 0.01
1891	| 0.21	| 0.21	| 0.00
1892	| 0.25	| 0.27	| 0.02
1893	| 0.24	| 0.25	| 0.01
1894	| 0.03	| 0.04	| 0.00
1895	| 0.26	| 0.30	| 0.04
1896	| 0.15	| 0.13	| 0.02
1897	| 0.04	| 0.04	| 0.01
1898	| 0.16	| 0.14	| 0.02
1899	| 0.18	| 0.17	| 0.01
1900	| 0.32	| 0.33	| 0.02
1901	| 0.07	| 0.06	| 0.01
1902	| 0.04	| 0.05	| 0.01
1903	| 0.12	| 0.13	| 0.01
1904	| 0.13	| 0.12	| 0.01
1905	| 0.06	| 0.06	| 0.00
1906	| 0.12	| 0.11	| 0.01
1907	| 0.23	| 0.23	| 0.00
1908	| 0.29	| 0.31	| 0.02
1909	| 0.05	| 0.06	| 0.01
1910	| 0.19	| 0.18	| 0.00
1911	| 0.32	| 0.32	| 0.00
1912	| 0.30	| 0.31	| 0.00
1913	| 0.01	| 0.01	| 0.00
1914	| 0.19	| 0.21	| 0.01
1915	| 0.05	| 0.05	| 0.00
1916	| 0.03	| 0.04	| 0.01
1917	| 0.24	| 0.22	| 0.01
1918	| 0.26	| 0.25	| 0.01
1919	| 0.21	| 0.21	| 0.01
1920	| 0.10	| 0.09	| 0.02
1921	| 0.29	| 0.32	| 0.03
1922	| 0.06	| 0.08	| 0.02
1923	| 0.27	| 0.25	| 0.02
1924	| 0.35	| 0.30	| 0.05
1925	| 0.15	| 0.16	| 0.01
1926	| 0.10	| 0.10	| 0.00
1927	| 0.18	| 0.17	| 0.01
1928	| 0.25	| 0.26	| 0.01
1929	| 0.06	| 0.06	| 0.00
1930	| 0.21	| 0.23	| 0.01
1931	| 0.13	| 0.12	| 0.01
1932	| 0.31	| 0.31	| 0.01
1933	| 0.09	| 0.10	| 0.01
1934	| 0.27	| 0.25	| 0.02
1935	| 0.17	| 0.16	| 0.00
1936	| 0.17	| 0.20	| 0.03
1937	| 0.26	| 0.30	| 0.05
1938	| 0.35	| 0.30	| 0.05
1939	| 0.01	| 0.02	| 0.02
1940	| 0.10	| 0.09	| 0.01
1941	| 0.12	| 0.11	| 0.01
1942	| 0.15	| 0.15	| 0.00
1943	| 0.30	| 0.29	| 0.01
1944	| 0.07	| 0.08	| 0.01
1945	| 0.26	| 0.20	| 0.06
1946	| 0.19	| 0.22	| 0.03
1947	| 0.15	| 0.13	| 0.02
1948	| 0.11	| 0.11	| 0.00
1949	| 0.17	| 0.18	| 0.02
1950	| 0.26	| 0.25	| 0.01
1951	| 0.10	| 0.09	| 0.01
1952	| 0.32	| 0.30	| 0.01
1953	| 0.08	| 0.08	| 0.00
1954	| 0.11	| 0.11	| 0.00
1955	| 0.22	| 0.21	| 0.01
1956	| 0.12	| 0.11	| 0.01
1957	| 0.01	| 0.03	| 0.01
1958	| 0.10	| 0.10	| 0.01
1959	| 0.15	| 0.15	| 0.00
1960	| 0.27	| 0.23	| 0.03
1961	| 0.01	| 0.01	| 0.01
1962	| 0.31	| 0.31	| 0.00
1963	| 0.18	| 0.17	| 0.00
1964	| 0.22	| 0.22	| 0.00
1965	| 0.11	| 0.12	| 0.01
1966	| 0.05	| 0.06	| 0.01
1967	| 0.21	| 0.20	| 0.00
1968	| 0.09	| 0.11	| 0.02
1969	| 0.29	| 0.29	| 0.00
1970	| 0.17	| 0.16	| 0.01
1971	| 0.27	| 0.27	| 0.00
1972	| 0.21	| 0.23	| 0.03
1973	| 0.27	| 0.26	| 0.00
1974	| 0.18	| 0.19	| 0.00
1975	| 0.16	| 0.15	| 0.01
1976	| 0.12	| 0.11	| 0.01
1977	| 0.22	| 0.20	| 0.03
1978	| 0.24	| 0.23	| 0.01
1979	| 0.15	| 0.12	| 0.03
1980	| 0.21	| 0.23	| 0.03
1981	| 0.16	| 0.18	| 0.02
1982	| 0.06	| 0.05	| 0.01
1983	| 0.01	| 0.01	| 0.00
1984	| 0.10	| 0.10	| 0.01
1985	| 0.25	| 0.28	| 0.03
1986	| 0.18	| 0.16	| 0.02
1987	| 0.12	| 0.12	| 0.00
1988	| 0.08	| 0.07	| 0.00
1989	| 0.28	| 0.27	| 0.01
1990	| 0.17	| 0.20	| 0.03
1991	| 0.31	| 0.28	| 0.03
1992	| 0.15	| 0.15	| 0.00
1993	| 0.12	| 0.13	| 0.01
1994	| 0.04	| 0.04	| 0.00
1995	| 0.29	| 0.27	| 0.02
1996	| 0.26	| 0.25	| 0.01
1997	| 0.01	| 0.01	| 0.00
1998	| 0.16	| 0.14	| 0.02
1999	| 0.28	| 0.29	| 0.00
2000	| 0.26	| 0.27	| 0.01
2001	| 0.18	| 0.18	| 0.01
2002	| 0.27	| 0.27	| 0.01
2003	| 0.14	| 0.15	| 0.01
2004	| 0.31	| 0.30	| 0.01
2005	| 0.03	| 0.02	| 0.01
2006	| 0.29	| 0.31	| 0.02
2007	| 0.28	| 0.28	| 0.00
2008	| 0.08	| 0.07	| 0.01
2009	| 0.06	| 0.06	| 0.00
2010	| 0.09	| 0.08	| 0.01
2011	| 0.07	| 0.10	| 0.02
2012	| 0.19	| 0.18	| 0.01
2013	| 0.18	| 0.18	| 0.00
2014	| 0.31	| 0.32	| 0.01
2015	| 0.04	| 0.03	| 0.01
2016	| 0.08	| 0.10	| 0.01
2017	| 0.19	| 0.19	| 0.00
2018	| 0.04	| 0.05	| 0.01
2019	| 0.13	| 0.13	| 0.00
2020	| 0.09	| 0.08	| 0.00
2021	| 0.21	| 0.20	| 0.01
2022	| 0.07	| 0.08	| 0.01
2023	| 0.11	| 0.11	| 0.00
2024	| 0.19	| 0.20	| 0.01
2025	| 0.29	| 0.33	| 0.04
2026	| 0.23	| 0.24	| 0.01
2027	| 0.15	| 0.18	| 0.03
2028	| 0.23	| 0.23	| 0.00
2029	| 0.13	| 0.14	| 0.00
2030	| 0.23	| 0.24	| 0.01
2031	| 0.13	| 0.11	| 0.01
2032	| 0.33	| 0.28	| 0.04
2033	| 0.12	| 0.13	| 0.01
2034	| 0.16	| 0.16	| 0.01
2035	| 0.05	| 0.04	| 0.01
2036	| 0.07	| 0.07	| 0.00
2037	| 0.15	| 0.15	| 0.00
2038	| 0.01	| 0.01	| 0.00
2039	| 0.32	| 0.33	| 0.01
2040	| 0.27	| 0.27	| 0.01
2041	| 0.32	| 0.31	| 0.00
2042	| 0.15	| 0.17	| 0.02
2043	| 0.16	| 0.16	| 0.00
2044	| 0.17	| 0.15	| 0.01
2045	| 0.23	| 0.23	| 0.00
2046	| 0.21	| 0.19	| 0.01
2047	| 0.17	| 0.15	| 0.02
2048	| 0.28	| 0.30	| 0.02
2049	| 0.24	| 0.23	| 0.01
2050	| 0.31	| 0.30	| 0.02
2051	| 0.20	| 0.18	| 0.02
2052	| 0.15	| 0.15	| 0.00
2053	| 0.15	| 0.14	| 0.01
2054	| 0.08	| 0.09	| 0.01
2055	| 0.31	| 0.32	| 0.01
2056	| 0.14	| 0.15	| 0.01
2057	| 0.20	| 0.19	| 0.01
2058	| 0.21	| 0.20	| 0.01
2059	| 0.21	| 0.22	| 0.02
2060	| 0.11	| 0.11	| 0.00
2061	| 0.22	| 0.19	| 0.03
2062	| 0.28	| 0.30	| 0.02
2063	| 0.15	| 0.18	| 0.03
2064	| 0.32	| 0.28	| 0.04
2065	| 0.29	| 0.32	| 0.03
2066	| 0.03	| 0.04	| 0.01
2067	| 0.09	| 0.06	| 0.03
2068	| 0.09	| 0.10	| 0.01
2069	| 0.31	| 0.33	| 0.02
2070	| 0.00	| 0.01	| 0.00
2071	| 0.20	| 0.18	| 0.01
2072	| 0.05	| 0.07	| 0.01
2073	| 0.01	| 0.02	| 0.01
2074	| 0.19	| 0.18	| 0.00
2075	| 0.22	| 0.21	| 0.01
2076	| 0.10	| 0.09	| 0.01
2077	| 0.18	| 0.17	| 0.01
2078	| 0.10	| 0.09	| 0.01
2079	| 0.12	| 0.13	| 0.01
2080	| 0.10	| 0.08	| 0.01
2081	| 0.03	| 0.02	| 0.01
2082	| 0.14	| 0.14	| 0.01
2083	| 0.20	| 0.22	| 0.02
2084	| 0.25	| 0.27	| 0.02
2085	| 0.02	| 0.01	| 0.01
2086	| 0.27	| 0.27	| 0.00
2087	| 0.06	| 0.05	| 0.01
2088	| 0.14	| 0.17	| 0.03
2089	| 0.07	| 0.09	| 0.01
2090	| 0.30	| 0.32	| 0.02
2091	| 0.33	| 0.34	| 0.02
2092	| 0.20	| 0.21	| 0.00
2093	| 0.12	| 0.08	| 0.03
2094	| 0.01	| 0.00	| 0.00
2095	| 0.29	| 0.32	| 0.03
2096	| 0.23	| 0.24	| 0.00
2097	| 0.11	| 0.12	| 0.01
2098	| 0.06	| 0.05	| 0.00
2099	| 0.25	| 0.24	| 0.01
2100	| 0.11	| 0.11	| 0.00
2101	| 0.33	| 0.32	| 0.01
2102	| 0.17	| 0.15	| 0.01
2103	| 0.19	| 0.19	| 0.01
2104	| 0.26	| 0.28	| 0.03
2105	| 0.31	| 0.33	| 0.02
2106	| 0.25	| 0.22	| 0.03
2107	| 0.09	| 0.10	| 0.01
2108	| 0.18	| 0.15	| 0.03
2109	| 0.14	| 0.19	| 0.06
2110	| 0.21	| 0.22	| 0.02
2111	| 0.31	| 0.33	| 0.02
2112	| 0.32	| 0.31	| 0.01
2113	| 0.12	| 0.12	| 0.00
2114	| 0.19	| 0.21	| 0.02
2115	| 0.24	| 0.24	| 0.00
2116	| 0.26	| 0.25	| 0.01
2117	| 0.22	| 0.22	| 0.01
2118	| 0.10	| 0.08	| 0.01
2119	| 0.28	| 0.27	| 0.00
2120	| 0.22	| 0.20	| 0.02
2121	| 0.06	| 0.08	| 0.02
2122	| 0.23	| 0.27	| 0.04
2123	| 0.08	| 0.09	| 0.01
2124	| 0.13	| 0.11	| 0.02
2125	| 0.30	| 0.30	| 0.00
2126	| 0.31	| 0.34	| 0.03
2127	| 0.14	| 0.14	| 0.00
2128	| 0.33	| 0.30	| 0.03
2129	| 0.01	| 0.01	| 0.00
2130	| 0.12	| 0.14	| 0.02
2131	| 0.01	| 0.00	| 0.01
2132	| 0.13	| 0.13	| 0.00
2133	| 0.03	| 0.03	| 0.01
2134	| 0.27	| 0.27	| 0.00
2135	| 0.26	| 0.26	| 0.00
2136	| 0.24	| 0.28	| 0.03
2137	| 0.28	| 0.34	| 0.05
2138	| 0.29	| 0.32	| 0.03
2139	| 0.07	| 0.09	| 0.01
2140	| 0.30	| 0.31	| 0.01
2141	| 0.02	| 0.01	| 0.01
2142	| 0.24	| 0.24	| 0.00
2143	| 0.04	| 0.03	| 0.01
2144	| 0.23	| 0.25	| 0.01
2145	| 0.02	| 0.02	| 0.00
2146	| 0.17	| 0.17	| 0.00
2147	| 0.30	| 0.31	| 0.01
2148	| 0.26	| 0.30	| 0.04
2149	| 0.26	| 0.24	| 0.02
2150	| 0.02	| 0.03	| 0.01
2151	| 0.05	| 0.05	| 0.01
2152	| 0.28	| 0.27	| 0.02
2153	| 0.08	| 0.08	| 0.00
2154	| 0.04	| 0.03	| 0.00
2155	| 0.19	| 0.18	| 0.01
2156	| 0.03	| 0.04	| 0.01
2157	| 0.01	| 0.01	| 0.01
2158	| 0.01	| 0.02	| 0.00
2159	| 0.13	| 0.11	| 0.02
2160	| 0.10	| 0.11	| 0.02
2161	| 0.04	| 0.03	| 0.02
2162	| 0.13	| 0.11	| 0.01
2163	| 0.21	| 0.23	| 0.02
2164	| 0.11	| 0.10	| 0.01
2165	| 0.21	| 0.18	| 0.03
2166	| 0.26	| 0.27	| 0.01
2167	| 0.10	| 0.09	| 0.00
2168	| 0.01	| 0.01	| 0.00
2169	| 0.07	| 0.10	| 0.02
2170	| 0.21	| 0.20	| 0.01
2171	| 0.17	| 0.15	| 0.02
2172	| 0.09	| 0.10	| 0.01
2173	| 0.10	| 0.10	| 0.01
2174	| 0.32	| 0.28	| 0.04
2175	| 0.08	| 0.08	| 0.00
2176	| 0.15	| 0.14	| 0.01
2177	| 0.30	| 0.32	| 0.02
2178	| 0.01	| 0.01	| 0.00
2179	| 0.14	| 0.14	| 0.01
2180	| 0.34	| 0.37	| 0.04
2181	| 0.09	| 0.09	| 0.00
2182	| 0.21	| 0.21	| 0.01
2183	| 0.31	| 0.33	| 0.02
2184	| 0.30	| 0.29	| 0.01
2185	| 0.24	| 0.28	| 0.04
2186	| 0.22	| 0.20	| 0.02
2187	| 0.26	| 0.29	| 0.03
2188	| 0.11	| 0.11	| 0.00
2189	| 0.07	| 0.07	| 0.00
2190	| 0.23	| 0.26	| 0.03
2191	| 0.21	| 0.23	| 0.01
2192	| 0.09	| 0.10	| 0.01
2193	| 0.03	| 0.03	| 0.00
2194	| 0.05	| 0.04	| 0.01
2195	| 0.01	| 0.02	| 0.01
2196	| 0.18	| 0.23	| 0.04
2197	| 0.18	| 0.19	| 0.01
2198	| 0.16	| 0.16	| 0.00
2199	| 0.21	| 0.20	| 0.01
2200	| 0.04	| 0.04	| 0.00
2201	| 0.06	| 0.07	| 0.02
2202	| 0.11	| 0.12	| 0.01
2203	| 0.32	| 0.30	| 0.02
2204	| 0.04	| 0.03	| 0.01
2205	| 0.12	| 0.12	| 0.00
2206	| 0.21	| 0.21	| 0.00
2207	| 0.22	| 0.20	| 0.02
2208	| 0.06	| 0.06	| 0.00
2209	| 0.08	| 0.08	| 0.00
2210	| 0.30	| 0.28	| 0.03
2211	| 0.29	| 0.33	| 0.04
2212	| 0.01	| 0.02	| 0.01
2213	| 0.02	| 0.03	| 0.01
2214	| 0.30	| 0.31	| 0.01
2215	| 0.00	| 0.00	| 0.00
2216	| 0.36	| 0.34	| 0.02
2217	| 0.30	| 0.32	| 0.01
2218	| 0.14	| 0.12	| 0.02
2219	| 0.33	| 0.34	| 0.01
2220	| 0.08	| 0.07	| 0.01
2221	| 0.09	| 0.09	| 0.00
2222	| 0.10	| 0.12	| 0.03
2223	| 0.18	| 0.19	| 0.01
2224	| 0.19	| 0.19	| 0.01
2225	| 0.25	| 0.21	| 0.04
2226	| 0.27	| 0.27	| 0.00
2227	| 0.08	| 0.09	| 0.00
2228	| 0.18	| 0.19	| 0.01
2229	| 0.06	| 0.06	| 0.00
2230	| 0.28	| 0.31	| 0.03
2231	| 0.20	| 0.18	| 0.02
2232	| 0.25	| 0.26	| 0.01
2233	| 0.01	| 0.01	| 0.00
2234	| 0.19	| 0.19	| 0.01
2235	| 0.29	| 0.27	| 0.02
2236	| 0.06	| 0.04	| 0.01
2237	| 0.03	| 0.03	| 0.00
2238	| 0.23	| 0.23	| 0.00
2239	| 0.11	| 0.15	| 0.03
2240	| 0.16	| 0.11	| 0.05
2241	| 0.08	| 0.07	| 0.01
2242	| 0.23	| 0.23	| 0.00
2243	| 0.11	| 0.11	| 0.00
2244	| 0.19	| 0.20	| 0.01
2245	| 0.23	| 0.20	| 0.02
2246	| 0.00	| 0.00	| 0.00
2247	| 0.11	| 0.11	| 0.01
2248	| 0.11	| 0.09	| 0.02
2249	| 0.33	| 0.36	| 0.03
2250	| 0.23	| 0.24	| 0.01
2251	| 0.06	| 0.04	| 0.02
2252	| 0.20	| 0.19	| 0.01
2253	| 0.19	| 0.19	| 0.01
2254	| 0.38	| 0.35	| 0.03
2255	| 0.05	| 0.04	| 0.01
2256	| 0.15	| 0.14	| 0.01
2257	| 0.06	| 0.05	| 0.01
2258	| 0.32	| 0.28	| 0.04
2259	| 0.25	| 0.24	| 0.01
2260	| 0.32	| 0.36	| 0.04
2261	| 0.23	| 0.20	| 0.03
2262	| 0.07	| 0.09	| 0.01
2263	| 0.31	| 0.27	| 0.04
2264	| 0.24	| 0.23	| 0.01
2265	| 0.18	| 0.15	| 0.03
2266	| 0.28	| 0.27	| 0.00
2267	| 0.30	| 0.33	| 0.02
2268	| 0.12	| 0.11	| 0.01
2269	| 0.15	| 0.14	| 0.01
2270	| 0.13	| 0.15	| 0.03
2271	| 0.31	| 0.29	| 0.02
2272	| 0.20	| 0.20	| 0.00
2273	| 0.31	| 0.31	| 0.01
2274	| 0.10	| 0.10	| 0.00
2275	| 0.11	| 0.11	| 0.00
2276	| 0.18	| 0.19	| 0.01
2277	| 0.09	| 0.09	| 0.00
2278	| 0.32	| 0.31	| 0.01
2279	| 0.13	| 0.14	| 0.01
2280	| 0.20	| 0.19	| 0.01
2281	| 0.12	| 0.14	| 0.01
2282	| 0.13	| 0.14	| 0.01
2283	| 0.16	| 0.16	| 0.00
2284	| 0.01	| 0.00	| 0.00
2285	| 0.09	| 0.12	| 0.03
2286	| 0.08	| 0.09	| 0.01
2287	| 0.11	| 0.10	| 0.01
2288	| 0.26	| 0.28	| 0.02
2289	| 0.24	| 0.26	| 0.03
2290	| 0.11	| 0.12	| 0.01
2291	| 0.01	| 0.01	| 0.00
2292	| 0.23	| 0.23	| 0.00
2293	| 0.22	| 0.21	| 0.01
2294	| 0.03	| 0.05	| 0.02
2295	| 0.20	| 0.21	| 0.01
2296	| 0.22	| 0.20	| 0.01
2297	| 0.19	| 0.17	| 0.02
2298	| 0.18	| 0.17	| 0.01
2299	| 0.02	| 0.02	| 0.01
2300	| 0.13	| 0.13	| 0.00
2301	| 0.10	| 0.10	| 0.00
2302	| 0.05	| 0.03	| 0.01
2303	| 0.28	| 0.26	| 0.02
2304	| 0.32	| 0.35	| 0.03
2305	| 0.21	| 0.21	| 0.00
2306	| 0.26	| 0.26	| 0.00
2307	| 0.23	| 0.23	| 0.00
2308	| 0.20	| 0.22	| 0.03
2309	| 0.20	| 0.20	| 0.00
2310	| 0.13	| 0.17	| 0.03
2311	| 0.10	| 0.09	| 0.02
2312	| 0.21	| 0.24	| 0.03
2313	| 0.08	| 0.07	| 0.02
2314	| 0.17	| 0.17	| 0.00
2315	| 0.25	| 0.27	| 0.03
2316	| 0.28	| 0.33	| 0.05
2317	| 0.32	| 0.31	| 0.02
2318	| 0.29	| 0.25	| 0.03
2319	| 0.27	| 0.25	| 0.02
2320	| 0.08	| 0.08	| 0.01
2321	| 0.20	| 0.21	| 0.00
2322	| 0.05	| 0.05	| 0.00
2323	| 0.31	| 0.33	| 0.02
2324	| 0.17	| 0.16	| 0.01
2325	| 0.25	| 0.23	| 0.02
2326	| 0.31	| 0.29	| 0.02
2327	| 0.16	| 0.17	| 0.01
2328	| 0.04	| 0.05	| 0.01
2329	| 0.14	| 0.13	| 0.00
2330	| 0.14	| 0.18	| 0.04
2331	| 0.33	| 0.28	| 0.05
2332	| 0.23	| 0.20	| 0.02
2333	| 0.12	| 0.09	| 0.03
2334	| 0.14	| 0.18	| 0.04
2335	| 0.04	| 0.04	| 0.01
2336	| 0.06	| 0.08	| 0.03
2337	| 0.28	| 0.29	| 0.01
2338	| 0.21	| 0.19	| 0.02
2339	| 0.07	| 0.07	| 0.00
2340	| 0.15	| 0.13	| 0.02
2341	| 0.03	| 0.03	| 0.00
2342	| 0.31	| 0.32	| 0.01
2343	| 0.21	| 0.22	| 0.01
2344	| 0.34	| 0.34	| 0.01
2345	| 0.08	| 0.10	| 0.02
2346	| 0.31	| 0.30	| 0.00
2347	| 0.04	| 0.05	| 0.01
2348	| 0.13	| 0.14	| 0.01
2349	| 0.01	| 0.01	| 0.00
2350	| 0.01	| 0.01	| 0.00
2351	| 0.15	| 0.18	| 0.03
2352	| 0.20	| 0.18	| 0.02
2353	| 0.21	| 0.26	| 0.05
2354	| 0.12	| 0.12	| 0.00
2355	| 0.33	| 0.31	| 0.02
2356	| 0.13	| 0.12	| 0.01
2357	| 0.26	| 0.22	| 0.04
2358	| 0.00	| 0.01	| 0.00
2359	| 0.17	| 0.17	| 0.00
2360	| 0.26	| 0.26	| 0.00
2361	| 0.17	| 0.15	| 0.01
2362	| 0.09	| 0.08	| 0.00
2363	| 0.16	| 0.18	| 0.02
2364	| 0.27	| 0.27	| 0.00
2365	| 0.04	| 0.04	| 0.00
2366	| 0.09	| 0.09	| 0.00
2367	| 0.31	| 0.29	| 0.02
2368	| 0.10	| 0.13	| 0.03
2369	| 0.07	| 0.07	| 0.00
2370	| 0.35	| 0.31	| 0.05
2371	| 0.07	| 0.07	| 0.00
2372	| 0.07	| 0.08	| 0.01
2373	| 0.16	| 0.14	| 0.02
2374	| 0.12	| 0.15	| 0.03
2375	| 0.16	| 0.15	| 0.00
2376	| 0.23	| 0.26	| 0.04
2377	| 0.25	| 0.24	| 0.01
2378	| 0.04	| 0.05	| 0.01
2379	| 0.27	| 0.29	| 0.02
2380	| 0.12	| 0.13	| 0.01
2381	| 0.08	| 0.10	| 0.02
2382	| 0.03	| 0.03	| 0.00
2383	| 0.22	| 0.22	| 0.00
2384	| 0.11	| 0.10	| 0.01
2385	| 0.21	| 0.17	| 0.05
2386	| 0.22	| 0.24	| 0.02
2387	| 0.11	| 0.14	| 0.03
2388	| 0.32	| 0.29	| 0.03
2389	| 0.15	| 0.15	| 0.00
2390	| 0.09	| 0.10	| 0.01
2391	| 0.08	| 0.09	| 0.01
2392	| 0.02	| 0.02	| 0.00
2393	| 0.00	| 0.01	| 0.00
2394	| 0.16	| 0.16	| 0.01
2395	| 0.18	| 0.16	| 0.02
2396	| 0.29	| 0.26	| 0.03
2397	| 0.07	| 0.07	| 0.00
2398	| 0.11	| 0.12	| 0.01
2399	| 0.07	| 0.09	| 0.03
2400	| 0.08	| 0.10	| 0.01
2401	| 0.28	| 0.24	| 0.03
2402	| 0.14	| 0.14	| 0.00
2403	| 0.16	| 0.17	| 0.01
2404	| 0.20	| 0.17	| 0.03
2405	| 0.12	| 0.15	| 0.03
2406	| 0.28	| 0.30	| 0.02
2407	| 0.14	| 0.17	| 0.02
2408	| 0.03	| 0.02	| 0.01
2409	| 0.12	| 0.10	| 0.02
2410	| 0.14	| 0.13	| 0.01
2411	| 0.24	| 0.24	| 0.00
2412	| 0.06	| 0.06	| 0.00
2413	| 0.23	| 0.22	| 0.01
2414	| 0.06	| 0.04	| 0.01
2415	| 0.19	| 0.19	| 0.00
2416	| 0.26	| 0.22	| 0.05
2417	| 0.17	| 0.18	| 0.01
2418	| 0.25	| 0.25	| 0.00
2419	| 0.03	| 0.03	| 0.00
2420	| 0.13	| 0.12	| 0.01
2421	| 0.06	| 0.03	| 0.03
2422	| 0.09	| 0.09	| 0.00
2423	| 0.09	| 0.09	| 0.00
2424	| 0.28	| 0.31	| 0.03
2425	| 0.13	| 0.14	| 0.01
2426	| 0.12	| 0.14	| 0.01
2427	| 0.18	| 0.18	| 0.01
2428	| 0.32	| 0.32	| 0.00
2429	| 0.06	| 0.06	| 0.00
2430	| 0.31	| 0.29	| 0.02
2431	| 0.01	| 0.00	| 0.00
2432	| 0.24	| 0.22	| 0.02
2433	| 0.33	| 0.30	| 0.03
2434	| 0.08	| 0.08	| 0.00
2435	| 0.04	| 0.05	| 0.01
2436	| 0.27	| 0.26	| 0.01
2437	| 0.22	| 0.23	| 0.01
2438	| 0.05	| 0.06	| 0.02
2439	| 0.16	| 0.15	| 0.01
2440	| 0.08	| 0.07	| 0.00
2441	| 0.17	| 0.20	| 0.03
2442	| 0.16	| 0.16	| 0.00
2443	| 0.33	| 0.33	| 0.01
2444	| 0.07	| 0.08	| 0.01
2445	| 0.26	| 0.25	| 0.01
2446	| 0.16	| 0.16	| 0.01
2447	| 0.17	| 0.21	| 0.03
2448	| 0.17	| 0.20	| 0.03
2449	| 0.28	| 0.26	| 0.02
2450	| 0.34	| 0.31	| 0.03
2451	| 0.26	| 0.29	| 0.03
2452	| 0.26	| 0.25	| 0.01
2453	| 0.02	| 0.02	| 0.00
2454	| 0.07	| 0.07	| 0.00
2455	| 0.24	| 0.23	| 0.01
2456	| 0.01	| 0.01	| 0.00
2457	| 0.15	| 0.13	| 0.02
2458	| 0.29	| 0.34	| 0.04
2459	| 0.18	| 0.17	| 0.02
2460	| 0.14	| 0.16	| 0.02
2461	| 0.12	| 0.13	| 0.02
2462	| 0.10	| 0.11	| 0.00
2463	| 0.10	| 0.08	| 0.02
2464	| 0.08	| 0.08	| 0.01
2465	| 0.12	| 0.11	| 0.01
2466	| 0.07	| 0.08	| 0.00
2467	| 0.21	| 0.24	| 0.03
2468	| 0.26	| 0.26	| 0.01
2469	| 0.30	| 0.30	| 0.00
2470	| 0.15	| 0.17	| 0.02
2471	| 0.23	| 0.26	| 0.03
2472	| 0.32	| 0.34	| 0.02
2473	| 0.26	| 0.27	| 0.01
2474	| 0.28	| 0.32	| 0.04
2475	| 0.05	| 0.06	| 0.01
2476	| 0.12	| 0.11	| 0.01
2477	| 0.18	| 0.18	| 0.00
2478	| 0.18	| 0.16	| 0.02
2479	| 0.20	| 0.18	| 0.02
2480	| 0.31	| 0.29	| 0.02
2481	| 0.04	| 0.04	| 0.00
2482	| 0.15	| 0.17	| 0.02
2483	| 0.16	| 0.16	| 0.00
2484	| 0.16	| 0.16	| 0.01
2485	| 0.28	| 0.27	| 0.01
2486	| 0.15	| 0.16	| 0.01
2487	| 0.21	| 0.23	| 0.02
2488	| 0.17	| 0.16	| 0.02
2489	| 0.29	| 0.28	| 0.01
2490	| 0.05	| 0.06	| 0.00
2491	| 0.23	| 0.19	| 0.03
2492	| 0.01	| 0.00	| 0.01
2493	| 0.13	| 0.15	| 0.02
2494	| 0.19	| 0.20	| 0.02
2495	| 0.02	| 0.01	| 0.00
2496	| 0.24	| 0.23	| 0.01
2497	| 0.21	| 0.22	| 0.01
2498	| 0.05	| 0.06	| 0.00
2499	| 0.30	| 0.30	| 0.00
2500	| 0.00	| 0.01	| 0.00
2501	| 0.31	| 0.27	| 0.05
2502	| 0.27	| 0.26	| 0.01
2503	| 0.32	| 0.31	| 0.02
2504	| 0.17	| 0.20	| 0.03
2505	| 0.18	| 0.20	| 0.02
2506	| 0.30	| 0.31	| 0.01
2507	| 0.22	| 0.21	| 0.01
2508	| 0.27	| 0.26	| 0.01
2509	| 0.08	| 0.09	| 0.01
2510	| 0.08	| 0.08	| 0.00
2511	| 0.06	| 0.09	| 0.02
2512	| 0.28	| 0.28	| 0.00
2513	| 0.30	| 0.30	| 0.00
2514	| 0.24	| 0.28	| 0.04
2515	| 0.26	| 0.28	| 0.02
2516	| 0.24	| 0.24	| 0.00
2517	| 0.20	| 0.20	| 0.00
2518	| 0.28	| 0.30	| 0.02
2519	| 0.29	| 0.28	| 0.01
2520	| 0.12	| 0.11	| 0.01
2521	| 0.31	| 0.34	| 0.03
2522	| 0.28	| 0.28	| 0.00
2523	| 0.31	| 0.29	| 0.02
2524	| 0.06	| 0.04	| 0.02
2525	| 0.11	| 0.12	| 0.01
2526	| 0.20	| 0.21	| 0.02
2527	| 0.00	| 0.00	| 0.00
2528	| 0.17	| 0.17	| 0.00
2529	| 0.16	| 0.19	| 0.02
2530	| 0.14	| 0.16	| 0.01
2531	| 0.11	| 0.14	| 0.03
2532	| 0.28	| 0.25	| 0.03
2533	| 0.04	| 0.05	| 0.01
2534	| 0.10	| 0.11	| 0.01
2535	| 0.01	| 0.01	| 0.00
2536	| 0.01	| 0.01	| 0.00
2537	| 0.26	| 0.24	| 0.02
2538	| 0.03	| 0.04	| 0.01
2539	| 0.05	| 0.07	| 0.01
2540	| 0.06	| 0.05	| 0.01
2541	| 0.30	| 0.28	| 0.03
2542	| 0.08	| 0.07	| 0.00
2543	| 0.29	| 0.29	| 0.00
2544	| 0.23	| 0.25	| 0.02
2545	| 0.18	| 0.18	| 0.00
2546	| 0.08	| 0.10	| 0.01
2547	| 0.31	| 0.32	| 0.01
2548	| 0.15	| 0.16	| 0.01
2549	| 0.18	| 0.20	| 0.01
2550	| 0.29	| 0.28	| 0.02
2551	| 0.07	| 0.08	| 0.01
2552	| 0.22	| 0.25	| 0.02
2553	| 0.11	| 0.11	| 0.01
2554	| 0.26	| 0.27	| 0.01
2555	| 0.29	| 0.31	| 0.02
2556	| 0.27	| 0.28	| 0.01
2557	| 0.27	| 0.29	| 0.02
2558	| 0.26	| 0.29	| 0.03
2559	| 0.19	| 0.17	| 0.01
2560	| 0.09	| 0.08	| 0.02
2561	| 0.18	| 0.20	| 0.02
2562	| 0.17	| 0.17	| 0.00
2563	| 0.02	| 0.02	| 0.00
2564	| 0.02	| 0.03	| 0.01
2565	| 0.16	| 0.13	| 0.02
2566	| 0.06	| 0.09	| 0.03
2567	| 0.18	| 0.19	| 0.01
2568	| 0.09	| 0.08	| 0.01
2569	| 0.09	| 0.08	| 0.00
2570	| 0.00	| 0.01	| 0.00
2571	| 0.10	| 0.10	| 0.01
2572	| 0.29	| 0.29	| 0.01
2573	| 0.14	| 0.13	| 0.00
2574	| 0.04	| 0.02	| 0.02
2575	| 0.26	| 0.22	| 0.04
2576	| 0.16	| 0.13	| 0.03
2577	| 0.21	| 0.20	| 0.01
2578	| 0.33	| 0.33	| 0.00
2579	| 0.06	| 0.08	| 0.02
2580	| 0.32	| 0.30	| 0.01
2581	| 0.19	| 0.19	| 0.00
2582	| 0.05	| 0.04	| 0.01
2583	| 0.10	| 0.08	| 0.01
2584	| 0.25	| 0.30	| 0.05
2585	| 0.08	| 0.08	| 0.00
2586	| 0.03	| 0.04	| 0.01
2587	| 0.18	| 0.18	| 0.00
2588	| 0.26	| 0.25	| 0.01
2589	| 0.31	| 0.29	| 0.02
2590	| 0.20	| 0.26	| 0.06
2591	| 0.07	| 0.06	| 0.01
2592	| 0.03	| 0.03	| 0.01
2593	| 0.26	| 0.25	| 0.01
2594	| 0.12	| 0.15	| 0.03
2595	| 0.16	| 0.16	| 0.00
2596	| 0.13	| 0.13	| 0.00
2597	| 0.21	| 0.21	| 0.00
2598	| 0.26	| 0.22	| 0.03
2599	| 0.04	| 0.05	| 0.01
2600	| 0.12	| 0.13	| 0.01
2601	| 0.23	| 0.25	| 0.03
2602	| 0.09	| 0.09	| 0.01
2603	| 0.05	| 0.04	| 0.01
2604	| 0.26	| 0.25	| 0.01
2605	| 0.18	| 0.16	| 0.02
2606	| 0.07	| 0.08	| 0.00
2607	| 0.21	| 0.22	| 0.01
2608	| 0.02	| 0.01	| 0.00
2609	| 0.18	| 0.18	| 0.01
2610	| 0.31	| 0.28	| 0.03
2611	| 0.32	| 0.31	| 0.01
2612	| 0.08	| 0.08	| 0.00
2613	| 0.05	| 0.06	| 0.01
2614	| 0.36	| 0.35	| 0.01
2615	| 0.24	| 0.31	| 0.07
2616	| 0.30	| 0.27	| 0.03
2617	| 0.26	| 0.23	| 0.02
2618	| 0.04	| 0.03	| 0.00
2619	| 0.23	| 0.24	| 0.02
2620	| 0.27	| 0.27	| 0.00
2621	| 0.25	| 0.27	| 0.02
2622	| 0.20	| 0.21	| 0.01
2623	| 0.25	| 0.24	| 0.01
2624	| 0.15	| 0.14	| 0.01
2625	| 0.15	| 0.19	| 0.04
2626	| 0.27	| 0.27	| 0.01
2627	| 0.04	| 0.03	| 0.01
2628	| 0.03	| 0.03	| 0.00
2629	| 0.08	| 0.09	| 0.01
2630	| 0.26	| 0.20	| 0.06
2631	| 0.15	| 0.13	| 0.02
2632	| 0.04	| 0.04	| 0.00
2633	| 0.26	| 0.27	| 0.01
2634	| 0.12	| 0.11	| 0.01
2635	| 0.27	| 0.28	| 0.01
2636	| 0.24	| 0.24	| 0.00
2637	| 0.15	| 0.14	| 0.01
2638	| 0.21	| 0.19	| 0.01
2639	| 0.03	| 0.03	| 0.00
2640	| 0.16	| 0.14	| 0.03
2641	| 0.30	| 0.29	| 0.01
2642	| 0.32	| 0.34	| 0.02
2643	| 0.20	| 0.22	| 0.02
2644	| 0.33	| 0.32	| 0.01
2645	| 0.09	| 0.10	| 0.01
2646	| 0.28	| 0.28	| 0.00
2647	| 0.29	| 0.25	| 0.04
2648	| 0.16	| 0.16	| 0.00
2649	| 0.20	| 0.18	| 0.03
2650	| 0.04	| 0.06	| 0.02
2651	| 0.06	| 0.06	| 0.00
2652	| 0.14	| 0.13	| 0.01
2653	| 0.18	| 0.18	| 0.00
2654	| 0.04	| 0.04	| 0.00
2655	| 0.17	| 0.20	| 0.03
2656	| 0.24	| 0.22	| 0.02
2657	| 0.16	| 0.16	| 0.00
2658	| 0.01	| 0.00	| 0.01
2659	| 0.15	| 0.15	| 0.01
2660	| 0.00	| 0.01	| 0.00
2661	| 0.06	| 0.04	| 0.01
2662	| 0.28	| 0.30	| 0.02
2663	| 0.26	| 0.24	| 0.02
2664	| 0.23	| 0.22	| 0.00
2665	| 0.21	| 0.18	| 0.02
2666	| 0.26	| 0.24	| 0.03
2667	| 0.09	| 0.11	| 0.02
2668	| 0.12	| 0.14	| 0.02
2669	| 0.21	| 0.22	| 0.00
2670	| 0.26	| 0.22	| 0.04
2671	| 0.24	| 0.24	| 0.00
2672	| 0.08	| 0.11	| 0.04
2673	| 0.08	| 0.07	| 0.01
2674	| 0.07	| 0.08	| 0.01
2675	| 0.32	| 0.35	| 0.03
2676	| 0.16	| 0.13	| 0.03
2677	| 0.10	| 0.12	| 0.02
2678	| 0.08	| 0.07	| 0.01
2679	| 0.00	| 0.00	| 0.00
2680	| 0.24	| 0.29	| 0.05
2681	| 0.19	| 0.21	| 0.02
2682	| 0.05	| 0.04	| 0.01
2683	| 0.23	| 0.22	| 0.02
2684	| 0.03	| 0.03	| 0.01
2685	| 0.18	| 0.19	| 0.01
2686	| 0.19	| 0.22	| 0.03
2687	| 0.07	| 0.07	| 0.00
2688	| 0.25	| 0.26	| 0.01
2689	| 0.21	| 0.20	| 0.01
2690	| 0.22	| 0.20	| 0.01
2691	| 0.16	| 0.16	| 0.01
2692	| 0.24	| 0.21	| 0.02
2693	| 0.12	| 0.11	| 0.01
2694	| 0.34	| 0.31	| 0.03
2695	| 0.18	| 0.17	| 0.01
2696	| 0.17	| 0.16	| 0.01
2697	| 0.06	| 0.07	| 0.00
2698	| 0.06	| 0.08	| 0.02
2699	| 0.32	| 0.29	| 0.04
2700	| 0.01	| 0.00	| 0.00
2701	| 0.21	| 0.19	| 0.02
2702	| 0.12	| 0.13	| 0.01
2703	| 0.14	| 0.16	| 0.01
2704	| 0.21	| 0.24	| 0.03
2705	| 0.14	| 0.16	| 0.02
2706	| 0.01	| 0.01	| 0.01
2707	| 0.28	| 0.27	| 0.01
2708	| 0.06	| 0.05	| 0.01
2709	| 0.17	| 0.18	| 0.00
2710	| 0.16	| 0.17	| 0.02
2711	| 0.01	| 0.02	| 0.00
2712	| 0.22	| 0.22	| 0.00
2713	| 0.27	| 0.32	| 0.05
2714	| 0.15	| 0.15	| 0.00
2715	| 0.30	| 0.33	| 0.02
2716	| 0.13	| 0.14	| 0.00
2717	| 0.19	| 0.24	| 0.04
2718	| 0.14	| 0.12	| 0.02
2719	| 0.15	| 0.14	| 0.01
2720	| 0.22	| 0.18	| 0.04
2721	| 0.30	| 0.33	| 0.03
2722	| 0.22	| 0.24	| 0.03
2723	| 0.23	| 0.21	| 0.02
2724	| 0.30	| 0.30	| 0.00
2725	| 0.14	| 0.11	| 0.03
2726	| 0.31	| 0.33	| 0.02
2727	| 0.13	| 0.15	| 0.02
2728	| 0.04	| 0.04	| 0.00
2729	| 0.10	| 0.09	| 0.02
2730	| 0.26	| 0.26	| 0.01
2731	| 0.27	| 0.27	| 0.01
2732	| 0.16	| 0.17	| 0.01
2733	| 0.09	| 0.10	| 0.01
2734	| 0.12	| 0.09	| 0.03
2735	| 0.11	| 0.07	| 0.03
2736	| 0.28	| 0.29	| 0.01
2737	| 0.03	| 0.03	| 0.00
2738	| 0.25	| 0.24	| 0.01
2739	| 0.29	| 0.25	| 0.04
2740	| 0.21	| 0.22	| 0.01
2741	| 0.18	| 0.14	| 0.04
2742	| 0.27	| 0.29	| 0.02
2743	| 0.29	| 0.29	| 0.00
2744	| 0.30	| 0.31	| 0.01
2745	| 0.18	| 0.19	| 0.01
2746	| 0.06	| 0.05	| 0.00
2747	| 0.08	| 0.10	| 0.02
2748	| 0.21	| 0.21	| 0.00
2749	| 0.24	| 0.24	| 0.00
2750	| 0.05	| 0.04	| 0.01
2751	| 0.16	| 0.17	| 0.01
2752	| 0.07	| 0.06	| 0.00
2753	| 0.30	| 0.32	| 0.03
2754	| 0.25	| 0.24	| 0.01
2755	| 0.24	| 0.22	| 0.02
2756	| 0.22	| 0.20	| 0.02
2757	| 0.06	| 0.05	| 0.01
2758	| 0.18	| 0.17	| 0.01
2759	| 0.14	| 0.17	| 0.02
2760	| 0.17	| 0.13	| 0.04
2761	| 0.27	| 0.25	| 0.01
2762	| 0.35	| 0.34	| 0.01
2763	| 0.31	| 0.31	| 0.00
2764	| 0.25	| 0.26	| 0.02
2765	| 0.06	| 0.04	| 0.02
2766	| 0.03	| 0.03	| 0.00
2767	| 0.24	| 0.25	| 0.01
2768	| 0.06	| 0.05	| 0.01
2769	| 0.08	| 0.08	| 0.00
2770	| 0.34	| 0.31	| 0.03
2771	| 0.19	| 0.18	| 0.01
2772	| 0.03	| 0.03	| 0.00
2773	| 0.34	| 0.30	| 0.04
2774	| 0.20	| 0.19	| 0.01
2775	| 0.13	| 0.13	| 0.00
2776	| 0.27	| 0.30	| 0.04
2777	| 0.28	| 0.30	| 0.03
2778	| 0.21	| 0.22	| 0.01
2779	| 0.02	| 0.02	| 0.00
2780	| 0.13	| 0.10	| 0.03
2781	| 0.33	| 0.31	| 0.03
2782	| 0.16	| 0.17	| 0.02
2783	| 0.22	| 0.21	| 0.02
2784	| 0.01	| 0.01	| 0.00
2785	| 0.30	| 0.31	| 0.01
2786	| 0.01	| 0.01	| 0.00
2787	| 0.18	| 0.22	| 0.04
2788	| 0.04	| 0.06	| 0.01
2789	| 0.06	| 0.07	| 0.01
2790	| 0.01	| 0.01	| 0.00
2791	| 0.26	| 0.24	| 0.02
2792	| 0.19	| 0.17	| 0.02
2793	| 0.26	| 0.25	| 0.01
2794	| 0.15	| 0.17	| 0.02
2795	| 0.06	| 0.06	| 0.00
2796	| 0.18	| 0.19	| 0.01
2797	| 0.05	| 0.04	| 0.01
2798	| 0.29	| 0.27	| 0.02
2799	| 0.21	| 0.19	| 0.02
2800	| 0.08	| 0.06	| 0.02
2801	| 0.12	| 0.11	| 0.01
2802	| 0.07	| 0.09	| 0.03
2803	| 0.16	| 0.14	| 0.02
2804	| 0.19	| 0.19	| 0.00
2805	| 0.14	| 0.15	| 0.02
2806	| 0.10	| 0.11	| 0.01
2807	| 0.34	| 0.34	| 0.00
2808	| 0.26	| 0.28	| 0.02
2809	| 0.09	| 0.08	| 0.00
2810	| 0.18	| 0.17	| 0.02
2811	| 0.17	| 0.15	| 0.02
2812	| 0.05	| 0.05	| 0.00
2813	| 0.22	| 0.23	| 0.01
2814	| 0.22	| 0.21	| 0.02
2815	| 0.14	| 0.16	| 0.03
2816	| 0.15	| 0.16	| 0.01
2817	| 0.01	| 0.02	| 0.00
2818	| 0.21	| 0.20	| 0.01
2819	| 0.12	| 0.12	| 0.00
2820	| 0.27	| 0.25	| 0.02
2821	| 0.19	| 0.19	| 0.01
2822	| 0.01	| 0.01	| 0.01
2823	| 0.08	| 0.06	| 0.02
2824	| 0.10	| 0.10	| 0.00
2825	| 0.08	| 0.09	| 0.01
2826	| 0.22	| 0.26	| 0.04
2827	| 0.22	| 0.19	| 0.03
2828	| 0.29	| 0.30	| 0.01
2829	| 0.30	| 0.26	| 0.04
2830	| 0.16	| 0.18	| 0.02
2831	| 0.11	| 0.10	| 0.01
2832	| 0.31	| 0.31	| 0.00
2833	| 0.34	| 0.32	| 0.03
2834	| 0.20	| 0.18	| 0.02
2835	| 0.08	| 0.08	| 0.00
2836	| 0.11	| 0.10	| 0.01
2837	| 0.04	| 0.04	| 0.00
2838	| 0.18	| 0.20	| 0.02
2839	| 0.18	| 0.21	| 0.03
2840	| 0.22	| 0.22	| 0.00
2841	| 0.20	| 0.19	| 0.02
2842	| 0.02	| 0.02	| 0.00
2843	| 0.06	| 0.06	| 0.00
2844	| 0.06	| 0.06	| 0.00
2845	| 0.17	| 0.15	| 0.02
2846	| 0.03	| 0.03	| 0.00
2847	| 0.06	| 0.07	| 0.01
2848	| 0.03	| 0.04	| 0.02
2849	| 0.20	| 0.20	| 0.00
2850	| 0.08	| 0.11	| 0.04
2851	| 0.01	| 0.01	| 0.00
2852	| 0.25	| 0.26	| 0.01
2853	| 0.18	| 0.15	| 0.02
2854	| 0.20	| 0.18	| 0.02
2855	| 0.26	| 0.23	| 0.02
2856	| 0.28	| 0.28	| 0.00
2857	| 0.12	| 0.10	| 0.02
2858	| 0.11	| 0.13	| 0.02
2859	| 0.31	| 0.30	| 0.01
2860	| 0.06	| 0.09	| 0.02
2861	| 0.34	| 0.30	| 0.03
2862	| 0.11	| 0.10	| 0.00
2863	| 0.10	| 0.14	| 0.04
2864	| 0.29	| 0.31	| 0.02
2865	| 0.16	| 0.17	| 0.01
2866	| 0.10	| 0.10	| 0.00
2867	| 0.33	| 0.34	| 0.01
2868	| 0.21	| 0.22	| 0.01
2869	| 0.13	| 0.11	| 0.02
2870	| 0.20	| 0.17	| 0.03
2871	| 0.02	| 0.01	| 0.01
2872	| 0.08	| 0.06	| 0.02
2873	| 0.06	| 0.04	| 0.02
2874	| 0.27	| 0.27	| 0.00
2875	| 0.03	| 0.02	| 0.01
2876	| 0.17	| 0.15	| 0.02
2877	| 0.12	| 0.12	| 0.01
2878	| 0.03	| 0.03	| 0.00
2879	| 0.15	| 0.14	| 0.01
2880	| 0.14	| 0.15	| 0.02
2881	| 0.16	| 0.18	| 0.02
2882	| 0.11	| 0.12	| 0.01
2883	| 0.05	| 0.04	| 0.01
2884	| 0.07	| 0.07	| 0.01
2885	| 0.29	| 0.28	| 0.01
2886	| 0.34	| 0.33	| 0.01
2887	| 0.22	| 0.20	| 0.02
2888	| 0.20	| 0.20	| 0.00
2889	| 0.15	| 0.18	| 0.04
2890	| 0.32	| 0.33	| 0.01
2891	| 0.26	| 0.24	| 0.03
2892	| 0.06	| 0.06	| 0.01
2893	| 0.08	| 0.06	| 0.02
2894	| 0.09	| 0.11	| 0.02
2895	| 0.09	| 0.10	| 0.01
2896	| 0.21	| 0.20	| 0.01
2897	| 0.05	| 0.06	| 0.01
2898	| 0.09	| 0.10	| 0.02
2899	| 0.05	| 0.05	| 0.00
2900	| 0.32	| 0.28	| 0.04
2901	| 0.05	| 0.07	| 0.02
2902	| 0.33	| 0.33	| 0.00
2903	| 0.25	| 0.24	| 0.00
2904	| 0.30	| 0.30	| 0.01
2905	| 0.03	| 0.03	| 0.00
2906	| 0.22	| 0.19	| 0.03
2907	| 0.08	| 0.09	| 0.01
2908	| 0.05	| 0.05	| 0.00
2909	| 0.33	| 0.33	| 0.01
2910	| 0.03	| 0.02	| 0.01
2911	| 0.08	| 0.08	| 0.00
2912	| 0.06	| 0.06	| 0.01
2913	| 0.07	| 0.08	| 0.01
2914	| 0.15	| 0.16	| 0.01
2915	| 0.21	| 0.24	| 0.02
2916	| 0.07	| 0.05	| 0.02
2917	| 0.30	| 0.29	| 0.01
2918	| 0.19	| 0.20	| 0.02
2919	| 0.21	| 0.24	| 0.02
2920	| 0.00	| 0.00	| 0.00
2921	| 0.21	| 0.22	| 0.01
2922	| 0.07	| 0.10	| 0.02
2923	| 0.09	| 0.11	| 0.02
2924	| 0.14	| 0.13	| 0.01
2925	| 0.06	| 0.04	| 0.01
2926	| 0.10	| 0.10	| 0.00
2927	| 0.22	| 0.22	| 0.00
2928	| 0.16	| 0.17	| 0.00
2929	| 0.05	| 0.04	| 0.00
2930	| 0.06	| 0.08	| 0.02
2931	| 0.29	| 0.31	| 0.02
2932	| 0.22	| 0.24	| 0.02
2933	| 0.08	| 0.07	| 0.01
2934	| 0.11	| 0.12	| 0.01
2935	| 0.26	| 0.25	| 0.01
2936	| 0.31	| 0.25	| 0.06
2937	| 0.03	| 0.03	| 0.01
2938	| 0.27	| 0.27	| 0.00
2939	| 0.24	| 0.26	| 0.01
2940	| 0.20	| 0.16	| 0.03
2941	| 0.17	| 0.17	| 0.00
2942	| 0.00	| 0.00	| 0.00
2943	| 0.30	| 0.30	| 0.01
2944	| 0.25	| 0.25	| 0.01
2945	| 0.22	| 0.25	| 0.03
2946	| 0.27	| 0.24	| 0.03
2947	| 0.07	| 0.05	| 0.02
2948	| 0.11	| 0.11	| 0.01
2949	| 0.04	| 0.06	| 0.01
2950	| 0.22	| 0.25	| 0.03
2951	| 0.33	| 0.34	| 0.01
2952	| 0.29	| 0.27	| 0.02
2953	| 0.18	| 0.20	| 0.02
2954	| 0.20	| 0.23	| 0.03
2955	| 0.13	| 0.13	| 0.00
2956	| 0.26	| 0.28	| 0.02
2957	| 0.34	| 0.34	| 0.00
2958	| 0.23	| 0.28	| 0.05
2959	| 0.16	| 0.18	| 0.02
2960	| 0.08	| 0.09	| 0.00
2961	| 0.27	| 0.30	| 0.02
2962	| 0.26	| 0.28	| 0.02
2963	| 0.24	| 0.22	| 0.02
2964	| 0.13	| 0.14	| 0.01
2965	| 0.32	| 0.30	| 0.01
2966	| 0.27	| 0.28	| 0.00
2967	| 0.28	| 0.28	| 0.00
2968	| 0.01	| 0.01	| 0.00
2969	| 0.27	| 0.27	| 0.01
2970	| 0.05	| 0.05	| 0.00
2971	| 0.17	| 0.16	| 0.01
2972	| 0.01	| 0.01	| 0.00
2973	| 0.19	| 0.21	| 0.01
2974	| 0.07	| 0.07	| 0.01
2975	| 0.10	| 0.08	| 0.02
2976	| 0.29	| 0.28	| 0.01
2977	| 0.18	| 0.16	| 0.02
2978	| 0.10	| 0.08	| 0.02
2979	| 0.25	| 0.22	| 0.03
2980	| 0.21	| 0.19	| 0.02
2981	| 0.04	| 0.04	| 0.00
2982	| 0.08	| 0.11	| 0.03
2983	| 0.36	| 0.29	| 0.07
2984	| 0.02	| 0.02	| 0.00
2985	| 0.14	| 0.13	| 0.01
2986	| 0.18	| 0.19	| 0.01
2987	| 0.26	| 0.25	| 0.01
2988	| 0.17	| 0.17	| 0.00
2989	| 0.21	| 0.24	| 0.03
2990	| 0.18	| 0.19	| 0.01
2991	| 0.08	| 0.06	| 0.02
2992	| 0.14	| 0.15	| 0.01
2993	| 0.06	| 0.04	| 0.02
2994	| 0.05	| 0.06	| 0.01
2995	| 0.30	| 0.30	| 0.00
2996	| 0.04	| 0.05	| 0.01
2997	| 0.14	| 0.14	| 0.00
2998	| 0.04	| 0.06	| 0.03
2999	| 0.10	| 0.09	| 0.01
