Weighted Random Sampling Comparison on 100000 Trials
---------------------------------------------
Difference is bigger than 1% p in the following indices: []
Elapsed time: Fast: 11.233933s, Fenwick: 1.0371455s

---------------------------------------------
Probability(%) of each element being selected:
Element	| Fast	| Fenw	| Diff(Max-Min)
---------------------------------------------
0	| 1.03	| 0.98	| 0.05
1	| 9.10	| 8.89	| 0.21
2	| 2.95	| 2.91	| 0.05
3	| 12.99	| 13.10	| 0.11
4	| 14.78	| 14.74	| 0.04
5	| 14.27	| 14.17	| 0.11
6	| 1.97	| 1.95	| 0.02
7	| 6.07	| 6.20	| 0.14
8	| 11.93	| 11.86	| 0.07
9	| 8.57	| 8.42	| 0.15
10	| 17.07	| 16.84	| 0.24
11	| 7.31	| 7.32	| 0.01
12	| 4.22	| 4.12	| 0.10
13	| 12.30	| 12.47	| 0.17
14	| 12.57	| 12.52	| 0.05
15	| 6.60	| 6.68	| 0.08
16	| 9.99	| 9.76	| 0.23
17	| 18.19	| 17.88	| 0.30
18	| 12.17	| 12.09	| 0.09
19	| 15.76	| 15.62	| 0.14
20	| 11.41	| 11.18	| 0.23
21	| 14.64	| 14.51	| 0.14
22	| 0.83	| 0.83	| 0.00
23	| 13.08	| 12.90	| 0.17
24	| 7.12	| 6.99	| 0.13
25	| 10.12	| 9.99	| 0.13
26	| 11.06	| 10.88	| 0.19
27	| 15.46	| 15.28	| 0.18
28	| 12.38	| 12.47	| 0.09
29	| 10.87	| 10.72	| 0.15
30	| 3.75	| 3.93	| 0.18
31	| 4.42	| 4.30	| 0.13
32	| 3.87	| 3.79	| 0.08
33	| 5.88	| 5.98	| 0.10
34	| 15.82	| 15.75	| 0.07
35	| 0.38	| 0.39	| 0.01
36	| 15.81	| 16.00	| 0.18
37	| 6.35	| 6.25	| 0.10
38	| 5.28	| 5.38	| 0.10
39	| 11.30	| 11.25	| 0.05
40	| 4.81	| 4.85	| 0.04
41	| 8.45	| 8.47	| 0.02
42	| 14.92	| 15.11	| 0.19
43	| 3.79	| 3.77	| 0.02
44	| 5.79	| 5.71	| 0.08
45	| 16.66	| 16.99	| 0.33
46	| 15.06	| 15.20	| 0.14
47	| 12.37	| 12.44	| 0.07
48	| 7.81	| 7.76	| 0.05
49	| 15.29	| 15.33	| 0.05
50	| 17.73	| 18.07	| 0.34
51	| 15.55	| 15.79	| 0.24
52	| 4.94	| 5.03	| 0.09
53	| 12.95	| 12.93	| 0.02
54	| 16.70	| 16.63	| 0.06
55	| 8.58	| 8.67	| 0.09
56	| 2.62	| 2.61	| 0.01
57	| 17.48	| 17.62	| 0.13
58	| 17.87	| 17.92	| 0.05
59	| 17.52	| 17.47	| 0.05
60	| 11.16	| 11.15	| 0.01
61	| 15.03	| 14.88	| 0.15
62	| 7.94	| 7.92	| 0.02
63	| 1.06	| 1.10	| 0.03
64	| 11.28	| 11.17	| 0.11
65	| 18.68	| 18.51	| 0.17
66	| 2.97	| 2.90	| 0.07
67	| 12.07	| 11.88	| 0.19
68	| 2.35	| 2.25	| 0.10
69	| 18.89	| 18.62	| 0.27
70	| 13.91	| 13.48	| 0.42
71	| 2.05	| 2.02	| 0.04
72	| 16.56	| 16.65	| 0.08
73	| 6.11	| 6.10	| 0.00
74	| 6.86	| 6.82	| 0.04
75	| 18.78	| 18.60	| 0.18
76	| 16.06	| 15.93	| 0.13
77	| 4.68	| 4.68	| 0.00
78	| 1.46	| 1.41	| 0.04
79	| 7.63	| 7.71	| 0.08
80	| 18.35	| 18.34	| 0.00
81	| 15.40	| 15.15	| 0.25
82	| 12.94	| 12.98	| 0.04
83	| 16.40	| 16.61	| 0.21
84	| 12.85	| 12.70	| 0.15
85	| 6.59	| 6.65	| 0.06
86	| 15.95	| 16.07	| 0.12
87	| 1.95	| 2.05	| 0.10
88	| 7.19	| 7.27	| 0.08
89	| 17.62	| 17.79	| 0.17
90	| 9.71	| 9.39	| 0.32
91	| 14.80	| 14.97	| 0.17
92	| 4.71	| 4.82	| 0.11
93	| 9.24	| 9.31	| 0.07
94	| 16.41	| 16.33	| 0.08
95	| 11.70	| 11.91	| 0.21
96	| 14.03	| 14.06	| 0.04
97	| 18.08	| 18.11	| 0.03
98	| 16.19	| 15.99	| 0.21
99	| 18.43	| 18.69	| 0.25
100	| 0.69	| 0.73	| 0.04
101	| 15.12	| 15.38	| 0.26
102	| 11.84	| 11.78	| 0.06
103	| 4.61	| 4.67	| 0.06
104	| 11.50	| 11.58	| 0.08
105	| 7.84	| 7.65	| 0.19
106	| 12.60	| 12.45	| 0.15
107	| 4.49	| 4.41	| 0.09
108	| 15.83	| 16.01	| 0.18
109	| 17.99	| 17.95	| 0.04
110	| 11.39	| 11.42	| 0.03
111	| 13.04	| 13.35	| 0.31
112	| 6.16	| 6.11	| 0.05
113	| 6.56	| 6.64	| 0.08
114	| 16.10	| 16.47	| 0.38
115	| 16.79	| 17.13	| 0.34
116	| 5.33	| 5.30	| 0.02
117	| 8.62	| 8.53	| 0.09
118	| 1.47	| 1.53	| 0.06
119	| 4.88	| 4.88	| 0.00
120	| 5.67	| 5.61	| 0.07
121	| 6.34	| 6.52	| 0.18
122	| 3.69	| 3.66	| 0.03
123	| 0.59	| 0.61	| 0.03
124	| 10.46	| 10.65	| 0.19
125	| 4.38	| 4.32	| 0.06
126	| 11.70	| 11.50	| 0.21
127	| 4.27	| 4.28	| 0.01
128	| 6.03	| 6.04	| 0.01
129	| 11.04	| 11.15	| 0.11
130	| 13.20	| 13.18	| 0.02
131	| 8.21	| 8.40	| 0.19
132	| 3.63	| 3.59	| 0.04
133	| 14.13	| 14.07	| 0.06
134	| 5.75	| 5.71	| 0.04
135	| 3.34	| 3.33	| 0.01
136	| 1.90	| 1.84	| 0.06
137	| 3.99	| 3.93	| 0.05
138	| 0.51	| 0.56	| 0.05
139	| 4.24	| 4.25	| 0.01
140	| 8.26	| 8.26	| 0.00
141	| 9.58	| 9.70	| 0.12
142	| 14.07	| 14.20	| 0.13
143	| 7.42	| 7.26	| 0.17
144	| 15.15	| 15.26	| 0.11
145	| 9.25	| 9.35	| 0.09
146	| 6.20	| 6.06	| 0.13
147	| 15.39	| 15.53	| 0.14
148	| 1.71	| 1.71	| 0.01
149	| 5.31	| 5.50	| 0.18
150	| 5.80	| 5.84	| 0.04
151	| 11.32	| 11.33	| 0.01
152	| 14.30	| 14.51	| 0.21
153	| 6.59	| 6.52	| 0.07
154	| 16.11	| 16.03	| 0.08
155	| 7.70	| 7.86	| 0.16
156	| 0.62	| 0.66	| 0.04
157	| 14.08	| 14.36	| 0.28
158	| 15.71	| 15.74	| 0.03
159	| 2.86	| 2.88	| 0.02
160	| 13.91	| 13.94	| 0.03
161	| 2.60	| 2.54	| 0.06
162	| 12.87	| 12.93	| 0.06
163	| 2.75	| 2.70	| 0.05
164	| 3.84	| 3.88	| 0.04
165	| 4.85	| 4.92	| 0.08
166	| 10.85	| 10.78	| 0.07
167	| 5.90	| 5.93	| 0.03
168	| 15.76	| 16.00	| 0.24
169	| 14.74	| 14.66	| 0.08
170	| 18.63	| 18.43	| 0.19
171	| 7.19	| 7.14	| 0.05
172	| 17.21	| 16.92	| 0.28
173	| 17.97	| 17.69	| 0.28
174	| 15.28	| 15.36	| 0.08
175	| 17.31	| 17.36	| 0.05
176	| 12.57	| 12.51	| 0.06
177	| 14.96	| 14.85	| 0.11
178	| 12.15	| 11.97	| 0.18
179	| 5.10	| 5.17	| 0.06
180	| 18.00	| 18.00	| 0.00
181	| 9.23	| 9.04	| 0.19
182	| 15.94	| 15.91	| 0.03
183	| 6.16	| 6.28	| 0.11
184	| 12.76	| 12.87	| 0.11
185	| 3.77	| 3.71	| 0.06
186	| 4.05	| 3.99	| 0.05
187	| 3.91	| 3.93	| 0.02
188	| 5.29	| 5.21	| 0.08
189	| 16.16	| 16.15	| 0.01
190	| 5.26	| 5.23	| 0.03
191	| 8.42	| 8.45	| 0.03
192	| 16.59	| 16.78	| 0.19
193	| 18.89	| 18.80	| 0.09
194	| 2.32	| 2.25	| 0.07
195	| 19.00	| 18.91	| 0.09
196	| 5.94	| 5.76	| 0.18
197	| 8.06	| 7.71	| 0.35
198	| 2.16	| 2.14	| 0.02
199	| 17.02	| 16.94	| 0.08
200	| 10.94	| 10.75	| 0.20
201	| 15.57	| 15.37	| 0.20
202	| 6.35	| 6.28	| 0.07
203	| 0.31	| 0.33	| 0.02
204	| 0.22	| 0.21	| 0.02
205	| 12.23	| 12.42	| 0.19
206	| 9.62	| 9.68	| 0.06
207	| 5.21	| 5.28	| 0.08
208	| 15.79	| 15.68	| 0.12
209	| 15.51	| 15.42	| 0.09
210	| 2.38	| 2.42	| 0.04
211	| 6.53	| 6.52	| 0.01
212	| 11.64	| 11.62	| 0.02
213	| 4.71	| 4.75	| 0.04
214	| 5.09	| 5.11	| 0.01
215	| 11.45	| 11.70	| 0.25
216	| 16.91	| 17.03	| 0.12
217	| 6.31	| 6.19	| 0.13
218	| 8.92	| 8.61	| 0.31
219	| 4.84	| 4.77	| 0.08
220	| 4.60	| 4.39	| 0.21
221	| 16.18	| 16.16	| 0.02
222	| 1.23	| 1.25	| 0.02
223	| 8.73	| 8.94	| 0.21
224	| 4.12	| 4.09	| 0.02
225	| 16.43	| 16.46	| 0.03
226	| 2.60	| 2.58	| 0.02
227	| 6.90	| 6.98	| 0.08
228	| 18.89	| 18.75	| 0.15
229	| 13.27	| 13.46	| 0.19
230	| 2.74	| 2.65	| 0.10
231	| 4.02	| 4.01	| 0.01
232	| 9.25	| 9.19	| 0.06
233	| 2.29	| 2.22	| 0.08
234	| 17.25	| 17.41	| 0.16
235	| 16.23	| 16.23	| 0.01
236	| 4.13	| 4.16	| 0.04
237	| 15.99	| 16.09	| 0.10
238	| 14.35	| 14.34	| 0.01
239	| 9.67	| 9.73	| 0.06
240	| 11.58	| 11.56	| 0.02
241	| 9.79	| 9.94	| 0.15
242	| 4.86	| 4.97	| 0.10
243	| 5.56	| 5.57	| 0.01
244	| 2.40	| 2.44	| 0.03
245	| 12.83	| 13.00	| 0.18
246	| 14.78	| 14.86	| 0.08
247	| 18.55	| 18.82	| 0.27
248	| 6.22	| 6.26	| 0.04
249	| 16.47	| 16.65	| 0.18
250	| 14.34	| 14.22	| 0.12
251	| 2.92	| 2.82	| 0.10
252	| 4.91	| 4.82	| 0.10
253	| 15.79	| 15.73	| 0.06
254	| 18.15	| 18.22	| 0.07
255	| 1.66	| 1.71	| 0.05
256	| 4.94	| 4.83	| 0.11
257	| 2.06	| 2.08	| 0.02
258	| 4.01	| 4.13	| 0.12
259	| 3.59	| 3.57	| 0.02
260	| 14.55	| 14.50	| 0.05
261	| 12.71	| 12.60	| 0.11
262	| 2.81	| 2.67	| 0.15
263	| 15.17	| 15.25	| 0.07
264	| 2.41	| 2.48	| 0.06
265	| 2.60	| 2.71	| 0.11
266	| 0.65	| 0.67	| 0.02
267	| 0.99	| 1.00	| 0.01
268	| 17.73	| 17.85	| 0.13
269	| 16.38	| 16.44	| 0.06
270	| 3.74	| 3.72	| 0.02
271	| 12.93	| 12.86	| 0.07
272	| 9.84	| 9.84	| 0.00
273	| 7.12	| 7.17	| 0.05
274	| 16.93	| 16.93	| 0.00
275	| 18.67	| 18.66	| 0.01
276	| 16.82	| 16.95	| 0.13
277	| 5.06	| 5.07	| 0.01
278	| 7.30	| 7.36	| 0.06
279	| 10.09	| 10.20	| 0.11
280	| 7.92	| 8.00	| 0.08
281	| 16.75	| 16.82	| 0.06
282	| 18.44	| 18.45	| 0.01
283	| 11.03	| 11.02	| 0.01
284	| 18.58	| 18.80	| 0.22
285	| 8.61	| 8.42	| 0.19
286	| 12.17	| 11.89	| 0.28
287	| 4.45	| 4.57	| 0.13
288	| 12.39	| 12.57	| 0.18
289	| 6.88	| 6.81	| 0.07
290	| 7.03	| 7.07	| 0.04
291	| 13.52	| 13.33	| 0.19
292	| 15.49	| 15.29	| 0.20
293	| 9.71	| 9.58	| 0.13
294	| 8.53	| 8.30	| 0.23
295	| 7.27	| 7.34	| 0.07
296	| 6.30	| 6.26	| 0.05
297	| 16.04	| 16.12	| 0.09
298	| 1.73	| 1.59	| 0.14
299	| 8.45	| 8.59	| 0.14
300	| 7.05	| 7.12	| 0.08
301	| 7.06	| 6.90	| 0.16
302	| 6.72	| 6.67	| 0.05
303	| 18.35	| 18.36	| 0.01
304	| 17.73	| 17.61	| 0.12
305	| 0.77	| 0.77	| 0.01
306	| 6.51	| 6.54	| 0.03
307	| 3.27	| 3.29	| 0.02
308	| 10.30	| 10.40	| 0.09
309	| 18.27	| 18.41	| 0.14
310	| 11.91	| 12.03	| 0.12
311	| 7.11	| 7.21	| 0.09
312	| 15.84	| 15.87	| 0.03
313	| 5.38	| 5.26	| 0.12
314	| 6.57	| 6.36	| 0.21
315	| 15.34	| 15.41	| 0.08
316	| 18.02	| 17.84	| 0.18
317	| 13.95	| 13.77	| 0.18
318	| 17.93	| 18.06	| 0.13
319	| 11.81	| 11.72	| 0.09
320	| 3.56	| 3.50	| 0.06
321	| 12.51	| 12.49	| 0.02
322	| 4.12	| 4.15	| 0.03
323	| 7.05	| 6.92	| 0.13
324	| 6.48	| 6.45	| 0.03
325	| 6.72	| 6.70	| 0.02
326	| 9.12	| 9.28	| 0.16
327	| 12.53	| 12.48	| 0.05
328	| 9.74	| 9.83	| 0.09
329	| 6.58	| 6.59	| 0.02
330	| 2.89	| 2.96	| 0.07
331	| 9.91	| 9.89	| 0.02
332	| 4.05	| 4.04	| 0.00
333	| 16.95	| 16.82	| 0.13
334	| 9.44	| 9.43	| 0.01
335	| 8.55	| 8.32	| 0.22
336	| 0.08	| 0.07	| 0.01
337	| 17.66	| 17.61	| 0.05
338	| 10.33	| 10.51	| 0.18
339	| 11.40	| 11.54	| 0.14
340	| 5.13	| 5.22	| 0.09
341	| 5.78	| 5.94	| 0.16
342	| 3.08	| 3.11	| 0.03
343	| 18.33	| 18.44	| 0.11
344	| 15.45	| 15.60	| 0.16
345	| 12.07	| 12.12	| 0.05
346	| 5.43	| 5.50	| 0.08
347	| 10.30	| 10.50	| 0.20
348	| 16.77	| 16.73	| 0.04
349	| 3.54	| 3.50	| 0.04
350	| 2.89	| 2.87	| 0.02
351	| 12.99	| 13.40	| 0.41
352	| 16.51	| 16.57	| 0.06
353	| 3.04	| 2.95	| 0.09
354	| 3.01	| 3.00	| 0.01
355	| 16.34	| 16.38	| 0.04
356	| 2.74	| 2.71	| 0.03
357	| 8.08	| 8.02	| 0.06
358	| 9.98	| 9.83	| 0.15
359	| 3.95	| 3.98	| 0.02
360	| 16.15	| 16.32	| 0.17
361	| 6.09	| 6.08	| 0.01
362	| 9.75	| 9.82	| 0.07
363	| 18.57	| 18.84	| 0.27
364	| 7.15	| 7.11	| 0.05
365	| 16.95	| 16.84	| 0.11
366	| 9.25	| 9.24	| 0.02
367	| 1.51	| 1.48	| 0.03
368	| 16.75	| 17.03	| 0.28
369	| 13.62	| 13.39	| 0.23
370	| 16.70	| 16.55	| 0.15
371	| 16.00	| 15.95	| 0.04
372	| 9.28	| 9.36	| 0.08
373	| 16.45	| 16.57	| 0.12
374	| 4.11	| 4.01	| 0.09
375	| 18.51	| 18.32	| 0.20
376	| 15.94	| 15.80	| 0.14
377	| 15.88	| 15.84	| 0.04
378	| 15.29	| 15.33	| 0.04
379	| 3.71	| 3.56	| 0.15
380	| 18.46	| 18.42	| 0.04
381	| 6.93	| 6.93	| 0.00
382	| 10.67	| 10.59	| 0.08
383	| 0.23	| 0.23	| 0.00
384	| 3.82	| 3.80	| 0.02
385	| 13.64	| 13.63	| 0.02
386	| 14.91	| 14.75	| 0.16
387	| 10.07	| 10.25	| 0.18
388	| 3.08	| 3.05	| 0.02
389	| 17.76	| 17.70	| 0.06
390	| 8.79	| 8.67	| 0.12
391	| 0.30	| 0.32	| 0.03
392	| 12.22	| 12.02	| 0.20
393	| 16.54	| 15.94	| 0.60
394	| 6.30	| 6.45	| 0.15
395	| 2.96	| 2.78	| 0.18
396	| 10.57	| 10.53	| 0.05
397	| 17.24	| 17.01	| 0.23
398	| 8.61	| 8.56	| 0.05
399	| 2.38	| 2.38	| 0.00
400	| 3.12	| 3.18	| 0.06
401	| 16.02	| 16.41	| 0.39
402	| 13.75	| 13.69	| 0.06
403	| 17.55	| 17.56	| 0.00
404	| 17.67	| 17.76	| 0.09
405	| 18.16	| 18.13	| 0.03
406	| 16.57	| 16.67	| 0.11
407	| 4.85	| 4.74	| 0.11
408	| 5.69	| 5.85	| 0.16
409	| 5.39	| 5.30	| 0.09
410	| 15.40	| 15.32	| 0.08
411	| 12.12	| 12.28	| 0.17
412	| 11.03	| 11.06	| 0.04
413	| 11.53	| 11.60	| 0.06
414	| 16.94	| 16.87	| 0.06
415	| 5.61	| 5.65	| 0.04
416	| 6.94	| 6.99	| 0.05
417	| 15.93	| 15.85	| 0.08
418	| 4.87	| 4.75	| 0.12
419	| 4.21	| 4.11	| 0.10
420	| 17.69	| 17.77	| 0.08
421	| 10.47	| 10.44	| 0.04
422	| 13.64	| 13.57	| 0.07
423	| 7.50	| 7.60	| 0.10
424	| 13.16	| 13.51	| 0.36
425	| 11.73	| 11.86	| 0.13
426	| 17.43	| 17.30	| 0.13
427	| 18.53	| 18.82	| 0.29
428	| 18.80	| 18.66	| 0.14
429	| 3.32	| 3.33	| 0.01
430	| 13.95	| 13.97	| 0.02
431	| 13.42	| 13.60	| 0.18
432	| 13.99	| 13.66	| 0.33
433	| 3.52	| 3.38	| 0.13
434	| 15.84	| 15.86	| 0.02
435	| 0.14	| 0.11	| 0.03
436	| 6.73	| 6.79	| 0.06
437	| 18.91	| 18.93	| 0.02
438	| 12.90	| 12.80	| 0.10
439	| 7.30	| 7.35	| 0.06
440	| 14.56	| 14.68	| 0.12
441	| 18.46	| 18.60	| 0.14
442	| 17.73	| 17.45	| 0.28
443	| 9.98	| 10.15	| 0.17
444	| 8.35	| 8.29	| 0.06
445	| 14.77	| 15.00	| 0.22
446	| 15.84	| 16.22	| 0.38
447	| 7.78	| 8.04	| 0.26
448	| 5.88	| 5.82	| 0.06
449	| 12.21	| 12.50	| 0.29
450	| 0.21	| 0.19	| 0.02
451	| 16.52	| 16.36	| 0.16
452	| 1.16	| 1.19	| 0.03
453	| 8.47	| 8.54	| 0.07
454	| 13.56	| 13.42	| 0.14
455	| 12.98	| 12.83	| 0.16
456	| 5.46	| 5.42	| 0.04
457	| 0.01	| 0.02	| 0.00
458	| 7.39	| 7.57	| 0.18
459	| 12.41	| 12.42	| 0.01
460	| 2.80	| 2.77	| 0.03
461	| 6.76	| 6.69	| 0.07
462	| 18.33	| 18.06	| 0.27
463	| 8.52	| 8.14	| 0.38
464	| 2.43	| 2.62	| 0.19
465	| 0.56	| 0.59	| 0.03
466	| 2.77	| 2.70	| 0.07
467	| 15.80	| 15.99	| 0.18
468	| 14.70	| 14.65	| 0.05
469	| 16.82	| 16.87	| 0.06
470	| 13.26	| 13.26	| 0.00
471	| 7.78	| 7.64	| 0.15
472	| 6.17	| 6.14	| 0.02
473	| 17.06	| 17.01	| 0.05
474	| 18.79	| 18.50	| 0.29
475	| 18.37	| 18.03	| 0.34
476	| 4.49	| 4.52	| 0.02
477	| 1.24	| 1.25	| 0.00
478	| 11.24	| 11.29	| 0.05
479	| 13.87	| 13.85	| 0.02
480	| 9.91	| 9.69	| 0.22
481	| 3.88	| 3.89	| 0.01
482	| 9.47	| 9.59	| 0.12
483	| 11.62	| 11.59	| 0.03
484	| 6.25	| 6.21	| 0.04
485	| 13.64	| 13.71	| 0.06
486	| 4.47	| 4.42	| 0.04
487	| 15.73	| 15.53	| 0.19
488	| 3.19	| 3.16	| 0.03
489	| 4.92	| 5.02	| 0.10
490	| 13.95	| 13.68	| 0.27
491	| 9.30	| 9.45	| 0.16
492	| 13.72	| 14.12	| 0.40
493	| 10.54	| 10.68	| 0.15
494	| 0.22	| 0.20	| 0.01
495	| 12.67	| 12.87	| 0.20
496	| 1.27	| 1.23	| 0.04
497	| 12.45	| 12.69	| 0.24
498	| 16.70	| 16.44	| 0.26
499	| 1.77	| 1.89	| 0.12
500	| 3.31	| 3.32	| 0.00
501	| 14.99	| 15.34	| 0.34
502	| 9.03	| 9.06	| 0.02
503	| 16.52	| 16.56	| 0.04
504	| 1.68	| 1.67	| 0.01
505	| 12.14	| 12.09	| 0.05
506	| 14.75	| 14.87	| 0.12
507	| 17.17	| 16.91	| 0.26
508	| 8.40	| 8.43	| 0.03
509	| 8.77	| 8.66	| 0.11
510	| 15.21	| 15.21	| 0.01
511	| 4.03	| 4.11	| 0.08
512	| 16.95	| 17.24	| 0.29
513	| 18.38	| 18.44	| 0.06
514	| 9.20	| 9.20	| 0.00
515	| 10.72	| 10.81	| 0.09
516	| 8.21	| 8.41	| 0.20
517	| 5.26	| 5.40	| 0.14
518	| 0.61	| 0.63	| 0.02
519	| 7.02	| 6.97	| 0.04
520	| 18.11	| 18.39	| 0.29
521	| 5.41	| 5.41	| 0.00
522	| 7.20	| 7.07	| 0.13
523	| 10.56	| 10.76	| 0.19
524	| 17.89	| 17.89	| 0.00
525	| 11.12	| 11.00	| 0.12
526	| 4.70	| 4.64	| 0.06
527	| 12.82	| 12.74	| 0.07
528	| 9.84	| 9.79	| 0.05
529	| 7.60	| 7.81	| 0.21
530	| 13.12	| 12.87	| 0.26
531	| 16.30	| 16.29	| 0.01
532	| 9.98	| 9.97	| 0.02
533	| 11.22	| 11.02	| 0.20
534	| 5.43	| 5.51	| 0.07
535	| 17.89	| 17.78	| 0.11
536	| 8.81	| 8.83	| 0.02
537	| 17.48	| 17.50	| 0.03
538	| 7.25	| 7.23	| 0.02
539	| 10.24	| 10.11	| 0.12
540	| 9.27	| 9.24	| 0.03
541	| 5.66	| 5.65	| 0.01
542	| 18.24	| 18.06	| 0.19
543	| 11.91	| 11.68	| 0.23
544	| 6.77	| 6.84	| 0.06
545	| 1.90	| 1.93	| 0.02
546	| 15.22	| 15.21	| 0.01
547	| 7.75	| 7.73	| 0.02
548	| 11.70	| 11.75	| 0.05
549	| 16.18	| 15.85	| 0.33
550	| 2.19	| 2.17	| 0.02
551	| 0.66	| 0.66	| 0.01
552	| 6.51	| 6.51	| 0.00
553	| 10.76	| 10.77	| 0.01
554	| 17.17	| 17.22	| 0.05
555	| 16.99	| 16.98	| 0.01
556	| 1.33	| 1.39	| 0.05
557	| 12.28	| 12.40	| 0.12
558	| 0.87	| 0.80	| 0.07
559	| 10.98	| 11.09	| 0.12
560	| 12.00	| 12.23	| 0.23
561	| 13.23	| 13.24	| 0.01
562	| 5.67	| 5.54	| 0.12
563	| 7.02	| 6.95	| 0.07
564	| 7.26	| 7.19	| 0.07
565	| 13.26	| 13.18	| 0.08
566	| 13.91	| 14.16	| 0.25
567	| 3.23	| 3.33	| 0.09
568	| 4.33	| 4.45	| 0.11
569	| 10.90	| 10.84	| 0.05
570	| 6.89	| 7.11	| 0.21
571	| 11.84	| 11.74	| 0.10
572	| 15.03	| 15.18	| 0.15
573	| 13.59	| 13.44	| 0.15
574	| 15.78	| 15.91	| 0.13
575	| 1.52	| 1.44	| 0.09
576	| 10.40	| 10.66	| 0.26
577	| 8.51	| 8.55	| 0.04
578	| 17.35	| 17.35	| 0.00
579	| 7.20	| 6.94	| 0.26
580	| 18.40	| 18.17	| 0.23
581	| 6.81	| 7.05	| 0.24
582	| 2.20	| 2.13	| 0.07
583	| 6.22	| 6.51	| 0.29
584	| 10.09	| 9.84	| 0.25
585	| 6.63	| 6.48	| 0.15
586	| 18.34	| 18.69	| 0.35
587	| 13.48	| 13.46	| 0.02
588	| 14.06	| 14.03	| 0.02
589	| 13.77	| 13.77	| 0.01
590	| 7.26	| 7.27	| 0.01
591	| 5.01	| 5.13	| 0.12
592	| 16.49	| 16.54	| 0.05
593	| 3.98	| 3.96	| 0.02
594	| 2.94	| 3.01	| 0.07
595	| 4.00	| 4.01	| 0.01
596	| 17.69	| 17.68	| 0.01
597	| 8.68	| 8.67	| 0.01
598	| 11.83	| 11.61	| 0.22
599	| 7.46	| 7.34	| 0.12
600	| 12.35	| 12.44	| 0.09
601	| 4.17	| 4.21	| 0.04
602	| 4.92	| 4.84	| 0.08
603	| 16.18	| 16.35	| 0.16
604	| 0.48	| 0.45	| 0.04
605	| 3.65	| 3.66	| 0.00
606	| 15.42	| 15.68	| 0.27
607	| 2.28	| 2.33	| 0.05
608	| 5.73	| 5.82	| 0.09
609	| 17.63	| 17.84	| 0.21
610	| 4.77	| 4.90	| 0.13
611	| 9.39	| 9.43	| 0.05
612	| 14.09	| 14.19	| 0.11
613	| 5.40	| 5.44	| 0.04
614	| 0.30	| 0.32	| 0.02
615	| 2.02	| 2.01	| 0.02
616	| 15.29	| 15.57	| 0.29
617	| 10.88	| 10.79	| 0.08
618	| 16.57	| 16.70	| 0.13
619	| 11.74	| 11.83	| 0.09
620	| 1.95	| 1.98	| 0.03
621	| 12.06	| 11.97	| 0.09
622	| 3.01	| 2.99	| 0.01
623	| 6.33	| 6.23	| 0.10
624	| 9.32	| 9.30	| 0.02
625	| 8.87	| 8.97	| 0.10
626	| 17.77	| 17.64	| 0.14
627	| 16.88	| 16.86	| 0.02
628	| 7.06	| 7.01	| 0.05
629	| 7.61	| 7.85	| 0.24
630	| 15.01	| 15.11	| 0.10
631	| 6.74	| 6.76	| 0.02
632	| 12.04	| 12.06	| 0.02
633	| 1.66	| 1.73	| 0.08
634	| 6.24	| 6.24	| 0.00
635	| 10.33	| 10.20	| 0.13
636	| 14.46	| 14.32	| 0.14
637	| 16.76	| 16.80	| 0.04
638	| 13.95	| 13.74	| 0.21
639	| 5.76	| 5.79	| 0.02
640	| 15.11	| 15.21	| 0.10
641	| 13.84	| 13.65	| 0.20
642	| 3.86	| 3.88	| 0.02
643	| 12.04	| 11.95	| 0.10
644	| 4.86	| 4.91	| 0.06
645	| 9.47	| 9.49	| 0.02
646	| 3.40	| 3.23	| 0.17
647	| 8.65	| 8.69	| 0.04
648	| 16.25	| 16.18	| 0.07
649	| 9.40	| 9.22	| 0.18
650	| 18.04	| 17.96	| 0.08
651	| 1.85	| 1.81	| 0.04
652	| 11.99	| 12.14	| 0.15
653	| 8.98	| 8.88	| 0.10
654	| 14.84	| 14.80	| 0.04
655	| 16.01	| 15.97	| 0.04
656	| 16.27	| 16.16	| 0.10
657	| 10.68	| 10.62	| 0.06
658	| 15.90	| 16.13	| 0.23
659	| 4.51	| 4.32	| 0.19
660	| 4.80	| 4.79	| 0.00
661	| 8.18	| 8.05	| 0.13
662	| 13.44	| 13.50	| 0.05
663	| 17.02	| 16.95	| 0.07
664	| 16.78	| 16.90	| 0.12
665	| 14.80	| 15.04	| 0.24
666	| 15.17	| 15.48	| 0.31
667	| 4.46	| 4.41	| 0.05
668	| 18.45	| 18.39	| 0.06
669	| 12.41	| 12.51	| 0.09
670	| 6.36	| 6.29	| 0.07
671	| 17.14	| 17.20	| 0.07
672	| 9.70	| 9.52	| 0.17
673	| 9.71	| 9.69	| 0.01
674	| 6.96	| 6.68	| 0.28
675	| 13.66	| 13.68	| 0.02
676	| 14.51	| 14.51	| 0.01
677	| 17.72	| 17.89	| 0.17
678	| 14.37	| 14.51	| 0.14
679	| 17.38	| 17.39	| 0.01
680	| 18.56	| 18.22	| 0.34
681	| 18.77	| 18.68	| 0.09
682	| 0.53	| 0.57	| 0.04
683	| 8.67	| 8.71	| 0.04
684	| 8.56	| 8.62	| 0.06
685	| 17.52	| 17.53	| 0.01
686	| 17.69	| 17.61	| 0.07
687	| 16.26	| 16.36	| 0.09
688	| 1.42	| 1.40	| 0.02
689	| 8.23	| 8.21	| 0.02
690	| 16.61	| 16.30	| 0.31
691	| 5.07	| 4.97	| 0.10
692	| 16.35	| 16.30	| 0.04
693	| 18.14	| 17.98	| 0.16
694	| 17.24	| 16.90	| 0.34
695	| 12.63	| 12.58	| 0.05
696	| 8.51	| 8.57	| 0.06
697	| 1.92	| 1.99	| 0.07
698	| 8.50	| 8.47	| 0.03
699	| 9.30	| 9.33	| 0.04
700	| 14.36	| 14.24	| 0.12
701	| 13.83	| 14.01	| 0.18
702	| 11.41	| 11.40	| 0.01
703	| 18.24	| 18.34	| 0.10
704	| 17.98	| 18.14	| 0.16
705	| 13.69	| 13.60	| 0.09
706	| 8.17	| 7.93	| 0.25
707	| 14.68	| 14.88	| 0.20
708	| 12.13	| 11.98	| 0.14
709	| 12.43	| 12.16	| 0.27
710	| 14.89	| 14.98	| 0.09
711	| 18.81	| 18.70	| 0.11
712	| 17.67	| 17.87	| 0.19
713	| 17.63	| 17.51	| 0.12
714	| 13.64	| 13.68	| 0.05
715	| 17.10	| 17.12	| 0.02
716	| 18.77	| 18.85	| 0.08
717	| 2.34	| 2.21	| 0.14
718	| 18.18	| 18.14	| 0.05
719	| 14.38	| 14.26	| 0.11
720	| 6.96	| 6.90	| 0.06
721	| 7.31	| 7.32	| 0.01
722	| 1.45	| 1.42	| 0.03
723	| 7.45	| 7.52	| 0.07
724	| 2.09	| 2.07	| 0.02
725	| 5.02	| 5.03	| 0.01
726	| 9.11	| 9.03	| 0.07
727	| 11.91	| 12.17	| 0.25
728	| 2.17	| 2.17	| 0.01
729	| 6.63	| 6.76	| 0.13
730	| 16.00	| 16.01	| 0.01
731	| 6.61	| 6.61	| 0.00
732	| 2.64	| 2.62	| 0.02
733	| 1.11	| 1.17	| 0.06
734	| 12.05	| 12.17	| 0.12
735	| 11.69	| 11.63	| 0.06
736	| 5.02	| 4.99	| 0.03
737	| 0.27	| 0.32	| 0.04
738	| 11.55	| 11.50	| 0.05
739	| 10.78	| 10.67	| 0.11
740	| 1.71	| 1.83	| 0.12
741	| 6.51	| 6.40	| 0.11
742	| 11.53	| 11.36	| 0.17
743	| 15.59	| 15.85	| 0.27
744	| 1.24	| 1.31	| 0.08
745	| 1.94	| 1.91	| 0.03
746	| 19.03	| 18.82	| 0.20
747	| 8.84	| 8.90	| 0.06
748	| 8.12	| 7.94	| 0.19
749	| 15.56	| 15.72	| 0.16
750	| 9.13	| 9.15	| 0.02
751	| 8.83	| 8.75	| 0.08
752	| 0.62	| 0.62	| 0.00
753	| 13.71	| 13.64	| 0.07
754	| 4.56	| 4.50	| 0.06
755	| 15.12	| 14.97	| 0.14
756	| 10.61	| 10.75	| 0.14
757	| 13.36	| 13.07	| 0.29
758	| 14.05	| 14.08	| 0.03
759	| 13.21	| 13.15	| 0.05
760	| 16.13	| 16.49	| 0.36
761	| 13.67	| 13.26	| 0.41
762	| 4.44	| 4.50	| 0.06
763	| 4.18	| 4.16	| 0.02
764	| 15.35	| 15.30	| 0.05
765	| 15.63	| 15.62	| 0.01
766	| 9.18	| 9.32	| 0.14
767	| 4.61	| 4.60	| 0.01
768	| 18.13	| 18.36	| 0.23
769	| 17.58	| 17.77	| 0.19
770	| 13.83	| 13.90	| 0.07
771	| 10.15	| 10.14	| 0.00
772	| 7.54	| 7.62	| 0.08
773	| 17.98	| 17.96	| 0.02
774	| 15.84	| 15.99	| 0.15
775	| 4.49	| 4.49	| 0.00
776	| 17.08	| 17.11	| 0.03
777	| 7.21	| 7.24	| 0.03
778	| 7.17	| 7.22	| 0.04
779	| 4.52	| 4.67	| 0.15
780	| 13.24	| 13.14	| 0.09
781	| 13.85	| 14.16	| 0.32
782	| 1.45	| 1.41	| 0.04
783	| 5.47	| 5.54	| 0.07
784	| 4.86	| 4.84	| 0.02
785	| 5.67	| 5.61	| 0.06
786	| 1.49	| 1.53	| 0.04
787	| 16.48	| 16.61	| 0.13
788	| 7.26	| 7.25	| 0.01
789	| 18.09	| 17.93	| 0.16
790	| 13.47	| 13.33	| 0.14
791	| 10.90	| 10.83	| 0.07
792	| 8.55	| 8.45	| 0.09
793	| 14.20	| 14.47	| 0.28
794	| 15.13	| 15.00	| 0.13
795	| 2.73	| 2.84	| 0.11
796	| 5.17	| 5.17	| 0.01
797	| 0.51	| 0.46	| 0.06
798	| 0.27	| 0.27	| 0.00
799	| 1.80	| 1.69	| 0.11
800	| 15.04	| 14.95	| 0.09
801	| 7.66	| 7.51	| 0.14
802	| 16.48	| 16.29	| 0.18
803	| 18.21	| 18.22	| 0.01
804	| 18.87	| 18.93	| 0.07
805	| 15.66	| 15.59	| 0.07
806	| 0.69	| 0.73	| 0.05
807	| 1.28	| 1.42	| 0.14
808	| 0.51	| 0.55	| 0.05
809	| 16.39	| 16.45	| 0.05
810	| 0.41	| 0.45	| 0.04
811	| 15.13	| 15.58	| 0.45
812	| 10.86	| 10.93	| 0.07
813	| 11.11	| 11.15	| 0.05
814	| 13.73	| 13.84	| 0.11
815	| 1.37	| 1.33	| 0.04
816	| 4.88	| 4.84	| 0.04
817	| 9.12	| 9.22	| 0.10
818	| 12.94	| 13.02	| 0.08
819	| 14.64	| 14.81	| 0.17
820	| 18.24	| 17.90	| 0.33
821	| 6.41	| 6.39	| 0.03
822	| 0.32	| 0.31	| 0.01
823	| 8.46	| 8.28	| 0.18
824	| 1.46	| 1.43	| 0.03
825	| 16.43	| 16.29	| 0.15
826	| 11.65	| 11.55	| 0.10
827	| 1.51	| 1.53	| 0.02
828	| 17.75	| 18.22	| 0.47
829	| 8.95	| 8.84	| 0.11
830	| 15.55	| 15.67	| 0.12
831	| 1.83	| 1.87	| 0.05
832	| 17.58	| 17.52	| 0.06
833	| 14.94	| 15.11	| 0.17
834	| 9.42	| 9.20	| 0.22
835	| 15.10	| 14.89	| 0.21
836	| 3.81	| 3.81	| 0.00
837	| 5.08	| 5.06	| 0.02
838	| 15.06	| 15.09	| 0.03
839	| 18.06	| 18.01	| 0.05
840	| 12.60	| 12.71	| 0.11
841	| 11.87	| 11.71	| 0.16
842	| 4.33	| 4.30	| 0.03
843	| 2.15	| 2.24	| 0.10
844	| 9.18	| 9.17	| 0.01
845	| 5.97	| 6.11	| 0.14
846	| 10.23	| 10.18	| 0.04
847	| 3.98	| 3.96	| 0.02
848	| 4.89	| 4.96	| 0.07
849	| 0.19	| 0.17	| 0.02
850	| 18.31	| 18.43	| 0.11
851	| 5.31	| 5.31	| 0.00
852	| 13.22	| 12.95	| 0.27
853	| 16.16	| 16.24	| 0.08
854	| 5.89	| 5.93	| 0.04
855	| 18.55	| 18.74	| 0.18
856	| 1.79	| 1.81	| 0.02
857	| 16.64	| 17.05	| 0.41
858	| 2.62	| 2.48	| 0.14
859	| 18.79	| 19.14	| 0.36
860	| 5.99	| 6.08	| 0.09
861	| 5.84	| 5.75	| 0.08
862	| 12.92	| 12.88	| 0.05
863	| 16.39	| 16.15	| 0.24
864	| 4.80	| 4.91	| 0.10
865	| 0.51	| 0.56	| 0.05
866	| 4.55	| 4.69	| 0.13
867	| 17.42	| 17.36	| 0.06
868	| 16.97	| 16.94	| 0.03
869	| 13.80	| 13.70	| 0.10
870	| 15.87	| 15.61	| 0.26
871	| 4.10	| 3.94	| 0.16
872	| 15.42	| 15.19	| 0.23
873	| 8.60	| 8.42	| 0.18
874	| 12.09	| 11.96	| 0.13
875	| 13.57	| 13.61	| 0.05
876	| 5.56	| 5.61	| 0.05
877	| 7.05	| 7.09	| 0.05
878	| 15.46	| 15.42	| 0.04
879	| 18.65	| 18.56	| 0.09
880	| 5.31	| 5.17	| 0.15
881	| 16.84	| 16.89	| 0.05
882	| 4.14	| 4.19	| 0.05
883	| 13.42	| 13.12	| 0.30
884	| 16.44	| 16.31	| 0.13
885	| 15.55	| 15.65	| 0.11
886	| 8.76	| 8.90	| 0.14
887	| 12.63	| 12.64	| 0.01
888	| 11.02	| 11.28	| 0.26
889	| 16.60	| 16.53	| 0.07
890	| 10.29	| 10.23	| 0.06
891	| 2.78	| 2.73	| 0.04
892	| 3.75	| 3.76	| 0.01
893	| 0.53	| 0.54	| 0.01
894	| 2.09	| 1.98	| 0.11
895	| 17.94	| 18.13	| 0.20
896	| 6.10	| 5.92	| 0.18
897	| 2.36	| 2.36	| 0.00
898	| 1.65	| 1.62	| 0.04
899	| 4.45	| 4.39	| 0.06
900	| 18.72	| 18.61	| 0.11
901	| 16.11	| 15.88	| 0.23
902	| 10.06	| 9.93	| 0.12
903	| 3.62	| 3.63	| 0.01
904	| 7.56	| 7.61	| 0.05
905	| 2.91	| 2.98	| 0.07
906	| 11.01	| 11.01	| 0.00
907	| 17.18	| 17.17	| 0.01
908	| 12.47	| 12.80	| 0.33
909	| 16.16	| 16.34	| 0.18
910	| 9.70	| 9.85	| 0.15
911	| 5.82	| 5.71	| 0.11
912	| 14.15	| 14.05	| 0.10
913	| 17.69	| 17.62	| 0.07
914	| 16.71	| 16.82	| 0.11
915	| 6.11	| 6.17	| 0.05
916	| 0.82	| 0.84	| 0.02
917	| 11.26	| 11.33	| 0.07
918	| 7.49	| 7.46	| 0.03
919	| 17.09	| 17.22	| 0.12
920	| 6.23	| 6.14	| 0.09
921	| 1.78	| 1.74	| 0.04
922	| 4.85	| 4.74	| 0.11
923	| 3.42	| 3.41	| 0.01
924	| 9.68	| 9.87	| 0.19
925	| 16.56	| 16.30	| 0.26
926	| 2.28	| 2.35	| 0.07
927	| 9.80	| 9.54	| 0.26
928	| 12.23	| 12.20	| 0.03
929	| 14.56	| 14.48	| 0.08
930	| 18.24	| 18.21	| 0.03
931	| 10.81	| 10.84	| 0.03
932	| 0.50	| 0.51	| 0.02
933	| 8.72	| 8.76	| 0.04
934	| 5.55	| 5.65	| 0.10
935	| 2.12	| 2.21	| 0.09
936	| 7.71	| 7.45	| 0.26
937	| 2.57	| 2.54	| 0.04
938	| 5.87	| 5.70	| 0.17
939	| 17.32	| 17.25	| 0.06
940	| 15.97	| 15.85	| 0.12
941	| 17.05	| 17.37	| 0.32
942	| 10.31	| 10.51	| 0.20
943	| 14.66	| 14.64	| 0.01
944	| 3.10	| 3.12	| 0.02
945	| 9.12	| 9.34	| 0.22
946	| 17.14	| 16.86	| 0.28
947	| 13.49	| 13.54	| 0.05
948	| 11.21	| 11.20	| 0.02
949	| 3.88	| 3.90	| 0.02
950	| 7.51	| 7.69	| 0.19
951	| 17.00	| 17.16	| 0.16
952	| 7.37	| 7.10	| 0.26
953	| 8.38	| 8.24	| 0.15
954	| 16.13	| 16.09	| 0.04
955	| 3.59	| 3.52	| 0.07
956	| 18.49	| 18.70	| 0.21
957	| 16.64	| 17.00	| 0.36
958	| 5.98	| 6.08	| 0.10
959	| 5.44	| 5.43	| 0.01
960	| 18.10	| 18.03	| 0.07
961	| 14.41	| 14.17	| 0.24
962	| 7.99	| 7.82	| 0.17
963	| 10.52	| 10.60	| 0.08
964	| 10.56	| 10.55	| 0.02
965	| 2.21	| 2.20	| 0.02
966	| 4.17	| 4.13	| 0.05
967	| 1.95	| 1.90	| 0.04
968	| 3.80	| 3.76	| 0.04
969	| 13.31	| 13.45	| 0.14
970	| 10.77	| 10.85	| 0.08
971	| 10.78	| 10.46	| 0.32
972	| 2.39	| 2.41	| 0.03
973	| 4.16	| 4.26	| 0.09
974	| 17.44	| 17.64	| 0.21
975	| 14.13	| 14.32	| 0.19
976	| 0.12	| 0.13	| 0.00
977	| 10.43	| 10.52	| 0.09
978	| 10.79	| 10.72	| 0.06
979	| 2.03	| 1.96	| 0.08
980	| 1.00	| 0.98	| 0.02
981	| 16.64	| 16.89	| 0.25
982	| 14.47	| 14.58	| 0.11
983	| 3.92	| 3.75	| 0.17
984	| 4.06	| 4.02	| 0.04
985	| 8.16	| 8.12	| 0.04
986	| 1.35	| 1.34	| 0.00
987	| 12.85	| 12.79	| 0.06
988	| 17.85	| 17.69	| 0.16
989	| 16.81	| 17.05	| 0.25
990	| 16.22	| 16.32	| 0.09
991	| 5.67	| 5.72	| 0.05
992	| 1.26	| 1.25	| 0.00
993	| 12.30	| 12.32	| 0.02
994	| 9.15	| 8.91	| 0.23
995	| 3.67	| 3.64	| 0.03
996	| 10.12	| 10.11	| 0.01
997	| 3.19	| 3.14	| 0.05
998	| 5.27	| 5.26	| 0.01
999	| 18.02	| 18.31	| 0.29
