Weighted Random Sampling Comparison on 100000 Trials
---------------------------------------------
Difference is bigger than 1% p in the following indices: []
Elapsed time: Fast: 37.082801042s, Fenwick: 9.906028958s

---------------------------------------------
Probability(%) of each element being selected:
Element	| Fast	| Fenw	| Diff(Max-Min)
---------------------------------------------
0	| 56.28	| 56.47	| 0.18
1	| 49.78	| 49.58	| 0.19
2	| 55.99	| 56.17	| 0.18
3	| 29.67	| 29.67	| 0.00
4	| 38.78	| 38.66	| 0.12
5	| 23.65	| 23.96	| 0.31
6	| 10.17	| 10.25	| 0.09
7	| 12.99	| 12.93	| 0.07
8	| 31.00	| 31.05	| 0.05
9	| 28.41	| 28.17	| 0.25
10	| 53.02	| 52.76	| 0.26
11	| 2.89	| 2.86	| 0.03
12	| 5.34	| 5.39	| 0.05
13	| 36.75	| 37.06	| 0.31
14	| 54.67	| 54.60	| 0.07
15	| 34.22	| 34.30	| 0.08
16	| 53.16	| 53.21	| 0.05
17	| 14.58	| 14.23	| 0.35
18	| 22.69	| 22.51	| 0.18
19	| 16.98	| 16.95	| 0.03
20	| 42.59	| 42.34	| 0.24
21	| 29.16	| 29.35	| 0.18
22	| 15.20	| 15.11	| 0.09
23	| 24.39	| 24.59	| 0.21
24	| 43.97	| 44.23	| 0.26
25	| 31.48	| 31.62	| 0.14
26	| 33.05	| 32.48	| 0.57
27	| 31.16	| 31.16	| 0.00
28	| 57.87	| 57.81	| 0.06
29	| 45.61	| 45.70	| 0.09
30	| 33.65	| 33.37	| 0.28
31	| 36.15	| 36.34	| 0.19
32	| 51.86	| 52.04	| 0.18
33	| 49.68	| 49.64	| 0.04
34	| 41.43	| 41.61	| 0.18
35	| 37.67	| 37.79	| 0.12
36	| 55.40	| 55.11	| 0.29
37	| 18.68	| 18.52	| 0.17
38	| 21.72	| 22.03	| 0.31
39	| 47.71	| 47.81	| 0.10
40	| 23.76	| 23.60	| 0.16
41	| 15.90	| 16.08	| 0.18
42	| 9.28	| 9.29	| 0.01
43	| 50.01	| 49.89	| 0.12
44	| 37.45	| 37.62	| 0.17
45	| 37.78	| 37.93	| 0.15
46	| 45.78	| 45.57	| 0.21
47	| 54.14	| 54.17	| 0.03
48	| 12.41	| 12.38	| 0.03
49	| 37.89	| 37.83	| 0.06
50	| 57.14	| 57.27	| 0.13
51	| 50.66	| 50.80	| 0.14
52	| 40.39	| 40.10	| 0.29
53	| 45.91	| 45.98	| 0.07
54	| 10.67	| 10.71	| 0.04
55	| 47.01	| 46.67	| 0.34
56	| 5.22	| 5.24	| 0.02
57	| 28.99	| 28.89	| 0.11
58	| 10.63	| 10.79	| 0.16
59	| 48.70	| 48.57	| 0.13
60	| 18.80	| 18.75	| 0.04
61	| 55.59	| 55.70	| 0.10
62	| 12.25	| 12.43	| 0.17
63	| 19.18	| 19.01	| 0.17
64	| 32.12	| 31.85	| 0.27
65	| 43.42	| 43.56	| 0.15
66	| 45.17	| 45.25	| 0.08
67	| 50.14	| 50.29	| 0.15
68	| 42.41	| 42.05	| 0.36
69	| 56.85	| 56.81	| 0.03
70	| 31.36	| 31.15	| 0.20
71	| 49.13	| 48.91	| 0.21
72	| 50.71	| 50.56	| 0.16
73	| 55.88	| 55.81	| 0.07
74	| 43.42	| 43.44	| 0.02
75	| 29.03	| 29.18	| 0.15
76	| 28.37	| 28.54	| 0.17
77	| 1.52	| 1.65	| 0.13
78	| 41.12	| 41.22	| 0.10
79	| 3.86	| 3.85	| 0.00
80	| 54.22	| 54.09	| 0.12
81	| 21.77	| 22.11	| 0.34
82	| 39.18	| 39.00	| 0.18
83	| 30.46	| 30.43	| 0.04
84	| 25.50	| 25.86	| 0.36
85	| 36.23	| 36.14	| 0.08
86	| 7.66	| 7.71	| 0.05
87	| 57.57	| 57.70	| 0.13
88	| 41.16	| 40.93	| 0.23
89	| 57.61	| 57.58	| 0.03
90	| 42.68	| 42.89	| 0.21
91	| 21.11	| 21.36	| 0.26
92	| 48.12	| 48.09	| 0.03
93	| 21.17	| 21.00	| 0.18
94	| 0.88	| 0.91	| 0.03
95	| 43.18	| 43.38	| 0.20
96	| 16.08	| 16.37	| 0.29
97	| 43.98	| 44.04	| 0.05
98	| 46.00	| 45.97	| 0.03
99	| 20.20	| 20.32	| 0.12
100	| 38.75	| 38.65	| 0.10
101	| 56.39	| 56.27	| 0.12
102	| 55.29	| 55.21	| 0.08
103	| 47.61	| 47.64	| 0.03
104	| 5.54	| 5.46	| 0.09
105	| 22.83	| 22.93	| 0.09
106	| 35.71	| 35.89	| 0.18
107	| 20.84	| 21.05	| 0.21
108	| 3.32	| 3.38	| 0.06
109	| 24.98	| 24.71	| 0.27
110	| 47.14	| 47.22	| 0.08
111	| 33.34	| 33.37	| 0.03
112	| 25.34	| 25.67	| 0.33
113	| 31.79	| 31.90	| 0.10
114	| 43.76	| 43.59	| 0.17
115	| 43.34	| 43.53	| 0.19
116	| 32.26	| 31.94	| 0.32
117	| 5.69	| 5.59	| 0.10
118	| 18.87	| 19.24	| 0.37
119	| 46.91	| 46.66	| 0.25
120	| 41.09	| 40.54	| 0.54
121	| 54.91	| 55.45	| 0.54
122	| 22.48	| 22.47	| 0.00
123	| 55.11	| 55.21	| 0.10
124	| 56.54	| 56.59	| 0.06
125	| 43.13	| 42.98	| 0.15
126	| 44.25	| 44.22	| 0.03
127	| 1.96	| 2.01	| 0.04
128	| 54.84	| 54.93	| 0.08
129	| 51.51	| 51.72	| 0.21
130	| 49.95	| 49.97	| 0.02
131	| 55.83	| 55.90	| 0.07
132	| 9.32	| 9.33	| 0.02
133	| 8.99	| 8.87	| 0.12
134	| 9.10	| 9.17	| 0.07
135	| 0.27	| 0.24	| 0.04
136	| 33.73	| 33.50	| 0.23
137	| 22.98	| 22.87	| 0.11
138	| 21.28	| 21.51	| 0.22
139	| 48.79	| 48.13	| 0.66
140	| 48.30	| 48.26	| 0.04
141	| 2.12	| 2.09	| 0.03
142	| 19.53	| 19.78	| 0.25
143	| 56.28	| 56.22	| 0.05
144	| 8.27	| 8.46	| 0.19
145	| 35.23	| 34.98	| 0.25
146	| 32.94	| 33.03	| 0.09
147	| 44.03	| 44.10	| 0.07
148	| 8.52	| 8.44	| 0.09
149	| 20.34	| 20.31	| 0.03
150	| 51.80	| 51.80	| 0.00
151	| 53.26	| 52.89	| 0.37
152	| 19.82	| 19.99	| 0.17
153	| 43.50	| 42.82	| 0.68
154	| 12.41	| 12.19	| 0.22
155	| 29.79	| 29.86	| 0.07
156	| 44.06	| 44.06	| 0.00
157	| 15.69	| 15.57	| 0.13
158	| 54.21	| 54.12	| 0.09
159	| 34.17	| 34.16	| 0.01
160	| 47.89	| 47.73	| 0.17
161	| 21.26	| 21.51	| 0.25
162	| 21.25	| 21.14	| 0.11
163	| 11.35	| 11.51	| 0.16
164	| 0.51	| 0.50	| 0.00
165	| 50.14	| 49.94	| 0.20
166	| 11.82	| 11.74	| 0.07
167	| 31.72	| 32.01	| 0.29
168	| 45.86	| 46.07	| 0.21
169	| 36.69	| 36.62	| 0.06
170	| 34.59	| 34.69	| 0.10
171	| 34.08	| 34.31	| 0.23
172	| 42.12	| 42.04	| 0.07
173	| 19.19	| 19.15	| 0.04
174	| 53.65	| 53.71	| 0.06
175	| 30.64	| 30.80	| 0.16
176	| 48.88	| 48.98	| 0.09
177	| 33.62	| 34.05	| 0.44
178	| 1.29	| 1.31	| 0.02
179	| 19.89	| 19.93	| 0.05
180	| 3.38	| 3.33	| 0.05
181	| 37.20	| 37.12	| 0.07
182	| 44.13	| 44.31	| 0.18
183	| 26.34	| 26.21	| 0.13
184	| 16.67	| 17.01	| 0.34
185	| 38.32	| 38.26	| 0.06
186	| 24.55	| 24.50	| 0.05
187	| 21.19	| 21.18	| 0.01
188	| 53.72	| 53.89	| 0.18
189	| 15.27	| 15.00	| 0.27
190	| 31.98	| 32.04	| 0.06
191	| 11.82	| 11.73	| 0.08
192	| 19.69	| 19.82	| 0.13
193	| 4.33	| 4.30	| 0.04
194	| 9.79	| 9.50	| 0.30
195	| 2.47	| 2.39	| 0.08
196	| 51.44	| 51.32	| 0.12
197	| 17.19	| 17.29	| 0.10
198	| 3.08	| 3.02	| 0.06
199	| 18.77	| 18.72	| 0.05
200	| 53.35	| 52.90	| 0.45
201	| 18.28	| 18.34	| 0.06
202	| 57.93	| 58.09	| 0.16
203	| 16.37	| 16.23	| 0.14
204	| 29.01	| 28.65	| 0.36
205	| 22.22	| 22.24	| 0.02
206	| 30.26	| 30.19	| 0.07
207	| 34.61	| 34.73	| 0.12
208	| 37.44	| 37.13	| 0.30
209	| 27.90	| 28.30	| 0.41
210	| 53.54	| 52.97	| 0.57
211	| 55.06	| 55.26	| 0.20
212	| 29.14	| 29.03	| 0.11
213	| 54.34	| 54.72	| 0.38
214	| 40.79	| 40.77	| 0.02
215	| 30.87	| 31.09	| 0.23
216	| 32.35	| 32.18	| 0.17
217	| 4.15	| 4.11	| 0.03
218	| 23.91	| 24.07	| 0.16
219	| 14.47	| 14.40	| 0.07
220	| 13.88	| 13.90	| 0.02
221	| 3.72	| 3.81	| 0.09
222	| 20.54	| 20.40	| 0.15
223	| 56.93	| 56.81	| 0.12
224	| 16.49	| 16.42	| 0.06
225	| 14.55	| 14.72	| 0.18
226	| 44.60	| 45.10	| 0.50
227	| 23.16	| 23.29	| 0.13
228	| 30.73	| 30.73	| 0.00
229	| 27.52	| 27.60	| 0.09
230	| 56.10	| 56.35	| 0.26
231	| 26.07	| 26.22	| 0.15
232	| 3.87	| 3.78	| 0.09
233	| 51.06	| 50.57	| 0.49
234	| 46.59	| 46.68	| 0.08
235	| 56.25	| 56.75	| 0.50
236	| 55.65	| 55.57	| 0.08
237	| 40.02	| 39.93	| 0.09
238	| 31.17	| 31.41	| 0.24
239	| 51.30	| 51.01	| 0.29
240	| 27.61	| 27.29	| 0.32
241	| 5.71	| 5.79	| 0.08
242	| 53.02	| 53.21	| 0.19
243	| 53.12	| 53.23	| 0.11
244	| 53.37	| 53.05	| 0.31
245	| 24.03	| 24.18	| 0.15
246	| 16.34	| 16.19	| 0.16
247	| 22.43	| 22.16	| 0.27
248	| 35.50	| 35.91	| 0.40
249	| 15.52	| 15.53	| 0.01
250	| 27.06	| 27.42	| 0.36
251	| 3.00	| 2.99	| 0.01
252	| 56.17	| 56.25	| 0.08
253	| 38.04	| 38.58	| 0.54
254	| 35.37	| 34.94	| 0.42
255	| 43.65	| 43.75	| 0.10
256	| 50.94	| 51.17	| 0.23
257	| 50.50	| 50.26	| 0.24
258	| 36.31	| 36.43	| 0.12
259	| 27.37	| 27.33	| 0.05
260	| 19.88	| 20.00	| 0.12
261	| 37.64	| 37.62	| 0.02
262	| 13.87	| 13.89	| 0.02
263	| 29.64	| 29.64	| 0.00
264	| 25.34	| 25.08	| 0.26
265	| 13.63	| 13.66	| 0.03
266	| 47.48	| 47.30	| 0.17
267	| 26.53	| 26.41	| 0.13
268	| 41.95	| 41.79	| 0.16
269	| 24.36	| 23.95	| 0.41
270	| 30.03	| 30.23	| 0.20
271	| 5.78	| 5.82	| 0.04
272	| 50.51	| 49.86	| 0.64
273	| 31.76	| 31.81	| 0.05
274	| 7.34	| 7.34	| 0.00
275	| 46.87	| 46.63	| 0.23
276	| 52.96	| 53.27	| 0.31
277	| 13.46	| 13.61	| 0.15
278	| 44.69	| 44.82	| 0.13
279	| 30.78	| 30.92	| 0.14
280	| 35.65	| 35.56	| 0.09
281	| 39.67	| 39.45	| 0.22
282	| 36.08	| 36.03	| 0.05
283	| 52.73	| 52.75	| 0.02
284	| 58.65	| 58.60	| 0.05
285	| 38.23	| 38.54	| 0.32
286	| 8.40	| 8.09	| 0.31
287	| 23.97	| 23.84	| 0.12
288	| 56.82	| 56.88	| 0.06
289	| 6.61	| 6.59	| 0.02
290	| 52.50	| 52.64	| 0.14
291	| 53.41	| 53.51	| 0.10
292	| 24.31	| 24.66	| 0.35
293	| 6.04	| 6.03	| 0.01
294	| 56.90	| 56.17	| 0.72
295	| 44.88	| 45.04	| 0.15
296	| 44.73	| 44.43	| 0.31
297	| 41.59	| 41.35	| 0.24
298	| 49.00	| 49.23	| 0.23
299	| 9.13	| 9.05	| 0.08
300	| 54.77	| 54.69	| 0.09
301	| 15.63	| 15.40	| 0.23
302	| 38.99	| 38.91	| 0.09
303	| 29.66	| 29.76	| 0.10
304	| 54.49	| 54.73	| 0.24
305	| 45.21	| 45.31	| 0.10
306	| 11.42	| 11.37	| 0.05
307	| 22.18	| 22.13	| 0.05
308	| 31.58	| 31.46	| 0.12
309	| 44.70	| 44.94	| 0.24
310	| 37.78	| 37.94	| 0.15
311	| 42.20	| 42.30	| 0.09
312	| 17.12	| 17.06	| 0.06
313	| 2.38	| 2.36	| 0.02
314	| 20.60	| 20.37	| 0.23
315	| 42.90	| 42.56	| 0.34
316	| 51.10	| 50.70	| 0.40
317	| 40.10	| 40.16	| 0.06
318	| 52.74	| 53.20	| 0.46
319	| 26.63	| 26.44	| 0.19
320	| 43.64	| 43.34	| 0.29
321	| 9.95	| 10.00	| 0.05
322	| 51.37	| 51.20	| 0.18
323	| 36.03	| 35.84	| 0.19
324	| 37.94	| 37.87	| 0.07
325	| 29.07	| 29.34	| 0.28
326	| 27.36	| 27.35	| 0.01
327	| 25.53	| 25.75	| 0.21
328	| 12.23	| 12.22	| 0.00
329	| 2.46	| 2.38	| 0.08
330	| 51.41	| 51.57	| 0.16
331	| 43.15	| 43.58	| 0.43
332	| 39.46	| 39.57	| 0.11
333	| 53.94	| 53.65	| 0.29
334	| 0.61	| 0.56	| 0.05
335	| 0.21	| 0.20	| 0.01
336	| 45.77	| 46.14	| 0.36
337	| 52.87	| 53.08	| 0.21
338	| 47.51	| 47.32	| 0.19
339	| 54.86	| 54.61	| 0.24
340	| 6.99	| 6.93	| 0.06
341	| 49.62	| 49.91	| 0.29
342	| 0.40	| 0.38	| 0.02
343	| 8.15	| 7.95	| 0.20
344	| 5.23	| 5.36	| 0.14
345	| 54.03	| 54.00	| 0.04
346	| 3.77	| 3.81	| 0.04
347	| 37.52	| 37.61	| 0.10
348	| 48.69	| 48.69	| 0.01
349	| 31.78	| 31.37	| 0.41
350	| 49.72	| 49.97	| 0.25
351	| 42.91	| 42.84	| 0.07
352	| 20.30	| 20.60	| 0.30
353	| 26.87	| 27.01	| 0.15
354	| 46.55	| 46.04	| 0.52
355	| 51.32	| 51.25	| 0.07
356	| 30.80	| 30.90	| 0.10
357	| 20.97	| 20.98	| 0.02
358	| 18.23	| 18.39	| 0.16
359	| 25.85	| 25.70	| 0.15
360	| 40.88	| 40.72	| 0.16
361	| 57.94	| 57.93	| 0.01
362	| 57.99	| 58.07	| 0.08
363	| 57.24	| 57.45	| 0.21
364	| 16.89	| 17.04	| 0.15
365	| 34.34	| 34.42	| 0.09
366	| 44.26	| 44.37	| 0.11
367	| 58.05	| 58.15	| 0.10
368	| 26.21	| 26.14	| 0.07
369	| 32.60	| 32.58	| 0.01
370	| 52.24	| 52.51	| 0.27
371	| 30.50	| 30.74	| 0.24
372	| 47.88	| 47.81	| 0.07
373	| 30.94	| 30.60	| 0.34
374	| 37.84	| 37.76	| 0.08
375	| 45.94	| 46.10	| 0.16
376	| 58.35	| 58.40	| 0.05
377	| 44.63	| 44.76	| 0.13
378	| 34.43	| 34.44	| 0.01
379	| 49.48	| 49.30	| 0.19
380	| 55.85	| 55.63	| 0.22
381	| 37.37	| 37.49	| 0.13
382	| 3.46	| 3.50	| 0.04
383	| 21.97	| 22.32	| 0.35
384	| 49.34	| 49.41	| 0.07
385	| 43.36	| 43.35	| 0.01
386	| 44.16	| 44.21	| 0.05
387	| 56.66	| 56.61	| 0.05
388	| 57.33	| 56.86	| 0.48
389	| 42.81	| 42.93	| 0.12
390	| 49.31	| 49.21	| 0.10
391	| 57.89	| 57.89	| 0.01
392	| 56.94	| 56.53	| 0.41
393	| 31.49	| 31.76	| 0.28
394	| 48.70	| 48.81	| 0.11
395	| 34.88	| 34.63	| 0.25
396	| 18.49	| 18.55	| 0.06
397	| 22.92	| 22.76	| 0.15
398	| 14.41	| 14.12	| 0.29
399	| 43.47	| 43.66	| 0.19
400	| 16.83	| 16.38	| 0.45
401	| 54.59	| 54.37	| 0.22
402	| 12.88	| 13.03	| 0.15
403	| 40.98	| 41.00	| 0.02
404	| 11.08	| 11.23	| 0.15
405	| 42.70	| 42.80	| 0.10
406	| 29.52	| 29.18	| 0.33
407	| 51.34	| 51.13	| 0.21
408	| 51.51	| 51.41	| 0.10
409	| 22.60	| 22.18	| 0.42
410	| 22.60	| 22.79	| 0.18
411	| 25.85	| 25.99	| 0.14
412	| 37.01	| 36.99	| 0.02
413	| 31.06	| 31.05	| 0.01
414	| 45.69	| 45.85	| 0.16
415	| 31.32	| 31.31	| 0.01
416	| 5.61	| 5.53	| 0.07
417	| 49.13	| 49.31	| 0.18
418	| 52.37	| 52.92	| 0.55
419	| 13.99	| 14.19	| 0.20
420	| 52.21	| 52.09	| 0.13
421	| 58.47	| 58.46	| 0.00
422	| 56.54	| 56.47	| 0.07
423	| 11.63	| 11.62	| 0.01
424	| 3.55	| 3.65	| 0.11
425	| 18.70	| 18.72	| 0.02
426	| 57.80	| 58.19	| 0.39
427	| 56.65	| 56.71	| 0.06
428	| 49.24	| 49.23	| 0.01
429	| 29.79	| 29.69	| 0.10
430	| 47.44	| 47.55	| 0.12
431	| 58.31	| 58.46	| 0.15
432	| 56.30	| 56.54	| 0.24
433	| 54.39	| 54.49	| 0.10
434	| 6.28	| 6.38	| 0.09
435	| 14.18	| 14.40	| 0.22
436	| 47.67	| 47.32	| 0.35
437	| 47.34	| 47.41	| 0.08
438	| 49.41	| 49.54	| 0.13
439	| 6.95	| 7.09	| 0.14
440	| 39.41	| 39.58	| 0.16
441	| 57.45	| 57.29	| 0.16
442	| 15.44	| 15.09	| 0.35
443	| 45.98	| 46.05	| 0.06
444	| 57.52	| 57.80	| 0.28
445	| 22.19	| 21.91	| 0.28
446	| 44.75	| 44.88	| 0.13
447	| 8.78	| 8.90	| 0.12
448	| 53.13	| 53.05	| 0.08
449	| 24.02	| 23.86	| 0.16
450	| 11.74	| 11.76	| 0.02
451	| 18.11	| 17.81	| 0.30
452	| 55.49	| 55.37	| 0.12
453	| 32.48	| 32.47	| 0.00
454	| 46.40	| 46.20	| 0.20
455	| 38.63	| 38.69	| 0.06
456	| 1.11	| 1.16	| 0.05
457	| 15.62	| 15.68	| 0.05
458	| 14.13	| 14.12	| 0.01
459	| 41.21	| 41.74	| 0.53
460	| 29.85	| 29.78	| 0.08
461	| 16.33	| 16.35	| 0.02
462	| 38.59	| 38.52	| 0.08
463	| 35.02	| 34.92	| 0.10
464	| 22.57	| 22.54	| 0.04
465	| 33.21	| 32.94	| 0.27
466	| 1.33	| 1.26	| 0.07
467	| 32.44	| 32.31	| 0.13
468	| 22.11	| 21.89	| 0.22
469	| 27.81	| 27.66	| 0.15
470	| 34.62	| 34.58	| 0.05
471	| 50.01	| 50.22	| 0.21
472	| 45.87	| 45.96	| 0.09
473	| 42.41	| 42.41	| 0.00
474	| 28.65	| 28.71	| 0.06
475	| 37.41	| 37.58	| 0.17
476	| 53.01	| 53.09	| 0.08
477	| 30.09	| 30.32	| 0.23
478	| 30.61	| 30.69	| 0.08
479	| 50.69	| 50.68	| 0.02
480	| 51.97	| 51.99	| 0.02
481	| 47.44	| 47.35	| 0.10
482	| 27.71	| 27.75	| 0.05
483	| 24.75	| 25.13	| 0.37
484	| 55.35	| 55.26	| 0.10
485	| 48.54	| 48.47	| 0.07
486	| 39.13	| 39.13	| 0.01
487	| 37.20	| 37.02	| 0.18
488	| 20.43	| 20.18	| 0.25
489	| 7.26	| 7.24	| 0.01
490	| 4.37	| 4.27	| 0.10
491	| 12.47	| 12.56	| 0.09
492	| 45.80	| 45.25	| 0.55
493	| 19.57	| 19.36	| 0.21
494	| 53.03	| 52.73	| 0.30
495	| 57.32	| 57.34	| 0.02
496	| 34.44	| 34.19	| 0.26
497	| 39.11	| 39.36	| 0.25
498	| 53.54	| 53.46	| 0.08
499	| 57.79	| 57.88	| 0.09
500	| 1.26	| 1.24	| 0.01
501	| 23.58	| 23.52	| 0.06
502	| 23.08	| 23.27	| 0.18
503	| 11.86	| 11.80	| 0.06
504	| 54.14	| 53.98	| 0.16
505	| 56.11	| 56.39	| 0.29
506	| 53.44	| 53.86	| 0.43
507	| 48.02	| 48.09	| 0.07
508	| 58.44	| 58.40	| 0.04
509	| 31.02	| 31.42	| 0.40
510	| 20.63	| 20.48	| 0.15
511	| 9.89	| 9.69	| 0.20
512	| 12.28	| 12.37	| 0.09
513	| 4.99	| 4.85	| 0.13
514	| 16.62	| 16.55	| 0.08
515	| 47.60	| 47.35	| 0.25
516	| 11.48	| 11.45	| 0.04
517	| 40.99	| 40.61	| 0.38
518	| 56.42	| 56.53	| 0.11
519	| 58.12	| 58.15	| 0.03
520	| 24.25	| 24.31	| 0.06
521	| 53.87	| 53.88	| 0.01
522	| 16.14	| 16.02	| 0.12
523	| 50.70	| 50.96	| 0.26
524	| 53.15	| 52.87	| 0.28
525	| 8.06	| 8.10	| 0.04
526	| 31.35	| 31.24	| 0.11
527	| 45.90	| 46.58	| 0.69
528	| 39.23	| 39.30	| 0.07
529	| 51.67	| 51.66	| 0.01
530	| 33.21	| 33.27	| 0.05
531	| 37.88	| 38.07	| 0.20
532	| 48.93	| 48.94	| 0.01
533	| 12.83	| 12.66	| 0.18
534	| 29.50	| 29.54	| 0.04
535	| 30.31	| 30.55	| 0.24
536	| 50.51	| 50.17	| 0.33
537	| 54.09	| 54.38	| 0.30
538	| 12.55	| 12.56	| 0.01
539	| 43.45	| 43.15	| 0.31
540	| 9.40	| 9.34	| 0.06
541	| 32.82	| 32.74	| 0.08
542	| 54.21	| 53.95	| 0.27
543	| 15.51	| 15.43	| 0.08
544	| 47.34	| 47.46	| 0.13
545	| 33.06	| 33.12	| 0.05
546	| 39.94	| 39.75	| 0.19
547	| 7.51	| 7.56	| 0.04
548	| 53.00	| 53.33	| 0.33
549	| 28.39	| 28.38	| 0.01
550	| 55.09	| 55.07	| 0.01
551	| 53.40	| 53.36	| 0.04
552	| 45.03	| 44.68	| 0.36
553	| 39.48	| 39.78	| 0.29
554	| 47.87	| 48.11	| 0.24
555	| 55.04	| 54.88	| 0.16
556	| 43.66	| 43.62	| 0.04
557	| 49.49	| 49.37	| 0.12
558	| 36.47	| 36.11	| 0.36
559	| 54.02	| 53.84	| 0.18
560	| 50.83	| 50.92	| 0.10
561	| 32.37	| 32.12	| 0.25
562	| 39.37	| 39.42	| 0.05
563	| 43.95	| 43.98	| 0.03
564	| 42.10	| 41.82	| 0.28
565	| 1.42	| 1.32	| 0.10
566	| 10.89	| 10.81	| 0.08
567	| 37.27	| 37.61	| 0.35
568	| 29.01	| 29.15	| 0.14
569	| 49.01	| 49.16	| 0.14
570	| 49.73	| 49.84	| 0.11
571	| 10.98	| 10.95	| 0.03
572	| 35.13	| 35.15	| 0.03
573	| 7.43	| 7.42	| 0.01
574	| 51.45	| 51.92	| 0.47
575	| 48.32	| 48.62	| 0.30
576	| 23.59	| 23.68	| 0.09
577	| 45.88	| 46.00	| 0.12
578	| 45.73	| 45.91	| 0.19
579	| 22.05	| 21.86	| 0.19
580	| 39.43	| 39.36	| 0.06
581	| 40.82	| 40.13	| 0.69
582	| 53.32	| 53.47	| 0.16
583	| 40.43	| 40.59	| 0.16
584	| 35.39	| 35.13	| 0.26
585	| 10.13	| 10.13	| 0.00
586	| 19.86	| 19.99	| 0.13
587	| 42.78	| 42.90	| 0.12
588	| 36.80	| 36.49	| 0.30
589	| 11.23	| 11.21	| 0.02
590	| 53.02	| 52.85	| 0.17
591	| 47.16	| 46.95	| 0.21
592	| 15.89	| 16.38	| 0.49
593	| 29.92	| 29.83	| 0.09
594	| 27.92	| 28.00	| 0.08
595	| 18.14	| 18.03	| 0.10
596	| 5.40	| 5.23	| 0.17
597	| 24.27	| 23.98	| 0.28
598	| 34.06	| 34.12	| 0.07
599	| 53.20	| 53.37	| 0.17
600	| 38.56	| 38.16	| 0.40
601	| 23.61	| 23.44	| 0.18
602	| 58.60	| 58.59	| 0.01
603	| 11.02	| 11.25	| 0.23
604	| 30.58	| 30.83	| 0.25
605	| 49.85	| 50.15	| 0.30
606	| 12.41	| 12.30	| 0.11
607	| 6.12	| 6.10	| 0.03
608	| 49.77	| 49.71	| 0.06
609	| 12.69	| 12.45	| 0.24
610	| 57.27	| 56.96	| 0.31
611	| 23.69	| 23.35	| 0.34
612	| 7.29	| 7.20	| 0.09
613	| 27.33	| 27.30	| 0.04
614	| 45.99	| 46.13	| 0.14
615	| 42.36	| 42.29	| 0.07
616	| 57.29	| 57.50	| 0.20
617	| 54.17	| 54.41	| 0.24
618	| 35.93	| 36.01	| 0.09
619	| 23.70	| 24.20	| 0.50
620	| 0.03	| 0.03	| 0.01
621	| 4.62	| 4.57	| 0.05
622	| 0.86	| 0.89	| 0.03
623	| 22.04	| 22.28	| 0.24
624	| 3.66	| 3.74	| 0.08
625	| 41.98	| 42.30	| 0.32
626	| 16.59	| 16.45	| 0.14
627	| 55.77	| 55.42	| 0.34
628	| 19.25	| 19.48	| 0.24
629	| 3.53	| 3.48	| 0.04
630	| 48.29	| 48.46	| 0.17
631	| 36.07	| 36.05	| 0.02
632	| 55.54	| 55.56	| 0.02
633	| 34.61	| 34.88	| 0.26
634	| 15.79	| 15.67	| 0.12
635	| 49.58	| 49.62	| 0.04
636	| 32.98	| 33.13	| 0.15
637	| 2.17	| 2.10	| 0.08
638	| 17.61	| 17.83	| 0.22
639	| 47.81	| 47.98	| 0.17
640	| 36.23	| 36.11	| 0.12
641	| 3.93	| 3.96	| 0.02
642	| 0.55	| 0.53	| 0.01
643	| 46.74	| 47.43	| 0.68
644	| 6.26	| 6.21	| 0.04
645	| 41.04	| 41.00	| 0.05
646	| 33.22	| 33.77	| 0.55
647	| 57.34	| 57.15	| 0.19
648	| 2.99	| 3.00	| 0.01
649	| 48.73	| 48.99	| 0.26
650	| 55.73	| 55.52	| 0.21
651	| 48.56	| 48.69	| 0.14
652	| 38.75	| 38.63	| 0.12
653	| 44.91	| 44.82	| 0.09
654	| 37.19	| 37.53	| 0.34
655	| 6.19	| 6.27	| 0.08
656	| 55.92	| 55.88	| 0.04
657	| 48.77	| 48.66	| 0.10
658	| 34.26	| 34.09	| 0.16
659	| 37.89	| 37.68	| 0.21
660	| 27.73	| 27.77	| 0.04
661	| 47.15	| 46.73	| 0.42
662	| 5.74	| 5.69	| 0.05
663	| 7.59	| 7.54	| 0.05
664	| 35.43	| 35.62	| 0.19
665	| 58.28	| 58.39	| 0.11
666	| 28.26	| 28.16	| 0.10
667	| 12.77	| 12.88	| 0.10
668	| 42.64	| 42.43	| 0.21
669	| 23.50	| 23.78	| 0.28
670	| 57.23	| 57.27	| 0.04
671	| 14.47	| 14.41	| 0.07
672	| 31.46	| 31.34	| 0.12
673	| 58.47	| 58.59	| 0.12
674	| 35.63	| 35.92	| 0.29
675	| 4.31	| 4.20	| 0.11
676	| 10.53	| 10.58	| 0.05
677	| 45.15	| 45.17	| 0.02
678	| 45.65	| 45.48	| 0.16
679	| 33.97	| 33.89	| 0.08
680	| 50.47	| 50.46	| 0.02
681	| 44.83	| 44.82	| 0.01
682	| 40.64	| 40.82	| 0.18
683	| 42.74	| 42.85	| 0.11
684	| 49.58	| 49.70	| 0.12
685	| 55.18	| 55.50	| 0.31
686	| 40.72	| 40.54	| 0.18
687	| 40.57	| 40.42	| 0.14
688	| 56.21	| 56.43	| 0.22
689	| 26.46	| 26.55	| 0.09
690	| 27.52	| 27.60	| 0.08
691	| 24.46	| 24.44	| 0.03
692	| 53.47	| 53.58	| 0.11
693	| 53.56	| 53.39	| 0.17
694	| 48.17	| 47.61	| 0.56
695	| 14.24	| 14.12	| 0.12
696	| 51.87	| 51.74	| 0.13
697	| 43.09	| 43.28	| 0.19
698	| 33.85	| 33.59	| 0.26
699	| 34.12	| 33.75	| 0.37
700	| 43.89	| 43.63	| 0.26
701	| 34.42	| 34.43	| 0.01
702	| 38.37	| 38.55	| 0.19
703	| 50.60	| 50.78	| 0.17
704	| 18.44	| 18.44	| 0.00
705	| 42.56	| 42.76	| 0.20
706	| 48.31	| 48.39	| 0.08
707	| 36.14	| 36.13	| 0.01
708	| 40.39	| 40.36	| 0.03
709	| 8.50	| 8.43	| 0.08
710	| 28.97	| 29.03	| 0.06
711	| 47.88	| 47.65	| 0.23
712	| 34.82	| 34.72	| 0.10
713	| 0.24	| 0.24	| 0.01
714	| 3.50	| 3.53	| 0.03
715	| 35.33	| 35.69	| 0.36
716	| 29.19	| 28.86	| 0.33
717	| 27.95	| 28.07	| 0.13
718	| 51.42	| 51.24	| 0.17
719	| 14.51	| 14.53	| 0.02
720	| 44.76	| 44.48	| 0.27
721	| 34.08	| 34.12	| 0.04
722	| 53.96	| 53.93	| 0.02
723	| 5.24	| 5.10	| 0.14
724	| 37.06	| 36.93	| 0.14
725	| 14.45	| 14.40	| 0.05
726	| 21.30	| 21.58	| 0.29
727	| 33.77	| 33.95	| 0.18
728	| 12.28	| 12.04	| 0.24
729	| 38.19	| 38.27	| 0.09
730	| 42.97	| 43.13	| 0.16
731	| 33.88	| 33.65	| 0.23
732	| 52.62	| 52.89	| 0.27
733	| 34.65	| 34.37	| 0.28
734	| 49.18	| 49.33	| 0.15
735	| 41.65	| 41.71	| 0.06
736	| 54.61	| 54.81	| 0.20
737	| 30.23	| 30.03	| 0.19
738	| 48.98	| 49.27	| 0.28
739	| 55.62	| 55.69	| 0.07
740	| 52.13	| 52.03	| 0.10
741	| 46.91	| 46.96	| 0.05
742	| 58.73	| 58.60	| 0.13
743	| 23.74	| 23.53	| 0.21
744	| 33.35	| 33.08	| 0.28
745	| 9.46	| 9.41	| 0.04
746	| 50.01	| 50.38	| 0.37
747	| 39.31	| 39.37	| 0.06
748	| 34.30	| 34.64	| 0.34
749	| 48.22	| 47.98	| 0.24
750	| 45.64	| 45.95	| 0.31
751	| 19.29	| 19.11	| 0.17
752	| 3.00	| 2.92	| 0.08
753	| 58.33	| 58.06	| 0.27
754	| 26.22	| 25.96	| 0.26
755	| 6.14	| 6.03	| 0.11
756	| 9.29	| 9.14	| 0.15
757	| 34.74	| 34.72	| 0.02
758	| 58.24	| 58.14	| 0.09
759	| 16.35	| 16.41	| 0.06
760	| 39.05	| 38.54	| 0.51
761	| 16.59	| 16.13	| 0.46
762	| 53.86	| 53.94	| 0.07
763	| 52.24	| 52.37	| 0.12
764	| 26.84	| 26.53	| 0.31
765	| 32.51	| 32.47	| 0.05
766	| 19.15	| 19.04	| 0.12
767	| 56.92	| 57.09	| 0.17
768	| 35.71	| 35.71	| 0.01
769	| 48.77	| 49.18	| 0.40
770	| 52.08	| 52.01	| 0.07
771	| 42.86	| 42.79	| 0.07
772	| 30.36	| 30.36	| 0.00
773	| 17.80	| 17.80	| 0.01
774	| 13.99	| 13.94	| 0.05
775	| 17.25	| 17.32	| 0.07
776	| 31.64	| 31.87	| 0.23
777	| 38.61	| 38.57	| 0.04
778	| 54.92	| 55.06	| 0.14
779	| 2.65	| 2.58	| 0.07
780	| 17.66	| 17.51	| 0.14
781	| 56.05	| 56.07	| 0.02
782	| 27.29	| 27.20	| 0.09
783	| 47.20	| 47.48	| 0.27
784	| 38.61	| 38.78	| 0.17
785	| 42.95	| 42.90	| 0.05
786	| 13.44	| 13.55	| 0.11
787	| 28.60	| 28.64	| 0.04
788	| 49.49	| 49.31	| 0.18
789	| 54.76	| 54.57	| 0.19
790	| 58.46	| 58.38	| 0.08
791	| 56.00	| 55.84	| 0.16
792	| 39.71	| 39.59	| 0.12
793	| 51.31	| 51.47	| 0.16
794	| 10.29	| 10.21	| 0.08
795	| 51.93	| 51.92	| 0.00
796	| 1.75	| 1.77	| 0.02
797	| 18.34	| 18.15	| 0.18
798	| 58.67	| 58.87	| 0.20
799	| 19.22	| 19.11	| 0.11
800	| 53.83	| 53.80	| 0.03
801	| 51.81	| 52.27	| 0.46
802	| 47.55	| 47.42	| 0.13
803	| 6.40	| 6.46	| 0.07
804	| 9.00	| 8.97	| 0.03
805	| 46.96	| 47.12	| 0.16
806	| 15.11	| 14.88	| 0.23
807	| 56.22	| 56.57	| 0.35
808	| 10.81	| 10.61	| 0.21
809	| 7.18	| 7.34	| 0.16
810	| 52.59	| 52.45	| 0.15
811	| 6.28	| 6.17	| 0.12
812	| 45.17	| 45.05	| 0.12
813	| 18.63	| 18.75	| 0.12
814	| 17.20	| 17.19	| 0.01
815	| 30.39	| 30.14	| 0.25
816	| 57.42	| 57.43	| 0.01
817	| 11.19	| 11.01	| 0.17
818	| 42.62	| 42.68	| 0.06
819	| 50.19	| 50.38	| 0.19
820	| 32.29	| 32.57	| 0.28
821	| 31.80	| 31.97	| 0.17
822	| 40.61	| 40.83	| 0.21
823	| 45.98	| 45.99	| 0.01
824	| 43.50	| 43.48	| 0.02
825	| 30.25	| 30.06	| 0.19
826	| 36.27	| 36.42	| 0.15
827	| 34.74	| 35.02	| 0.28
828	| 57.64	| 57.77	| 0.13
829	| 29.18	| 29.07	| 0.10
830	| 53.46	| 53.56	| 0.10
831	| 53.67	| 53.79	| 0.12
832	| 13.48	| 13.39	| 0.09
833	| 16.90	| 16.90	| 0.00
834	| 18.95	| 19.22	| 0.27
835	| 57.89	| 57.48	| 0.42
836	| 37.30	| 37.11	| 0.19
837	| 27.49	| 27.66	| 0.17
838	| 50.09	| 49.99	| 0.10
839	| 33.82	| 33.53	| 0.29
840	| 41.46	| 41.75	| 0.29
841	| 44.01	| 43.91	| 0.10
842	| 20.70	| 20.72	| 0.02
843	| 22.58	| 22.37	| 0.20
844	| 46.62	| 46.76	| 0.15
845	| 48.92	| 49.07	| 0.15
846	| 57.29	| 57.53	| 0.24
847	| 36.13	| 36.22	| 0.08
848	| 44.15	| 44.19	| 0.04
849	| 48.48	| 48.33	| 0.14
850	| 51.92	| 51.80	| 0.13
851	| 49.71	| 49.64	| 0.07
852	| 21.13	| 21.15	| 0.03
853	| 53.05	| 53.18	| 0.13
854	| 19.16	| 19.61	| 0.45
855	| 55.33	| 55.48	| 0.16
856	| 8.94	| 9.08	| 0.14
857	| 24.02	| 24.05	| 0.03
858	| 33.75	| 33.81	| 0.05
859	| 42.85	| 43.06	| 0.20
860	| 34.51	| 34.61	| 0.10
861	| 0.90	| 0.92	| 0.02
862	| 39.18	| 39.29	| 0.11
863	| 19.70	| 19.86	| 0.16
864	| 13.88	| 13.90	| 0.02
865	| 55.41	| 55.30	| 0.11
866	| 10.23	| 10.30	| 0.06
867	| 11.78	| 11.51	| 0.26
868	| 46.78	| 46.92	| 0.14
869	| 25.00	| 25.05	| 0.05
870	| 26.84	| 26.90	| 0.06
871	| 8.33	| 8.44	| 0.11
872	| 49.76	| 49.74	| 0.02
873	| 51.42	| 51.47	| 0.05
874	| 36.77	| 37.04	| 0.27
875	| 22.70	| 22.85	| 0.16
876	| 27.52	| 27.62	| 0.09
877	| 17.96	| 18.16	| 0.20
878	| 18.55	| 18.46	| 0.09
879	| 8.79	| 8.70	| 0.09
880	| 58.24	| 58.28	| 0.04
881	| 29.99	| 29.73	| 0.25
882	| 9.73	| 9.76	| 0.04
883	| 41.48	| 41.69	| 0.21
884	| 51.20	| 51.30	| 0.10
885	| 40.05	| 39.75	| 0.30
886	| 55.08	| 55.14	| 0.07
887	| 30.79	| 30.64	| 0.15
888	| 29.94	| 30.23	| 0.29
889	| 36.25	| 36.05	| 0.20
890	| 40.74	| 41.05	| 0.31
891	| 23.61	| 23.51	| 0.11
892	| 58.15	| 57.95	| 0.20
893	| 40.09	| 40.13	| 0.04
894	| 51.60	| 51.32	| 0.28
895	| 19.27	| 18.88	| 0.39
896	| 55.60	| 55.44	| 0.16
897	| 56.11	| 55.99	| 0.12
898	| 48.29	| 48.13	| 0.16
899	| 55.34	| 55.31	| 0.04
900	| 52.23	| 52.12	| 0.11
901	| 48.93	| 48.92	| 0.01
902	| 32.14	| 32.25	| 0.11
903	| 17.48	| 17.42	| 0.06
904	| 40.04	| 40.06	| 0.02
905	| 46.55	| 46.66	| 0.10
906	| 37.72	| 37.43	| 0.29
907	| 57.54	| 57.62	| 0.08
908	| 50.17	| 50.14	| 0.02
909	| 5.60	| 5.46	| 0.14
910	| 24.83	| 24.79	| 0.04
911	| 32.28	| 32.36	| 0.08
912	| 50.43	| 50.38	| 0.05
913	| 41.04	| 40.82	| 0.22
914	| 51.11	| 51.07	| 0.04
915	| 23.44	| 23.34	| 0.09
916	| 41.57	| 41.47	| 0.10
917	| 32.25	| 32.22	| 0.02
918	| 27.41	| 27.49	| 0.09
919	| 56.92	| 57.10	| 0.18
920	| 21.58	| 21.55	| 0.03
921	| 51.19	| 51.25	| 0.07
922	| 47.40	| 47.05	| 0.35
923	| 35.97	| 35.93	| 0.04
924	| 58.52	| 58.26	| 0.25
925	| 34.06	| 34.07	| 0.01
926	| 53.05	| 53.08	| 0.02
927	| 40.27	| 40.40	| 0.13
928	| 48.34	| 48.17	| 0.17
929	| 23.18	| 22.95	| 0.23
930	| 9.29	| 9.36	| 0.07
931	| 36.52	| 36.74	| 0.22
932	| 31.31	| 31.32	| 0.01
933	| 49.94	| 50.19	| 0.25
934	| 43.66	| 43.73	| 0.06
935	| 55.18	| 55.35	| 0.17
936	| 29.67	| 29.54	| 0.12
937	| 56.43	| 56.46	| 0.03
938	| 53.00	| 52.88	| 0.12
939	| 43.34	| 43.46	| 0.13
940	| 43.23	| 43.27	| 0.05
941	| 25.53	| 25.54	| 0.01
942	| 36.50	| 36.54	| 0.03
943	| 57.35	| 57.51	| 0.17
944	| 41.35	| 40.94	| 0.41
945	| 25.35	| 25.53	| 0.18
946	| 1.14	| 1.07	| 0.07
947	| 19.79	| 19.44	| 0.35
948	| 53.87	| 53.53	| 0.34
949	| 21.07	| 20.91	| 0.16
950	| 42.65	| 42.89	| 0.24
951	| 39.53	| 39.55	| 0.02
952	| 2.42	| 2.31	| 0.11
953	| 35.30	| 34.94	| 0.36
954	| 13.68	| 13.86	| 0.19
955	| 26.73	| 27.06	| 0.33
956	| 18.91	| 18.82	| 0.09
957	| 40.53	| 40.59	| 0.06
958	| 43.93	| 43.98	| 0.05
959	| 42.15	| 42.17	| 0.02
960	| 13.67	| 13.79	| 0.12
961	| 0.10	| 0.12	| 0.01
962	| 18.26	| 18.09	| 0.17
963	| 51.71	| 51.25	| 0.46
964	| 43.05	| 43.32	| 0.28
965	| 39.77	| 39.87	| 0.09
966	| 38.48	| 38.40	| 0.08
967	| 58.80	| 58.26	| 0.54
968	| 36.85	| 37.20	| 0.35
969	| 53.90	| 53.88	| 0.02
970	| 56.08	| 56.34	| 0.26
971	| 44.77	| 44.84	| 0.06
972	| 18.96	| 18.64	| 0.32
973	| 22.27	| 22.40	| 0.13
974	| 3.73	| 3.70	| 0.03
975	| 1.29	| 1.36	| 0.07
976	| 33.11	| 32.95	| 0.17
977	| 30.36	| 30.34	| 0.02
978	| 20.66	| 20.70	| 0.03
979	| 36.80	| 36.64	| 0.16
980	| 37.71	| 37.96	| 0.25
981	| 4.71	| 4.74	| 0.02
982	| 43.45	| 43.58	| 0.13
983	| 13.81	| 13.97	| 0.16
984	| 28.83	| 28.33	| 0.50
985	| 5.26	| 5.08	| 0.18
986	| 56.85	| 56.79	| 0.06
987	| 21.48	| 21.47	| 0.01
988	| 31.91	| 31.84	| 0.06
989	| 20.26	| 20.15	| 0.12
990	| 48.09	| 47.79	| 0.30
991	| 0.36	| 0.36	| 0.00
992	| 41.22	| 41.34	| 0.12
993	| 31.48	| 31.32	| 0.16
994	| 48.99	| 48.71	| 0.28
995	| 15.98	| 16.18	| 0.20
996	| 43.73	| 43.56	| 0.17
997	| 48.37	| 48.76	| 0.39
998	| 11.85	| 11.92	| 0.07
999	| 37.66	| 37.95	| 0.30
1000	| 52.91	| 52.72	| 0.20
1001	| 48.12	| 48.11	| 0.01
1002	| 3.04	| 3.07	| 0.03
1003	| 54.46	| 54.30	| 0.16
1004	| 39.20	| 39.35	| 0.15
1005	| 13.61	| 13.58	| 0.03
1006	| 40.02	| 40.09	| 0.07
1007	| 25.64	| 25.58	| 0.06
1008	| 22.94	| 22.91	| 0.04
1009	| 16.84	| 17.01	| 0.16
1010	| 29.32	| 29.30	| 0.02
1011	| 46.76	| 46.90	| 0.14
1012	| 19.91	| 19.83	| 0.08
1013	| 34.13	| 34.29	| 0.16
1014	| 37.63	| 37.73	| 0.10
1015	| 18.27	| 18.51	| 0.23
1016	| 16.02	| 16.16	| 0.14
1017	| 22.78	| 22.79	| 0.00
1018	| 47.26	| 47.16	| 0.10
1019	| 10.20	| 10.25	| 0.05
1020	| 24.17	| 24.50	| 0.33
1021	| 56.12	| 56.00	| 0.12
1022	| 13.16	| 13.15	| 0.00
1023	| 20.88	| 21.17	| 0.29
1024	| 51.62	| 51.90	| 0.27
1025	| 43.02	| 42.98	| 0.04
1026	| 54.69	| 54.77	| 0.08
1027	| 28.93	| 28.91	| 0.02
1028	| 25.79	| 25.82	| 0.04
1029	| 56.78	| 56.88	| 0.10
1030	| 52.83	| 52.66	| 0.18
1031	| 49.48	| 50.00	| 0.53
1032	| 28.54	| 29.15	| 0.61
1033	| 42.85	| 42.50	| 0.35
1034	| 43.33	| 43.17	| 0.16
1035	| 29.94	| 29.96	| 0.02
1036	| 34.98	| 34.96	| 0.01
1037	| 14.25	| 14.47	| 0.21
1038	| 27.04	| 26.98	| 0.06
1039	| 25.55	| 25.70	| 0.16
1040	| 49.52	| 49.83	| 0.31
1041	| 31.80	| 31.70	| 0.10
1042	| 22.59	| 22.37	| 0.21
1043	| 43.16	| 43.06	| 0.09
1044	| 48.54	| 48.60	| 0.06
1045	| 50.35	| 50.55	| 0.20
1046	| 23.21	| 23.10	| 0.11
1047	| 33.74	| 33.79	| 0.05
1048	| 55.65	| 55.74	| 0.09
1049	| 45.15	| 45.65	| 0.51
1050	| 53.42	| 53.32	| 0.10
1051	| 16.51	| 16.63	| 0.12
1052	| 12.49	| 12.33	| 0.16
1053	| 34.69	| 34.69	| 0.01
1054	| 29.41	| 29.27	| 0.15
1055	| 36.94	| 36.79	| 0.15
1056	| 13.61	| 13.66	| 0.05
1057	| 7.98	| 7.98	| 0.00
1058	| 17.18	| 16.93	| 0.25
1059	| 52.71	| 52.50	| 0.20
1060	| 18.40	| 18.64	| 0.24
1061	| 49.87	| 50.08	| 0.21
1062	| 11.19	| 11.28	| 0.09
1063	| 39.11	| 38.84	| 0.27
1064	| 28.81	| 29.16	| 0.35
1065	| 6.52	| 6.46	| 0.07
1066	| 6.28	| 6.25	| 0.03
1067	| 28.09	| 28.30	| 0.21
1068	| 41.04	| 41.02	| 0.01
1069	| 1.79	| 1.69	| 0.10
1070	| 54.23	| 54.52	| 0.30
1071	| 23.41	| 23.42	| 0.01
1072	| 39.91	| 39.84	| 0.06
1073	| 51.39	| 51.71	| 0.32
1074	| 29.96	| 29.86	| 0.11
1075	| 6.24	| 6.21	| 0.03
1076	| 22.95	| 22.85	| 0.10
1077	| 55.32	| 55.16	| 0.15
1078	| 48.29	| 47.94	| 0.35
1079	| 2.15	| 2.10	| 0.05
1080	| 47.34	| 47.37	| 0.03
1081	| 56.36	| 56.22	| 0.14
1082	| 49.32	| 49.55	| 0.23
1083	| 37.79	| 37.78	| 0.01
1084	| 57.92	| 57.76	| 0.16
1085	| 46.43	| 46.95	| 0.52
1086	| 35.92	| 36.06	| 0.14
1087	| 22.70	| 22.75	| 0.04
1088	| 47.58	| 47.42	| 0.15
1089	| 57.56	| 57.58	| 0.03
1090	| 50.96	| 50.48	| 0.49
1091	| 6.65	| 6.70	| 0.05
1092	| 22.96	| 22.99	| 0.03
1093	| 13.31	| 13.19	| 0.12
1094	| 48.46	| 48.15	| 0.30
1095	| 57.45	| 57.42	| 0.04
1096	| 8.25	| 8.09	| 0.16
1097	| 55.92	| 55.96	| 0.04
1098	| 57.45	| 57.63	| 0.18
1099	| 21.76	| 21.99	| 0.22
1100	| 20.69	| 20.77	| 0.08
1101	| 23.24	| 23.32	| 0.09
1102	| 7.94	| 8.12	| 0.18
1103	| 42.65	| 42.56	| 0.09
1104	| 38.92	| 38.64	| 0.28
1105	| 42.61	| 42.94	| 0.32
1106	| 35.72	| 35.91	| 0.19
1107	| 56.56	| 56.54	| 0.03
1108	| 58.10	| 58.13	| 0.03
1109	| 21.96	| 21.84	| 0.12
1110	| 28.61	| 28.57	| 0.04
1111	| 0.98	| 0.96	| 0.02
1112	| 46.62	| 46.42	| 0.20
1113	| 57.94	| 57.35	| 0.59
1114	| 11.43	| 11.29	| 0.13
1115	| 7.17	| 7.29	| 0.11
1116	| 46.97	| 46.53	| 0.44
1117	| 38.93	| 38.90	| 0.04
1118	| 29.97	| 30.04	| 0.07
1119	| 53.74	| 54.17	| 0.43
1120	| 57.97	| 58.29	| 0.31
1121	| 15.19	| 15.10	| 0.09
1122	| 43.84	| 43.86	| 0.02
1123	| 43.30	| 43.26	| 0.05
1124	| 37.01	| 36.43	| 0.58
1125	| 44.47	| 44.17	| 0.30
1126	| 28.08	| 27.86	| 0.22
1127	| 29.01	| 29.00	| 0.01
1128	| 18.13	| 18.26	| 0.13
1129	| 58.23	| 58.20	| 0.02
1130	| 24.82	| 24.70	| 0.12
1131	| 5.66	| 5.85	| 0.20
1132	| 21.55	| 21.52	| 0.03
1133	| 53.29	| 53.16	| 0.13
1134	| 34.29	| 34.23	| 0.06
1135	| 38.12	| 38.40	| 0.28
1136	| 56.80	| 56.72	| 0.08
1137	| 54.44	| 54.46	| 0.02
1138	| 33.86	| 34.43	| 0.57
1139	| 47.23	| 47.30	| 0.07
1140	| 18.64	| 18.52	| 0.12
1141	| 35.75	| 35.59	| 0.16
1142	| 39.77	| 39.57	| 0.19
1143	| 36.46	| 36.72	| 0.25
1144	| 46.28	| 46.00	| 0.28
1145	| 7.19	| 7.21	| 0.02
1146	| 57.89	| 57.87	| 0.02
1147	| 11.94	| 11.85	| 0.09
1148	| 20.61	| 20.69	| 0.07
1149	| 6.36	| 6.58	| 0.22
1150	| 32.46	| 32.58	| 0.12
1151	| 50.87	| 51.12	| 0.25
1152	| 13.64	| 13.28	| 0.36
1153	| 43.56	| 44.20	| 0.64
1154	| 55.20	| 55.41	| 0.20
1155	| 17.91	| 18.20	| 0.30
1156	| 18.76	| 18.84	| 0.08
1157	| 42.78	| 42.80	| 0.02
1158	| 55.72	| 55.70	| 0.02
1159	| 55.12	| 54.84	| 0.28
1160	| 8.65	| 8.57	| 0.08
1161	| 6.21	| 6.24	| 0.03
1162	| 52.36	| 52.27	| 0.10
1163	| 26.28	| 26.07	| 0.21
1164	| 31.45	| 31.92	| 0.46
1165	| 49.93	| 49.98	| 0.05
1166	| 1.96	| 1.97	| 0.01
1167	| 32.70	| 33.05	| 0.35
1168	| 20.97	| 21.20	| 0.23
1169	| 20.91	| 20.90	| 0.01
1170	| 9.32	| 9.37	| 0.05
1171	| 52.27	| 52.08	| 0.19
1172	| 2.62	| 2.68	| 0.06
1173	| 38.25	| 38.11	| 0.14
1174	| 41.41	| 41.55	| 0.13
1175	| 30.89	| 30.81	| 0.08
1176	| 58.34	| 58.33	| 0.01
1177	| 35.84	| 36.19	| 0.35
1178	| 42.04	| 41.88	| 0.17
1179	| 19.54	| 19.76	| 0.22
1180	| 34.11	| 33.95	| 0.16
1181	| 11.52	| 11.79	| 0.27
1182	| 30.14	| 30.23	| 0.10
1183	| 52.98	| 52.92	| 0.06
1184	| 17.67	| 17.61	| 0.06
1185	| 57.41	| 57.60	| 0.19
1186	| 43.03	| 43.23	| 0.20
1187	| 28.62	| 28.53	| 0.09
1188	| 41.13	| 40.83	| 0.30
1189	| 25.47	| 25.31	| 0.16
1190	| 0.73	| 0.70	| 0.04
1191	| 43.12	| 42.97	| 0.15
1192	| 14.13	| 14.21	| 0.08
1193	| 23.88	| 24.04	| 0.17
1194	| 29.72	| 29.71	| 0.01
1195	| 32.23	| 32.06	| 0.17
1196	| 7.05	| 6.98	| 0.08
1197	| 42.55	| 42.54	| 0.01
1198	| 5.48	| 5.35	| 0.12
1199	| 52.96	| 53.01	| 0.05
1200	| 49.85	| 50.20	| 0.35
1201	| 6.27	| 6.19	| 0.08
1202	| 11.77	| 11.89	| 0.12
1203	| 53.91	| 53.63	| 0.28
1204	| 21.81	| 21.67	| 0.15
1205	| 38.26	| 37.63	| 0.63
1206	| 46.68	| 46.53	| 0.15
1207	| 26.20	| 26.35	| 0.15
1208	| 56.16	| 56.39	| 0.23
1209	| 47.32	| 47.39	| 0.06
1210	| 18.76	| 18.64	| 0.12
1211	| 11.27	| 11.17	| 0.10
1212	| 25.25	| 25.19	| 0.07
1213	| 50.09	| 50.29	| 0.20
1214	| 44.77	| 44.68	| 0.09
1215	| 23.56	| 23.48	| 0.07
1216	| 33.78	| 33.80	| 0.03
1217	| 18.80	| 18.85	| 0.04
1218	| 34.76	| 35.06	| 0.30
1219	| 19.30	| 19.26	| 0.04
1220	| 30.52	| 30.70	| 0.17
1221	| 20.39	| 20.47	| 0.07
1222	| 57.48	| 57.60	| 0.12
1223	| 2.89	| 2.85	| 0.04
1224	| 55.80	| 56.09	| 0.29
1225	| 43.19	| 43.12	| 0.07
1226	| 14.28	| 13.91	| 0.37
1227	| 29.50	| 29.48	| 0.02
1228	| 13.44	| 13.58	| 0.14
1229	| 38.88	| 39.05	| 0.16
1230	| 10.08	| 10.10	| 0.02
1231	| 45.24	| 45.14	| 0.10
1232	| 58.23	| 58.18	| 0.05
1233	| 22.15	| 22.02	| 0.13
1234	| 4.95	| 4.89	| 0.06
1235	| 34.21	| 34.47	| 0.26
1236	| 18.32	| 18.35	| 0.03
1237	| 40.91	| 40.91	| 0.01
1238	| 34.31	| 34.11	| 0.20
1239	| 31.43	| 31.71	| 0.29
1240	| 34.16	| 33.70	| 0.46
1241	| 53.91	| 54.27	| 0.36
1242	| 15.55	| 15.61	| 0.05
1243	| 38.57	| 38.67	| 0.10
1244	| 45.65	| 45.69	| 0.04
1245	| 24.12	| 23.96	| 0.16
1246	| 38.48	| 38.67	| 0.20
1247	| 52.59	| 52.66	| 0.07
1248	| 35.69	| 35.81	| 0.12
1249	| 53.32	| 53.57	| 0.25
1250	| 57.01	| 56.72	| 0.29
1251	| 27.42	| 27.75	| 0.33
1252	| 52.87	| 52.84	| 0.03
1253	| 28.38	| 28.55	| 0.17
1254	| 21.89	| 22.09	| 0.20
1255	| 15.47	| 15.60	| 0.13
1256	| 23.11	| 23.27	| 0.16
1257	| 44.77	| 44.79	| 0.01
1258	| 14.16	| 14.19	| 0.04
1259	| 12.07	| 12.12	| 0.05
1260	| 34.03	| 33.70	| 0.34
1261	| 52.28	| 52.81	| 0.53
1262	| 49.46	| 49.35	| 0.10
1263	| 37.97	| 37.57	| 0.40
1264	| 50.94	| 51.04	| 0.10
1265	| 36.12	| 36.09	| 0.02
1266	| 24.36	| 24.14	| 0.22
1267	| 30.19	| 30.28	| 0.09
1268	| 30.41	| 30.93	| 0.52
1269	| 44.21	| 44.08	| 0.13
1270	| 50.47	| 50.69	| 0.23
1271	| 17.24	| 17.31	| 0.07
1272	| 54.94	| 55.02	| 0.08
1273	| 58.28	| 58.51	| 0.23
1274	| 14.39	| 14.51	| 0.12
1275	| 34.73	| 34.80	| 0.07
1276	| 50.39	| 50.02	| 0.37
1277	| 9.04	| 8.98	| 0.07
1278	| 6.30	| 6.33	| 0.03
1279	| 28.50	| 28.35	| 0.15
1280	| 2.96	| 2.84	| 0.12
1281	| 55.51	| 55.14	| 0.37
1282	| 57.31	| 57.12	| 0.19
1283	| 57.26	| 57.04	| 0.22
1284	| 18.18	| 18.20	| 0.02
1285	| 23.08	| 22.50	| 0.57
1286	| 45.16	| 44.69	| 0.47
1287	| 50.43	| 49.85	| 0.57
1288	| 24.21	| 24.28	| 0.07
1289	| 53.84	| 53.81	| 0.04
1290	| 39.93	| 39.83	| 0.10
1291	| 0.45	| 0.47	| 0.02
1292	| 27.91	| 27.75	| 0.16
1293	| 3.07	| 3.08	| 0.01
1294	| 27.14	| 26.98	| 0.16
1295	| 46.96	| 47.21	| 0.25
1296	| 22.56	| 22.57	| 0.02
1297	| 39.42	| 39.40	| 0.02
1298	| 55.55	| 55.46	| 0.09
1299	| 10.02	| 10.17	| 0.15
1300	| 35.93	| 35.68	| 0.25
1301	| 8.90	| 9.08	| 0.18
1302	| 46.35	| 46.37	| 0.02
1303	| 42.68	| 42.72	| 0.05
1304	| 39.56	| 39.65	| 0.09
1305	| 49.88	| 49.75	| 0.12
1306	| 49.93	| 50.18	| 0.25
1307	| 34.28	| 34.02	| 0.26
1308	| 35.84	| 35.45	| 0.39
1309	| 32.80	| 32.94	| 0.14
1310	| 57.69	| 57.48	| 0.21
1311	| 0.68	| 0.72	| 0.05
1312	| 13.38	| 13.46	| 0.08
1313	| 34.34	| 34.08	| 0.26
1314	| 0.50	| 0.45	| 0.05
1315	| 8.50	| 8.30	| 0.20
1316	| 39.59	| 39.38	| 0.21
1317	| 6.11	| 6.14	| 0.03
1318	| 6.55	| 6.66	| 0.11
1319	| 16.71	| 16.48	| 0.23
1320	| 41.09	| 40.77	| 0.32
1321	| 22.30	| 22.30	| 0.00
1322	| 53.59	| 53.40	| 0.20
1323	| 41.19	| 41.19	| 0.00
1324	| 57.87	| 57.69	| 0.18
1325	| 57.35	| 57.27	| 0.08
1326	| 39.12	| 39.03	| 0.09
1327	| 29.14	| 29.29	| 0.14
1328	| 19.49	| 19.59	| 0.10
1329	| 54.16	| 54.22	| 0.06
1330	| 48.19	| 47.96	| 0.22
1331	| 36.02	| 36.27	| 0.25
1332	| 23.04	| 23.00	| 0.04
1333	| 57.10	| 56.92	| 0.19
1334	| 32.13	| 31.99	| 0.14
1335	| 56.92	| 57.05	| 0.13
1336	| 27.21	| 26.64	| 0.56
1337	| 11.56	| 11.63	| 0.07
1338	| 23.25	| 23.11	| 0.14
1339	| 29.74	| 29.56	| 0.18
1340	| 21.83	| 21.76	| 0.07
1341	| 56.27	| 56.30	| 0.03
1342	| 14.12	| 13.94	| 0.17
1343	| 31.05	| 31.38	| 0.33
1344	| 50.30	| 50.11	| 0.19
1345	| 30.27	| 30.07	| 0.20
1346	| 37.09	| 37.13	| 0.04
1347	| 10.29	| 10.34	| 0.06
1348	| 55.69	| 55.45	| 0.25
1349	| 21.43	| 20.87	| 0.56
1350	| 40.51	| 40.65	| 0.14
1351	| 58.24	| 58.31	| 0.07
1352	| 54.34	| 54.34	| 0.01
1353	| 35.20	| 35.19	| 0.01
1354	| 34.43	| 34.51	| 0.08
1355	| 11.63	| 11.83	| 0.21
1356	| 26.45	| 26.53	| 0.08
1357	| 43.44	| 43.56	| 0.12
1358	| 18.04	| 18.14	| 0.10
1359	| 25.60	| 25.51	| 0.09
1360	| 42.32	| 42.38	| 0.05
1361	| 43.68	| 43.51	| 0.17
1362	| 55.69	| 55.59	| 0.11
1363	| 51.80	| 51.76	| 0.04
1364	| 34.30	| 34.18	| 0.12
1365	| 4.83	| 4.62	| 0.21
1366	| 42.62	| 42.64	| 0.01
1367	| 57.49	| 57.52	| 0.03
1368	| 51.96	| 52.44	| 0.48
1369	| 25.49	| 25.44	| 0.06
1370	| 18.58	| 18.60	| 0.03
1371	| 7.09	| 7.19	| 0.10
1372	| 9.17	| 9.15	| 0.02
1373	| 10.61	| 10.59	| 0.02
1374	| 49.58	| 49.51	| 0.06
1375	| 58.41	| 58.17	| 0.24
1376	| 26.03	| 26.27	| 0.24
1377	| 31.85	| 31.60	| 0.25
1378	| 42.90	| 42.54	| 0.36
1379	| 32.47	| 32.02	| 0.45
1380	| 58.27	| 58.51	| 0.24
1381	| 3.22	| 3.11	| 0.11
1382	| 30.00	| 29.90	| 0.10
1383	| 15.64	| 15.68	| 0.03
1384	| 47.32	| 47.21	| 0.11
1385	| 47.92	| 47.95	| 0.03
1386	| 4.21	| 4.13	| 0.09
1387	| 8.27	| 8.39	| 0.12
1388	| 3.63	| 3.54	| 0.08
1389	| 39.55	| 39.48	| 0.07
1390	| 51.77	| 51.81	| 0.05
1391	| 35.23	| 35.08	| 0.16
1392	| 51.02	| 50.80	| 0.22
1393	| 19.89	| 19.77	| 0.12
1394	| 4.62	| 4.70	| 0.08
1395	| 44.51	| 44.80	| 0.29
1396	| 44.71	| 44.98	| 0.28
1397	| 23.92	| 23.99	| 0.07
1398	| 39.41	| 39.73	| 0.32
1399	| 40.33	| 40.33	| 0.00
1400	| 39.76	| 39.75	| 0.00
1401	| 36.47	| 36.78	| 0.30
1402	| 11.81	| 12.05	| 0.25
1403	| 33.70	| 33.58	| 0.11
1404	| 12.69	| 12.54	| 0.15
1405	| 8.58	| 8.54	| 0.04
1406	| 26.19	| 26.38	| 0.20
1407	| 46.10	| 46.24	| 0.15
1408	| 26.81	| 27.12	| 0.30
1409	| 56.68	| 56.93	| 0.25
1410	| 19.57	| 19.53	| 0.04
1411	| 40.19	| 40.07	| 0.11
1412	| 52.48	| 52.30	| 0.18
1413	| 13.99	| 13.97	| 0.03
1414	| 14.11	| 14.19	| 0.08
1415	| 15.21	| 15.18	| 0.02
1416	| 51.64	| 51.46	| 0.18
1417	| 14.12	| 13.98	| 0.13
1418	| 42.74	| 42.65	| 0.09
1419	| 32.15	| 32.12	| 0.03
1420	| 19.51	| 19.58	| 0.07
1421	| 32.81	| 32.96	| 0.14
1422	| 4.07	| 4.23	| 0.16
1423	| 58.67	| 58.61	| 0.07
1424	| 51.30	| 51.59	| 0.29
1425	| 24.30	| 24.37	| 0.08
1426	| 31.04	| 31.08	| 0.04
1427	| 5.08	| 5.11	| 0.03
1428	| 38.20	| 37.84	| 0.36
1429	| 3.10	| 3.13	| 0.03
1430	| 43.77	| 44.05	| 0.29
1431	| 8.75	| 8.83	| 0.07
1432	| 32.23	| 32.26	| 0.02
1433	| 31.32	| 31.17	| 0.15
1434	| 12.92	| 12.99	| 0.06
1435	| 46.24	| 46.04	| 0.20
1436	| 53.73	| 53.58	| 0.15
1437	| 50.70	| 50.73	| 0.03
1438	| 44.35	| 44.45	| 0.10
1439	| 2.11	| 2.09	| 0.02
1440	| 39.22	| 39.65	| 0.44
1441	| 53.72	| 53.82	| 0.09
1442	| 49.85	| 49.90	| 0.06
1443	| 49.72	| 49.91	| 0.20
1444	| 25.82	| 26.02	| 0.20
1445	| 5.81	| 5.64	| 0.16
1446	| 16.57	| 16.81	| 0.24
1447	| 54.64	| 54.77	| 0.13
1448	| 14.56	| 14.50	| 0.07
1449	| 48.08	| 48.09	| 0.01
1450	| 52.26	| 52.37	| 0.11
1451	| 27.17	| 26.82	| 0.36
1452	| 31.30	| 31.77	| 0.47
1453	| 10.53	| 10.53	| 0.01
1454	| 47.68	| 47.63	| 0.05
1455	| 55.95	| 55.96	| 0.01
1456	| 57.85	| 57.84	| 0.01
1457	| 49.59	| 49.18	| 0.41
1458	| 16.03	| 16.01	| 0.02
1459	| 35.00	| 35.12	| 0.13
1460	| 39.97	| 40.01	| 0.03
1461	| 3.78	| 3.74	| 0.04
1462	| 53.25	| 53.04	| 0.20
1463	| 32.81	| 32.82	| 0.01
1464	| 5.86	| 5.97	| 0.11
1465	| 40.67	| 40.63	| 0.04
1466	| 48.06	| 47.98	| 0.08
1467	| 4.84	| 4.94	| 0.10
1468	| 14.28	| 14.37	| 0.09
1469	| 49.16	| 48.99	| 0.17
1470	| 56.69	| 56.88	| 0.20
1471	| 57.23	| 57.24	| 0.01
1472	| 40.68	| 40.71	| 0.03
1473	| 7.12	| 7.24	| 0.12
1474	| 44.63	| 44.63	| 0.00
1475	| 55.06	| 54.93	| 0.13
1476	| 57.31	| 57.11	| 0.20
1477	| 29.28	| 29.28	| 0.00
1478	| 50.65	| 50.89	| 0.24
1479	| 35.51	| 35.55	| 0.04
1480	| 5.62	| 5.65	| 0.03
1481	| 53.56	| 53.99	| 0.43
1482	| 53.09	| 52.87	| 0.22
1483	| 33.77	| 33.88	| 0.11
1484	| 13.60	| 13.65	| 0.05
1485	| 36.63	| 37.01	| 0.37
1486	| 35.17	| 34.70	| 0.47
1487	| 15.48	| 15.49	| 0.00
1488	| 35.23	| 35.48	| 0.24
1489	| 26.10	| 26.25	| 0.15
1490	| 41.62	| 41.29	| 0.34
1491	| 12.28	| 12.41	| 0.13
1492	| 58.43	| 58.38	| 0.05
1493	| 48.72	| 48.57	| 0.15
1494	| 20.03	| 20.23	| 0.20
1495	| 40.56	| 40.16	| 0.41
1496	| 27.16	| 27.07	| 0.09
1497	| 27.83	| 27.58	| 0.25
1498	| 8.30	| 8.12	| 0.18
1499	| 49.55	| 49.37	| 0.18
1500	| 6.50	| 6.67	| 0.17
1501	| 6.23	| 6.21	| 0.01
1502	| 2.69	| 2.68	| 0.01
1503	| 45.82	| 46.10	| 0.28
1504	| 57.83	| 57.75	| 0.08
1505	| 1.64	| 1.65	| 0.01
1506	| 58.44	| 58.84	| 0.40
1507	| 8.95	| 9.03	| 0.08
1508	| 36.89	| 36.87	| 0.02
1509	| 49.80	| 49.45	| 0.35
1510	| 23.34	| 23.59	| 0.25
1511	| 0.21	| 0.22	| 0.01
1512	| 55.47	| 55.67	| 0.20
1513	| 45.80	| 45.39	| 0.41
1514	| 8.71	| 8.78	| 0.07
1515	| 32.77	| 33.08	| 0.30
1516	| 50.11	| 50.15	| 0.04
1517	| 52.30	| 52.47	| 0.17
1518	| 17.88	| 17.71	| 0.17
1519	| 37.14	| 37.13	| 0.01
1520	| 26.15	| 25.96	| 0.20
1521	| 6.29	| 6.14	| 0.15
1522	| 51.04	| 51.06	| 0.02
1523	| 50.04	| 50.36	| 0.32
1524	| 16.99	| 16.95	| 0.04
1525	| 48.89	| 48.51	| 0.38
1526	| 21.03	| 21.30	| 0.27
1527	| 25.57	| 25.36	| 0.20
1528	| 56.64	| 57.07	| 0.43
1529	| 4.80	| 4.75	| 0.05
1530	| 15.24	| 15.01	| 0.23
1531	| 15.24	| 15.35	| 0.10
1532	| 52.47	| 52.34	| 0.13
1533	| 10.62	| 10.59	| 0.02
1534	| 9.82	| 9.98	| 0.16
1535	| 28.69	| 28.82	| 0.13
1536	| 45.10	| 45.01	| 0.10
1537	| 11.02	| 11.15	| 0.14
1538	| 45.11	| 45.35	| 0.24
1539	| 47.98	| 48.13	| 0.15
1540	| 39.86	| 39.75	| 0.11
1541	| 26.10	| 25.96	| 0.14
1542	| 58.19	| 57.80	| 0.39
1543	| 2.65	| 2.72	| 0.07
1544	| 19.26	| 19.23	| 0.04
1545	| 43.07	| 43.09	| 0.02
1546	| 24.77	| 24.77	| 0.00
1547	| 57.49	| 57.74	| 0.25
1548	| 29.24	| 29.54	| 0.30
1549	| 10.91	| 10.83	| 0.08
1550	| 50.56	| 50.92	| 0.36
1551	| 57.44	| 57.47	| 0.02
1552	| 4.64	| 4.53	| 0.10
1553	| 36.52	| 36.23	| 0.30
1554	| 51.83	| 51.72	| 0.11
1555	| 2.39	| 2.25	| 0.14
1556	| 55.68	| 55.80	| 0.12
1557	| 6.60	| 6.91	| 0.32
1558	| 38.36	| 38.40	| 0.04
1559	| 31.82	| 31.96	| 0.15
1560	| 0.56	| 0.58	| 0.02
1561	| 10.22	| 10.38	| 0.16
1562	| 30.26	| 30.12	| 0.14
1563	| 0.44	| 0.48	| 0.04
1564	| 20.58	| 20.30	| 0.28
1565	| 52.98	| 53.02	| 0.04
1566	| 10.15	| 10.11	| 0.04
1567	| 19.82	| 19.85	| 0.03
1568	| 42.49	| 42.39	| 0.09
1569	| 8.02	| 8.03	| 0.01
1570	| 54.15	| 54.48	| 0.33
1571	| 27.62	| 27.32	| 0.31
1572	| 22.86	| 22.99	| 0.14
1573	| 57.43	| 57.22	| 0.21
1574	| 24.94	| 24.89	| 0.05
1575	| 3.59	| 3.60	| 0.01
1576	| 53.92	| 54.07	| 0.14
1577	| 12.08	| 12.04	| 0.05
1578	| 52.23	| 52.33	| 0.10
1579	| 22.86	| 23.25	| 0.39
1580	| 27.76	| 27.70	| 0.06
1581	| 29.35	| 28.93	| 0.41
1582	| 13.96	| 13.98	| 0.03
1583	| 47.73	| 47.51	| 0.23
1584	| 53.44	| 53.30	| 0.14
1585	| 39.34	| 39.31	| 0.03
1586	| 52.73	| 52.43	| 0.30
1587	| 4.74	| 4.66	| 0.08
1588	| 17.21	| 17.23	| 0.01
1589	| 5.80	| 5.89	| 0.09
1590	| 20.01	| 20.10	| 0.09
1591	| 6.61	| 6.58	| 0.03
1592	| 31.43	| 31.52	| 0.09
1593	| 57.99	| 57.74	| 0.25
1594	| 50.72	| 50.52	| 0.20
1595	| 2.60	| 2.55	| 0.04
1596	| 29.92	| 29.99	| 0.07
1597	| 49.94	| 49.72	| 0.22
1598	| 8.23	| 8.29	| 0.06
1599	| 12.89	| 12.89	| 0.00
1600	| 39.77	| 39.93	| 0.17
1601	| 13.49	| 13.40	| 0.08
1602	| 55.93	| 56.33	| 0.40
1603	| 29.01	| 29.16	| 0.15
1604	| 2.27	| 2.29	| 0.02
1605	| 51.17	| 51.19	| 0.02
1606	| 0.14	| 0.15	| 0.00
1607	| 57.73	| 57.39	| 0.34
1608	| 41.39	| 41.49	| 0.10
1609	| 50.89	| 50.69	| 0.20
1610	| 37.56	| 37.46	| 0.10
1611	| 29.84	| 29.80	| 0.04
1612	| 35.13	| 35.31	| 0.18
1613	| 2.64	| 2.68	| 0.04
1614	| 41.61	| 41.42	| 0.19
1615	| 55.86	| 56.02	| 0.15
1616	| 29.12	| 29.08	| 0.04
1617	| 34.72	| 34.72	| 0.00
1618	| 39.73	| 39.69	| 0.04
1619	| 41.83	| 42.04	| 0.21
1620	| 31.80	| 31.86	| 0.06
1621	| 13.93	| 13.89	| 0.05
1622	| 32.50	| 32.38	| 0.12
1623	| 19.27	| 19.18	| 0.09
1624	| 39.12	| 39.34	| 0.22
1625	| 39.40	| 39.26	| 0.14
1626	| 42.94	| 43.19	| 0.25
1627	| 28.63	| 28.42	| 0.21
1628	| 11.05	| 10.99	| 0.06
1629	| 3.99	| 3.99	| 0.00
1630	| 6.44	| 6.71	| 0.28
1631	| 22.58	| 22.71	| 0.12
1632	| 23.61	| 23.52	| 0.09
1633	| 3.04	| 2.97	| 0.07
1634	| 58.36	| 58.25	| 0.11
1635	| 1.72	| 1.67	| 0.04
1636	| 39.78	| 39.36	| 0.42
1637	| 52.42	| 52.20	| 0.21
1638	| 53.92	| 54.10	| 0.19
1639	| 52.13	| 52.07	| 0.06
1640	| 32.45	| 32.46	| 0.01
1641	| 34.81	| 34.98	| 0.17
1642	| 4.63	| 4.48	| 0.15
1643	| 34.04	| 34.30	| 0.25
1644	| 12.22	| 12.29	| 0.07
1645	| 57.06	| 57.62	| 0.57
1646	| 25.21	| 25.25	| 0.04
1647	| 28.06	| 27.95	| 0.11
1648	| 4.18	| 4.24	| 0.05
1649	| 54.31	| 54.03	| 0.27
1650	| 39.46	| 39.45	| 0.02
1651	| 18.12	| 17.90	| 0.21
1652	| 12.74	| 12.74	| 0.00
1653	| 57.79	| 57.83	| 0.03
1654	| 45.24	| 45.03	| 0.22
1655	| 54.18	| 54.33	| 0.15
1656	| 0.35	| 0.30	| 0.05
1657	| 40.65	| 40.58	| 0.07
1658	| 26.86	| 26.68	| 0.18
1659	| 26.43	| 26.75	| 0.32
1660	| 0.70	| 0.73	| 0.04
1661	| 58.05	| 58.32	| 0.26
1662	| 20.26	| 20.19	| 0.07
1663	| 43.82	| 43.81	| 0.01
1664	| 58.24	| 58.04	| 0.20
1665	| 45.74	| 45.84	| 0.10
1666	| 35.63	| 35.74	| 0.11
1667	| 52.67	| 52.56	| 0.11
1668	| 52.83	| 52.93	| 0.10
1669	| 29.94	| 29.67	| 0.27
1670	| 43.67	| 43.62	| 0.04
1671	| 51.55	| 51.81	| 0.26
1672	| 8.59	| 8.60	| 0.01
1673	| 45.46	| 45.48	| 0.01
1674	| 44.47	| 44.70	| 0.22
1675	| 55.70	| 55.52	| 0.18
1676	| 56.73	| 56.67	| 0.06
1677	| 58.15	| 58.02	| 0.12
1678	| 56.20	| 55.79	| 0.41
1679	| 31.42	| 31.37	| 0.04
1680	| 51.05	| 50.57	| 0.48
1681	| 36.23	| 36.02	| 0.21
1682	| 53.53	| 53.67	| 0.13
1683	| 20.28	| 20.34	| 0.06
1684	| 45.62	| 45.59	| 0.02
1685	| 46.63	| 46.55	| 0.08
1686	| 17.10	| 16.97	| 0.13
1687	| 25.19	| 25.29	| 0.11
1688	| 35.74	| 35.67	| 0.07
1689	| 53.34	| 53.35	| 0.02
1690	| 40.83	| 40.74	| 0.10
1691	| 54.12	| 54.42	| 0.30
1692	| 38.77	| 38.99	| 0.21
1693	| 39.59	| 39.20	| 0.39
1694	| 39.51	| 39.38	| 0.12
1695	| 16.86	| 17.00	| 0.14
1696	| 36.89	| 36.82	| 0.07
1697	| 55.70	| 55.52	| 0.18
1698	| 47.55	| 47.18	| 0.38
1699	| 21.81	| 21.70	| 0.11
1700	| 25.77	| 25.92	| 0.15
1701	| 48.71	| 49.15	| 0.44
1702	| 56.26	| 56.29	| 0.03
1703	| 33.60	| 33.88	| 0.28
1704	| 15.14	| 15.18	| 0.04
1705	| 50.68	| 50.70	| 0.02
1706	| 5.45	| 5.39	| 0.06
1707	| 47.83	| 47.90	| 0.07
1708	| 54.01	| 53.83	| 0.19
1709	| 38.31	| 38.27	| 0.03
1710	| 25.83	| 25.94	| 0.11
1711	| 48.35	| 48.12	| 0.22
1712	| 9.69	| 9.81	| 0.12
1713	| 55.37	| 55.02	| 0.35
1714	| 0.52	| 0.55	| 0.03
1715	| 55.92	| 55.92	| 0.00
1716	| 44.27	| 44.55	| 0.27
1717	| 36.49	| 36.26	| 0.23
1718	| 52.00	| 51.84	| 0.17
1719	| 12.59	| 12.62	| 0.03
1720	| 56.31	| 56.36	| 0.05
1721	| 0.08	| 0.07	| 0.01
1722	| 22.49	| 22.50	| 0.01
1723	| 2.17	| 2.28	| 0.11
1724	| 46.74	| 46.62	| 0.11
1725	| 6.07	| 6.04	| 0.03
1726	| 27.50	| 27.48	| 0.02
1727	| 35.37	| 35.18	| 0.19
1728	| 35.46	| 35.52	| 0.06
1729	| 44.43	| 44.43	| 0.00
1730	| 8.95	| 8.96	| 0.01
1731	| 30.93	| 30.84	| 0.09
1732	| 10.13	| 9.99	| 0.14
1733	| 55.02	| 55.38	| 0.35
1734	| 21.20	| 21.32	| 0.12
1735	| 57.57	| 57.38	| 0.19
1736	| 53.61	| 53.55	| 0.06
1737	| 30.19	| 30.35	| 0.16
1738	| 12.26	| 12.21	| 0.05
1739	| 34.19	| 34.24	| 0.05
1740	| 10.46	| 10.57	| 0.11
1741	| 46.33	| 46.61	| 0.28
1742	| 2.68	| 2.76	| 0.08
1743	| 43.23	| 42.90	| 0.33
1744	| 14.12	| 14.42	| 0.31
1745	| 56.18	| 56.19	| 0.02
1746	| 20.42	| 20.52	| 0.10
1747	| 15.15	| 14.84	| 0.31
1748	| 9.71	| 9.76	| 0.05
1749	| 34.27	| 34.32	| 0.05
1750	| 53.96	| 53.99	| 0.03
1751	| 45.43	| 45.52	| 0.08
1752	| 43.77	| 43.78	| 0.01
1753	| 13.23	| 13.16	| 0.07
1754	| 25.83	| 25.49	| 0.35
1755	| 4.22	| 4.05	| 0.17
1756	| 9.14	| 9.29	| 0.15
1757	| 48.64	| 48.68	| 0.05
1758	| 2.42	| 2.41	| 0.01
1759	| 56.78	| 57.12	| 0.35
1760	| 34.84	| 34.62	| 0.22
1761	| 18.01	| 17.80	| 0.21
1762	| 37.55	| 37.84	| 0.29
1763	| 52.53	| 52.25	| 0.28
1764	| 57.24	| 57.36	| 0.12
1765	| 54.35	| 54.40	| 0.05
1766	| 57.82	| 57.49	| 0.33
1767	| 27.95	| 27.73	| 0.22
1768	| 3.83	| 3.81	| 0.02
1769	| 49.74	| 49.88	| 0.14
1770	| 23.26	| 23.03	| 0.24
1771	| 32.71	| 32.52	| 0.19
1772	| 55.91	| 56.03	| 0.12
1773	| 51.94	| 52.21	| 0.27
1774	| 23.11	| 23.13	| 0.02
1775	| 20.27	| 20.09	| 0.18
1776	| 43.39	| 43.21	| 0.18
1777	| 18.72	| 18.77	| 0.05
1778	| 49.75	| 49.73	| 0.02
1779	| 43.72	| 43.74	| 0.03
1780	| 53.20	| 53.12	| 0.08
1781	| 39.15	| 39.11	| 0.04
1782	| 50.93	| 51.25	| 0.31
1783	| 39.34	| 39.54	| 0.20
1784	| 54.34	| 54.60	| 0.27
1785	| 47.63	| 47.58	| 0.05
1786	| 33.33	| 33.45	| 0.12
1787	| 37.70	| 37.49	| 0.21
1788	| 52.45	| 52.17	| 0.27
1789	| 26.40	| 26.47	| 0.07
1790	| 39.57	| 39.39	| 0.19
1791	| 29.51	| 29.56	| 0.05
1792	| 28.61	| 28.48	| 0.13
1793	| 40.40	| 40.43	| 0.03
1794	| 21.73	| 21.62	| 0.11
1795	| 40.42	| 40.33	| 0.09
1796	| 31.94	| 31.56	| 0.38
1797	| 25.05	| 25.18	| 0.13
1798	| 19.64	| 19.35	| 0.29
1799	| 48.07	| 48.03	| 0.03
1800	| 2.91	| 2.98	| 0.07
1801	| 56.43	| 56.40	| 0.03
1802	| 17.34	| 17.31	| 0.02
1803	| 17.24	| 17.44	| 0.21
1804	| 44.64	| 44.99	| 0.35
1805	| 57.26	| 57.28	| 0.03
1806	| 43.01	| 43.18	| 0.16
1807	| 55.28	| 55.16	| 0.12
1808	| 28.88	| 28.86	| 0.02
1809	| 52.97	| 52.60	| 0.37
1810	| 3.35	| 3.25	| 0.10
1811	| 44.17	| 44.10	| 0.07
1812	| 49.33	| 49.59	| 0.26
1813	| 16.47	| 16.38	| 0.09
1814	| 27.65	| 27.45	| 0.20
1815	| 46.35	| 46.61	| 0.25
1816	| 43.05	| 43.47	| 0.42
1817	| 0.50	| 0.55	| 0.05
1818	| 31.51	| 31.62	| 0.11
1819	| 35.23	| 35.62	| 0.39
1820	| 21.18	| 21.12	| 0.06
1821	| 11.62	| 11.86	| 0.24
1822	| 55.90	| 56.22	| 0.32
1823	| 39.83	| 39.90	| 0.08
1824	| 13.82	| 14.25	| 0.43
1825	| 13.36	| 13.19	| 0.16
1826	| 25.74	| 25.95	| 0.22
1827	| 56.92	| 56.76	| 0.16
1828	| 17.15	| 17.27	| 0.12
1829	| 31.18	| 31.21	| 0.03
1830	| 4.24	| 4.33	| 0.09
1831	| 49.12	| 48.92	| 0.20
1832	| 35.32	| 35.35	| 0.04
1833	| 9.28	| 9.29	| 0.00
1834	| 58.01	| 57.98	| 0.03
1835	| 6.50	| 6.49	| 0.01
1836	| 35.27	| 35.21	| 0.06
1837	| 36.00	| 35.93	| 0.07
1838	| 6.12	| 6.26	| 0.15
1839	| 55.97	| 55.99	| 0.02
1840	| 17.86	| 18.01	| 0.15
1841	| 23.97	| 24.12	| 0.15
1842	| 8.90	| 8.86	| 0.04
1843	| 4.75	| 5.01	| 0.27
1844	| 51.57	| 51.21	| 0.36
1845	| 38.08	| 37.86	| 0.23
1846	| 18.47	| 18.45	| 0.03
1847	| 20.89	| 21.04	| 0.14
1848	| 17.34	| 16.98	| 0.37
1849	| 55.92	| 55.56	| 0.35
1850	| 34.13	| 34.21	| 0.08
1851	| 46.81	| 46.39	| 0.41
1852	| 49.77	| 49.97	| 0.20
1853	| 20.97	| 20.94	| 0.04
1854	| 46.84	| 46.74	| 0.10
1855	| 35.08	| 34.79	| 0.29
1856	| 46.51	| 46.68	| 0.17
1857	| 46.34	| 45.81	| 0.53
1858	| 40.87	| 40.69	| 0.17
1859	| 33.68	| 33.78	| 0.10
1860	| 40.47	| 40.50	| 0.03
1861	| 56.98	| 57.45	| 0.47
1862	| 50.29	| 50.44	| 0.15
1863	| 20.30	| 20.09	| 0.21
1864	| 55.10	| 55.45	| 0.35
1865	| 55.20	| 55.13	| 0.07
1866	| 47.69	| 48.19	| 0.50
1867	| 29.52	| 29.41	| 0.11
1868	| 21.44	| 21.34	| 0.10
1869	| 7.18	| 7.12	| 0.06
1870	| 53.15	| 53.27	| 0.12
1871	| 19.59	| 19.66	| 0.06
1872	| 51.39	| 51.52	| 0.13
1873	| 48.94	| 48.89	| 0.06
1874	| 23.58	| 23.75	| 0.17
1875	| 15.67	| 15.66	| 0.01
1876	| 54.31	| 54.93	| 0.63
1877	| 0.61	| 0.66	| 0.05
1878	| 49.48	| 49.41	| 0.07
1879	| 48.87	| 48.88	| 0.01
1880	| 52.69	| 52.73	| 0.04
1881	| 17.31	| 17.30	| 0.00
1882	| 52.49	| 52.64	| 0.15
1883	| 41.39	| 41.11	| 0.28
1884	| 27.74	| 28.04	| 0.30
1885	| 49.03	| 48.99	| 0.04
1886	| 2.20	| 2.20	| 0.00
1887	| 9.43	| 9.67	| 0.24
1888	| 32.59	| 32.45	| 0.13
1889	| 39.38	| 39.35	| 0.03
1890	| 39.09	| 39.00	| 0.09
1891	| 51.40	| 51.55	| 0.15
1892	| 25.02	| 25.37	| 0.35
1893	| 24.89	| 24.64	| 0.26
1894	| 56.39	| 56.73	| 0.34
1895	| 10.23	| 10.37	| 0.14
1896	| 37.36	| 37.34	| 0.02
1897	| 25.81	| 25.96	| 0.15
1898	| 9.00	| 8.95	| 0.05
1899	| 46.45	| 46.44	| 0.01
1900	| 57.56	| 57.49	| 0.08
1901	| 48.80	| 48.67	| 0.13
1902	| 48.81	| 48.41	| 0.40
1903	| 57.46	| 57.46	| 0.01
1904	| 26.15	| 26.04	| 0.11
1905	| 50.22	| 50.49	| 0.27
1906	| 19.91	| 19.86	| 0.04
1907	| 17.67	| 17.46	| 0.21
1908	| 34.97	| 34.70	| 0.27
1909	| 15.67	| 15.63	| 0.03
1910	| 19.03	| 18.62	| 0.41
1911	| 49.39	| 49.14	| 0.25
1912	| 28.59	| 28.42	| 0.18
1913	| 42.19	| 42.46	| 0.27
1914	| 7.32	| 7.41	| 0.09
1915	| 7.92	| 7.92	| 0.01
1916	| 25.98	| 26.44	| 0.46
1917	| 57.96	| 58.02	| 0.06
1918	| 3.29	| 3.37	| 0.08
1919	| 45.18	| 45.00	| 0.19
1920	| 58.26	| 58.14	| 0.12
1921	| 11.86	| 11.84	| 0.02
1922	| 46.97	| 47.11	| 0.14
1923	| 21.40	| 21.11	| 0.29
1924	| 46.99	| 46.94	| 0.05
1925	| 29.30	| 29.42	| 0.11
1926	| 55.14	| 55.14	| 0.00
1927	| 55.67	| 55.78	| 0.11
1928	| 49.16	| 48.99	| 0.16
1929	| 33.60	| 33.95	| 0.35
1930	| 44.16	| 44.11	| 0.06
1931	| 33.50	| 33.49	| 0.01
1932	| 52.67	| 52.83	| 0.16
1933	| 50.66	| 50.74	| 0.08
1934	| 34.65	| 34.60	| 0.05
1935	| 53.16	| 53.40	| 0.23
1936	| 15.35	| 15.43	| 0.09
1937	| 57.48	| 57.67	| 0.19
1938	| 58.33	| 58.14	| 0.19
1939	| 25.36	| 25.51	| 0.15
1940	| 54.75	| 55.24	| 0.49
1941	| 4.08	| 4.15	| 0.07
1942	| 28.20	| 28.25	| 0.05
1943	| 15.57	| 15.57	| 0.00
1944	| 19.22	| 19.17	| 0.04
1945	| 16.97	| 16.99	| 0.02
1946	| 34.92	| 34.80	| 0.13
1947	| 26.89	| 26.92	| 0.03
1948	| 49.42	| 49.51	| 0.09
1949	| 4.43	| 4.39	| 0.04
1950	| 21.39	| 21.64	| 0.24
1951	| 48.31	| 48.22	| 0.09
1952	| 49.18	| 49.37	| 0.19
1953	| 25.30	| 25.48	| 0.17
1954	| 13.86	| 13.76	| 0.10
1955	| 6.81	| 6.59	| 0.22
1956	| 0.43	| 0.47	| 0.04
1957	| 51.97	| 51.94	| 0.03
1958	| 54.08	| 53.90	| 0.18
1959	| 44.08	| 44.05	| 0.03
1960	| 52.66	| 52.58	| 0.08
1961	| 55.22	| 55.53	| 0.31
1962	| 45.41	| 45.89	| 0.48
1963	| 10.51	| 10.38	| 0.13
1964	| 9.59	| 9.56	| 0.03
1965	| 38.10	| 38.29	| 0.19
1966	| 17.44	| 17.09	| 0.35
1967	| 49.39	| 49.04	| 0.35
1968	| 43.60	| 43.28	| 0.31
1969	| 50.07	| 50.58	| 0.52
1970	| 22.39	| 22.35	| 0.04
1971	| 6.17	| 6.24	| 0.07
1972	| 17.36	| 17.42	| 0.06
1973	| 51.89	| 51.47	| 0.42
1974	| 26.06	| 26.15	| 0.09
1975	| 39.60	| 39.60	| 0.00
1976	| 52.86	| 53.34	| 0.47
1977	| 15.54	| 15.55	| 0.01
1978	| 9.11	| 9.09	| 0.02
1979	| 19.20	| 19.35	| 0.16
1980	| 48.28	| 48.33	| 0.05
1981	| 25.56	| 25.78	| 0.21
1982	| 2.17	| 2.21	| 0.04
1983	| 31.30	| 31.71	| 0.41
1984	| 26.60	| 26.69	| 0.09
1985	| 51.80	| 51.69	| 0.11
1986	| 12.19	| 12.20	| 0.01
1987	| 19.50	| 19.35	| 0.15
1988	| 46.45	| 46.49	| 0.04
1989	| 20.67	| 20.71	| 0.03
1990	| 58.06	| 57.69	| 0.38
1991	| 15.98	| 16.16	| 0.18
1992	| 25.73	| 25.35	| 0.38
1993	| 33.81	| 33.91	| 0.09
1994	| 35.95	| 35.79	| 0.16
1995	| 57.44	| 57.12	| 0.31
1996	| 52.94	| 52.94	| 0.01
1997	| 55.45	| 55.43	| 0.02
1998	| 39.34	| 39.33	| 0.01
1999	| 1.30	| 1.23	| 0.07
2000	| 7.47	| 7.53	| 0.06
2001	| 50.41	| 50.47	| 0.05
2002	| 39.60	| 39.60	| 0.00
2003	| 54.05	| 54.12	| 0.07
2004	| 4.50	| 4.44	| 0.06
2005	| 26.43	| 26.53	| 0.10
2006	| 21.01	| 20.99	| 0.02
2007	| 45.20	| 45.07	| 0.13
2008	| 29.77	| 29.66	| 0.11
2009	| 48.41	| 48.49	| 0.08
2010	| 14.65	| 14.79	| 0.14
2011	| 40.91	| 40.60	| 0.31
2012	| 27.29	| 27.22	| 0.08
2013	| 7.71	| 7.56	| 0.15
2014	| 49.01	| 48.99	| 0.02
2015	| 37.34	| 37.30	| 0.04
2016	| 51.75	| 51.83	| 0.08
2017	| 52.91	| 53.07	| 0.16
2018	| 8.83	| 8.76	| 0.07
2019	| 32.81	| 32.96	| 0.15
2020	| 0.93	| 0.90	| 0.02
2021	| 25.03	| 24.73	| 0.30
2022	| 27.87	| 27.79	| 0.08
2023	| 57.79	| 57.76	| 0.03
2024	| 58.10	| 57.94	| 0.16
2025	| 53.63	| 53.80	| 0.17
2026	| 17.35	| 17.14	| 0.21
2027	| 51.93	| 52.09	| 0.16
2028	| 53.90	| 54.07	| 0.17
2029	| 33.24	| 33.27	| 0.03
2030	| 28.58	| 28.99	| 0.41
2031	| 27.75	| 27.53	| 0.22
2032	| 45.13	| 45.24	| 0.11
2033	| 51.81	| 51.80	| 0.02
2034	| 24.96	| 24.80	| 0.16
2035	| 2.31	| 2.26	| 0.06
2036	| 3.18	| 3.00	| 0.18
2037	| 11.39	| 11.11	| 0.28
2038	| 51.00	| 50.87	| 0.13
2039	| 11.32	| 11.47	| 0.15
2040	| 48.24	| 48.48	| 0.24
2041	| 44.72	| 44.61	| 0.11
2042	| 50.89	| 51.16	| 0.27
2043	| 20.21	| 20.00	| 0.21
2044	| 37.93	| 37.87	| 0.06
2045	| 5.17	| 5.07	| 0.09
2046	| 52.52	| 52.84	| 0.32
2047	| 27.86	| 27.92	| 0.06
2048	| 19.50	| 19.19	| 0.31
2049	| 13.44	| 13.62	| 0.19
2050	| 41.91	| 42.07	| 0.16
2051	| 24.88	| 24.88	| 0.01
2052	| 51.84	| 51.20	| 0.64
2053	| 24.00	| 24.15	| 0.15
2054	| 47.50	| 47.07	| 0.43
2055	| 5.18	| 5.15	| 0.04
2056	| 13.52	| 13.65	| 0.13
2057	| 56.07	| 56.08	| 0.01
2058	| 4.74	| 4.76	| 0.02
2059	| 43.91	| 44.06	| 0.15
2060	| 8.90	| 8.83	| 0.08
2061	| 18.85	| 19.12	| 0.27
2062	| 36.97	| 36.88	| 0.10
2063	| 21.00	| 20.67	| 0.32
2064	| 54.32	| 53.75	| 0.57
2065	| 43.20	| 43.53	| 0.33
2066	| 48.73	| 48.39	| 0.33
2067	| 47.73	| 47.95	| 0.22
2068	| 8.80	| 8.89	| 0.09
2069	| 48.06	| 48.03	| 0.03
2070	| 15.93	| 15.93	| 0.00
2071	| 53.71	| 54.05	| 0.34
2072	| 51.99	| 51.70	| 0.29
2073	| 56.51	| 56.12	| 0.39
2074	| 46.51	| 46.46	| 0.05
2075	| 25.90	| 26.10	| 0.20
2076	| 1.81	| 1.93	| 0.12
2077	| 24.42	| 24.23	| 0.18
2078	| 10.78	| 10.79	| 0.01
2079	| 2.60	| 2.61	| 0.02
2080	| 19.61	| 19.67	| 0.05
2081	| 49.00	| 48.97	| 0.03
2082	| 38.03	| 38.19	| 0.16
2083	| 41.79	| 42.10	| 0.31
2084	| 46.46	| 46.39	| 0.08
2085	| 41.88	| 41.61	| 0.27
2086	| 45.28	| 45.49	| 0.21
2087	| 55.94	| 56.13	| 0.19
2088	| 30.46	| 30.64	| 0.18
2089	| 1.20	| 1.19	| 0.00
2090	| 53.62	| 53.66	| 0.04
2091	| 36.94	| 37.06	| 0.12
2092	| 41.80	| 42.02	| 0.21
2093	| 43.32	| 43.42	| 0.11
2094	| 34.56	| 34.67	| 0.10
2095	| 49.01	| 49.17	| 0.16
2096	| 40.22	| 40.28	| 0.07
2097	| 13.90	| 13.84	| 0.06
2098	| 14.72	| 14.94	| 0.22
2099	| 38.19	| 38.41	| 0.22
2100	| 55.51	| 55.47	| 0.04
2101	| 41.04	| 41.30	| 0.26
2102	| 46.38	| 46.11	| 0.27
2103	| 47.14	| 47.17	| 0.03
2104	| 44.96	| 44.89	| 0.07
2105	| 45.89	| 45.50	| 0.39
2106	| 5.99	| 6.09	| 0.11
2107	| 10.62	| 10.64	| 0.02
2108	| 32.20	| 32.62	| 0.41
2109	| 23.51	| 23.73	| 0.22
2110	| 57.13	| 57.01	| 0.12
2111	| 52.63	| 52.73	| 0.10
2112	| 10.03	| 9.87	| 0.16
2113	| 41.08	| 40.74	| 0.34
2114	| 9.03	| 8.95	| 0.08
2115	| 30.11	| 30.06	| 0.05
2116	| 49.26	| 49.11	| 0.15
2117	| 43.95	| 44.08	| 0.14
2118	| 32.88	| 32.81	| 0.07
2119	| 13.24	| 13.29	| 0.05
2120	| 12.02	| 12.04	| 0.02
2121	| 42.56	| 42.25	| 0.31
2122	| 50.25	| 49.73	| 0.52
2123	| 51.94	| 52.09	| 0.15
2124	| 37.43	| 37.30	| 0.13
2125	| 47.10	| 47.13	| 0.03
2126	| 26.30	| 26.22	| 0.08
2127	| 15.46	| 15.47	| 0.01
2128	| 51.21	| 51.07	| 0.14
2129	| 25.38	| 25.03	| 0.35
2130	| 47.95	| 47.70	| 0.25
2131	| 57.55	| 57.45	| 0.10
2132	| 31.45	| 31.62	| 0.18
2133	| 44.51	| 45.12	| 0.61
2134	| 12.32	| 12.62	| 0.31
2135	| 50.63	| 50.73	| 0.10
2136	| 3.52	| 3.56	| 0.04
2137	| 51.26	| 51.23	| 0.03
2138	| 11.58	| 11.65	| 0.07
2139	| 37.65	| 37.79	| 0.14
2140	| 41.89	| 41.95	| 0.06
2141	| 51.22	| 51.55	| 0.33
2142	| 23.00	| 23.17	| 0.17
2143	| 20.85	| 20.65	| 0.19
2144	| 6.26	| 6.31	| 0.04
2145	| 40.84	| 40.88	| 0.04
2146	| 47.02	| 47.23	| 0.22
2147	| 21.08	| 21.07	| 0.01
2148	| 53.67	| 53.57	| 0.10
2149	| 44.41	| 44.66	| 0.24
2150	| 36.48	| 36.36	| 0.12
2151	| 13.29	| 13.30	| 0.01
2152	| 11.54	| 11.61	| 0.07
2153	| 43.98	| 44.25	| 0.27
2154	| 16.38	| 16.28	| 0.10
2155	| 29.89	| 30.21	| 0.33
2156	| 28.98	| 29.24	| 0.26
2157	| 25.00	| 25.01	| 0.01
2158	| 12.32	| 12.39	| 0.07
2159	| 50.53	| 50.29	| 0.25
2160	| 56.77	| 57.06	| 0.29
2161	| 20.37	| 20.34	| 0.03
2162	| 15.43	| 15.65	| 0.22
2163	| 28.23	| 28.17	| 0.06
2164	| 40.48	| 40.52	| 0.04
2165	| 32.13	| 31.94	| 0.19
2166	| 23.37	| 23.44	| 0.07
2167	| 40.05	| 40.12	| 0.07
2168	| 18.64	| 18.61	| 0.03
2169	| 19.24	| 19.16	| 0.08
2170	| 6.21	| 6.37	| 0.16
2171	| 14.31	| 14.45	| 0.14
2172	| 28.06	| 28.13	| 0.07
2173	| 50.50	| 50.68	| 0.18
2174	| 13.08	| 13.14	| 0.07
2175	| 50.74	| 51.10	| 0.36
2176	| 10.18	| 9.99	| 0.18
2177	| 53.41	| 53.43	| 0.02
2178	| 30.00	| 29.71	| 0.29
2179	| 32.68	| 32.49	| 0.19
2180	| 25.05	| 25.21	| 0.16
2181	| 47.08	| 47.04	| 0.05
2182	| 33.53	| 33.74	| 0.21
2183	| 36.14	| 36.42	| 0.28
2184	| 17.80	| 17.57	| 0.23
2185	| 50.99	| 51.04	| 0.05
2186	| 13.34	| 13.52	| 0.18
2187	| 31.84	| 31.50	| 0.34
2188	| 50.56	| 50.55	| 0.00
2189	| 46.45	| 46.51	| 0.06
2190	| 40.39	| 40.45	| 0.06
2191	| 11.87	| 11.88	| 0.01
2192	| 36.60	| 36.40	| 0.19
2193	| 36.15	| 36.00	| 0.16
2194	| 54.01	| 54.21	| 0.20
2195	| 50.10	| 49.98	| 0.12
2196	| 39.63	| 39.65	| 0.02
2197	| 46.58	| 46.42	| 0.16
2198	| 31.38	| 31.37	| 0.01
2199	| 58.03	| 57.39	| 0.64
2200	| 57.28	| 57.29	| 0.01
2201	| 44.78	| 44.77	| 0.02
2202	| 40.63	| 40.89	| 0.26
2203	| 9.83	| 10.09	| 0.25
2204	| 28.50	| 28.50	| 0.00
2205	| 38.19	| 38.19	| 0.00
2206	| 51.31	| 51.49	| 0.18
2207	| 8.18	| 8.27	| 0.09
2208	| 54.71	| 54.56	| 0.15
2209	| 54.56	| 54.56	| 0.01
2210	| 58.32	| 58.29	| 0.03
2211	| 52.10	| 51.88	| 0.22
2212	| 1.81	| 1.82	| 0.01
2213	| 40.95	| 40.95	| 0.01
2214	| 23.92	| 24.00	| 0.08
2215	| 37.43	| 37.57	| 0.15
2216	| 39.91	| 39.83	| 0.08
2217	| 52.31	| 51.96	| 0.34
2218	| 18.69	| 18.54	| 0.15
2219	| 4.98	| 5.11	| 0.13
2220	| 7.15	| 7.27	| 0.12
2221	| 8.87	| 8.84	| 0.03
2222	| 56.63	| 56.69	| 0.06
2223	| 30.16	| 30.48	| 0.32
2224	| 21.84	| 21.56	| 0.28
2225	| 44.89	| 44.57	| 0.32
2226	| 23.72	| 23.44	| 0.27
2227	| 32.21	| 32.33	| 0.12
2228	| 23.06	| 23.32	| 0.26
2229	| 51.18	| 51.07	| 0.12
2230	| 33.78	| 33.77	| 0.01
2231	| 51.00	| 50.93	| 0.06
2232	| 47.92	| 48.03	| 0.11
2233	| 48.84	| 48.88	| 0.04
2234	| 57.96	| 58.05	| 0.09
2235	| 40.35	| 40.29	| 0.07
2236	| 48.08	| 47.97	| 0.11
2237	| 54.93	| 55.44	| 0.51
2238	| 54.78	| 54.87	| 0.09
2239	| 23.55	| 24.15	| 0.60
2240	| 27.58	| 27.68	| 0.09
2241	| 17.95	| 17.94	| 0.01
2242	| 53.77	| 53.72	| 0.05
2243	| 36.14	| 36.01	| 0.12
2244	| 0.51	| 0.57	| 0.06
2245	| 0.17	| 0.16	| 0.02
2246	| 35.80	| 35.77	| 0.03
2247	| 20.48	| 20.94	| 0.46
2248	| 6.76	| 6.75	| 0.01
2249	| 15.49	| 15.47	| 0.02
2250	| 18.62	| 18.55	| 0.06
2251	| 2.99	| 2.97	| 0.02
2252	| 16.20	| 16.25	| 0.06
2253	| 50.08	| 50.22	| 0.14
2254	| 11.01	| 11.07	| 0.05
2255	| 45.10	| 44.72	| 0.38
2256	| 57.40	| 57.35	| 0.05
2257	| 39.22	| 39.25	| 0.02
2258	| 47.73	| 47.74	| 0.01
2259	| 34.03	| 33.99	| 0.04
2260	| 14.94	| 15.05	| 0.10
2261	| 16.97	| 17.11	| 0.13
2262	| 56.98	| 57.03	| 0.04
2263	| 8.49	| 8.58	| 0.09
2264	| 41.12	| 41.17	| 0.06
2265	| 17.54	| 17.79	| 0.24
2266	| 52.10	| 52.45	| 0.35
2267	| 18.42	| 18.55	| 0.12
2268	| 44.46	| 44.62	| 0.16
2269	| 6.67	| 6.75	| 0.08
2270	| 55.17	| 55.20	| 0.03
2271	| 29.26	| 29.38	| 0.12
2272	| 20.65	| 20.76	| 0.11
2273	| 48.10	| 48.21	| 0.11
2274	| 20.30	| 20.49	| 0.19
2275	| 51.37	| 50.99	| 0.37
2276	| 55.83	| 55.75	| 0.08
2277	| 4.10	| 4.05	| 0.06
2278	| 16.16	| 16.02	| 0.14
2279	| 53.06	| 52.66	| 0.41
2280	| 20.60	| 20.37	| 0.23
2281	| 26.42	| 26.45	| 0.03
2282	| 57.67	| 57.65	| 0.03
2283	| 53.99	| 54.04	| 0.05
2284	| 36.35	| 36.51	| 0.16
2285	| 24.73	| 24.26	| 0.47
2286	| 32.96	| 33.00	| 0.04
2287	| 38.29	| 37.92	| 0.37
2288	| 13.96	| 14.08	| 0.11
2289	| 41.50	| 41.41	| 0.10
2290	| 9.98	| 9.69	| 0.30
2291	| 12.36	| 12.39	| 0.03
2292	| 50.12	| 49.94	| 0.17
2293	| 36.38	| 36.34	| 0.04
2294	| 41.94	| 42.01	| 0.07
2295	| 24.66	| 24.42	| 0.24
2296	| 6.43	| 6.46	| 0.03
2297	| 33.17	| 33.16	| 0.01
2298	| 20.05	| 20.09	| 0.03
2299	| 35.24	| 34.62	| 0.62
2300	| 2.91	| 2.93	| 0.02
2301	| 31.66	| 31.17	| 0.48
2302	| 39.07	| 39.10	| 0.03
2303	| 53.03	| 53.23	| 0.20
2304	| 1.94	| 1.94	| 0.00
2305	| 5.37	| 5.51	| 0.15
2306	| 33.54	| 33.71	| 0.16
2307	| 50.89	| 51.27	| 0.38
2308	| 13.35	| 13.32	| 0.03
2309	| 57.66	| 57.65	| 0.01
2310	| 25.27	| 25.47	| 0.20
2311	| 32.00	| 31.59	| 0.41
2312	| 30.40	| 30.29	| 0.12
2313	| 24.64	| 24.52	| 0.12
2314	| 38.58	| 38.73	| 0.16
2315	| 36.53	| 36.34	| 0.20
2316	| 37.86	| 37.89	| 0.03
2317	| 5.06	| 5.03	| 0.04
2318	| 3.67	| 3.62	| 0.05
2319	| 27.75	| 27.86	| 0.11
2320	| 24.27	| 23.98	| 0.29
2321	| 29.93	| 30.12	| 0.20
2322	| 53.92	| 54.13	| 0.20
2323	| 7.91	| 7.97	| 0.06
2324	| 47.60	| 47.84	| 0.24
2325	| 39.16	| 39.42	| 0.26
2326	| 48.30	| 48.16	| 0.15
2327	| 44.28	| 44.03	| 0.25
2328	| 58.75	| 58.71	| 0.03
2329	| 39.84	| 39.73	| 0.11
2330	| 26.27	| 26.12	| 0.16
2331	| 29.38	| 29.75	| 0.37
2332	| 50.42	| 50.41	| 0.02
2333	| 40.05	| 40.06	| 0.01
2334	| 30.26	| 30.65	| 0.40
2335	| 15.42	| 15.84	| 0.42
2336	| 5.39	| 5.45	| 0.06
2337	| 26.10	| 25.95	| 0.15
2338	| 40.12	| 39.92	| 0.20
2339	| 58.36	| 58.31	| 0.05
2340	| 49.26	| 49.26	| 0.00
2341	| 51.68	| 51.52	| 0.15
2342	| 53.20	| 53.33	| 0.13
2343	| 41.48	| 41.23	| 0.25
2344	| 1.58	| 1.57	| 0.01
2345	| 3.67	| 3.61	| 0.06
2346	| 27.34	| 27.71	| 0.37
2347	| 14.25	| 14.23	| 0.02
2348	| 18.80	| 19.01	| 0.21
2349	| 49.84	| 50.06	| 0.23
2350	| 50.70	| 50.36	| 0.34
2351	| 5.78	| 5.66	| 0.11
2352	| 42.24	| 42.09	| 0.15
2353	| 25.51	| 25.76	| 0.25
2354	| 7.13	| 6.93	| 0.20
2355	| 54.59	| 54.58	| 0.00
2356	| 37.06	| 37.26	| 0.21
2357	| 11.38	| 11.46	| 0.08
2358	| 26.41	| 26.15	| 0.27
2359	| 52.22	| 52.52	| 0.30
2360	| 37.10	| 37.10	| 0.00
2361	| 51.04	| 50.88	| 0.16
2362	| 37.65	| 38.19	| 0.54
2363	| 49.50	| 49.14	| 0.36
2364	| 56.59	| 56.42	| 0.16
2365	| 19.78	| 19.76	| 0.02
2366	| 4.31	| 4.56	| 0.25
2367	| 42.89	| 42.82	| 0.07
2368	| 57.53	| 57.77	| 0.24
2369	| 0.13	| 0.14	| 0.01
2370	| 42.51	| 42.20	| 0.32
2371	| 31.22	| 31.39	| 0.17
2372	| 35.96	| 36.13	| 0.17
2373	| 52.89	| 53.17	| 0.28
2374	| 53.56	| 53.38	| 0.18
2375	| 5.08	| 4.93	| 0.15
2376	| 53.69	| 54.06	| 0.37
2377	| 36.75	| 36.60	| 0.15
2378	| 11.41	| 11.47	| 0.05
2379	| 16.71	| 16.81	| 0.10
2380	| 14.72	| 14.77	| 0.05
2381	| 9.79	| 9.81	| 0.03
2382	| 27.85	| 28.41	| 0.56
2383	| 58.65	| 58.59	| 0.06
2384	| 18.05	| 17.79	| 0.26
2385	| 5.29	| 5.27	| 0.03
2386	| 39.76	| 39.76	| 0.00
2387	| 34.61	| 34.53	| 0.08
2388	| 1.65	| 1.64	| 0.02
2389	| 34.21	| 34.08	| 0.13
2390	| 5.91	| 5.99	| 0.07
2391	| 29.68	| 29.51	| 0.17
2392	| 42.18	| 42.09	| 0.08
2393	| 21.52	| 21.74	| 0.22
2394	| 1.75	| 1.72	| 0.03
2395	| 6.97	| 6.92	| 0.04
2396	| 22.08	| 21.86	| 0.22
2397	| 58.01	| 57.65	| 0.35
2398	| 39.14	| 39.38	| 0.24
2399	| 4.09	| 4.10	| 0.02
2400	| 12.41	| 12.41	| 0.00
2401	| 40.68	| 40.81	| 0.14
2402	| 55.71	| 55.96	| 0.25
2403	| 9.23	| 9.34	| 0.10
2404	| 37.57	| 37.37	| 0.21
2405	| 36.05	| 36.49	| 0.44
2406	| 33.66	| 33.70	| 0.03
2407	| 18.82	| 19.00	| 0.18
2408	| 48.89	| 49.12	| 0.23
2409	| 55.23	| 54.94	| 0.29
2410	| 51.24	| 51.39	| 0.14
2411	| 35.30	| 35.44	| 0.14
2412	| 15.31	| 15.25	| 0.06
2413	| 57.20	| 57.27	| 0.07
2414	| 45.83	| 45.84	| 0.01
2415	| 39.50	| 39.34	| 0.15
2416	| 2.85	| 2.69	| 0.16
2417	| 49.05	| 49.11	| 0.06
2418	| 4.66	| 4.57	| 0.09
2419	| 53.85	| 53.76	| 0.08
2420	| 45.83	| 46.00	| 0.17
2421	| 48.37	| 48.22	| 0.15
2422	| 38.96	| 38.93	| 0.03
2423	| 54.11	| 53.95	| 0.16
2424	| 6.45	| 6.40	| 0.05
2425	| 10.89	| 10.85	| 0.04
2426	| 10.17	| 10.31	| 0.14
2427	| 3.06	| 3.26	| 0.21
2428	| 12.36	| 12.35	| 0.00
2429	| 44.13	| 43.96	| 0.17
2430	| 50.55	| 50.38	| 0.17
2431	| 28.48	| 28.50	| 0.02
2432	| 51.71	| 51.57	| 0.14
2433	| 54.46	| 54.31	| 0.14
2434	| 43.09	| 43.12	| 0.04
2435	| 46.14	| 45.73	| 0.41
2436	| 11.84	| 11.95	| 0.11
2437	| 53.74	| 53.82	| 0.08
2438	| 1.01	| 1.02	| 0.01
2439	| 41.49	| 41.67	| 0.18
2440	| 10.52	| 10.62	| 0.11
2441	| 1.70	| 1.59	| 0.11
2442	| 14.54	| 14.71	| 0.17
2443	| 51.40	| 51.41	| 0.02
2444	| 11.46	| 11.52	| 0.06
2445	| 48.76	| 48.79	| 0.03
2446	| 32.32	| 32.12	| 0.19
2447	| 36.10	| 35.99	| 0.11
2448	| 27.73	| 27.71	| 0.01
2449	| 30.55	| 30.41	| 0.14
2450	| 24.80	| 24.75	| 0.06
2451	| 17.42	| 17.44	| 0.03
2452	| 5.32	| 5.31	| 0.01
2453	| 43.68	| 43.64	| 0.04
2454	| 14.04	| 14.15	| 0.10
2455	| 22.03	| 22.15	| 0.12
2456	| 20.22	| 20.33	| 0.11
2457	| 39.84	| 39.75	| 0.09
2458	| 0.43	| 0.41	| 0.02
2459	| 32.03	| 32.31	| 0.27
2460	| 50.87	| 50.79	| 0.08
2461	| 32.17	| 32.02	| 0.14
2462	| 46.61	| 46.67	| 0.06
2463	| 4.53	| 4.60	| 0.08
2464	| 32.87	| 33.03	| 0.16
2465	| 22.57	| 22.65	| 0.08
2466	| 56.06	| 56.01	| 0.05
2467	| 43.23	| 43.09	| 0.14
2468	| 42.27	| 42.16	| 0.11
2469	| 18.99	| 19.34	| 0.35
2470	| 6.02	| 6.13	| 0.12
2471	| 42.38	| 42.29	| 0.09
2472	| 35.75	| 35.62	| 0.13
2473	| 7.45	| 7.46	| 0.01
2474	| 43.12	| 42.77	| 0.35
2475	| 40.86	| 41.22	| 0.36
2476	| 27.94	| 27.45	| 0.48
2477	| 54.41	| 54.13	| 0.28
2478	| 14.92	| 15.09	| 0.17
2479	| 1.70	| 1.61	| 0.09
2480	| 40.03	| 39.73	| 0.30
2481	| 53.77	| 53.79	| 0.02
2482	| 11.51	| 11.73	| 0.22
2483	| 58.12	| 58.17	| 0.05
2484	| 40.15	| 40.02	| 0.12
2485	| 0.12	| 0.11	| 0.02
2486	| 53.03	| 53.19	| 0.16
2487	| 39.56	| 39.77	| 0.21
2488	| 56.56	| 56.74	| 0.18
2489	| 38.74	| 38.49	| 0.24
2490	| 28.38	| 28.46	| 0.08
2491	| 39.79	| 39.89	| 0.09
2492	| 34.90	| 34.77	| 0.13
2493	| 56.43	| 56.25	| 0.18
2494	| 47.79	| 47.50	| 0.29
2495	| 57.43	| 57.47	| 0.04
2496	| 9.59	| 9.69	| 0.10
2497	| 39.35	| 39.01	| 0.34
2498	| 4.29	| 4.18	| 0.10
2499	| 46.66	| 46.62	| 0.04
2500	| 38.69	| 38.89	| 0.20
2501	| 15.89	| 16.05	| 0.16
2502	| 19.96	| 19.93	| 0.04
2503	| 33.18	| 32.77	| 0.40
2504	| 13.02	| 13.03	| 0.01
2505	| 6.24	| 6.31	| 0.07
2506	| 41.95	| 41.77	| 0.18
2507	| 10.89	| 10.88	| 0.00
2508	| 8.10	| 8.04	| 0.06
2509	| 34.24	| 34.34	| 0.09
2510	| 54.56	| 54.41	| 0.15
2511	| 51.54	| 51.14	| 0.40
2512	| 49.96	| 50.14	| 0.18
2513	| 58.21	| 57.86	| 0.35
2514	| 55.95	| 55.86	| 0.09
2515	| 37.80	| 38.16	| 0.36
2516	| 24.59	| 24.62	| 0.03
2517	| 56.24	| 55.83	| 0.41
2518	| 30.20	| 30.34	| 0.14
2519	| 15.25	| 15.17	| 0.08
2520	| 17.48	| 17.66	| 0.18
2521	| 11.68	| 11.83	| 0.15
2522	| 3.76	| 3.63	| 0.12
2523	| 56.69	| 56.92	| 0.24
2524	| 5.87	| 5.91	| 0.04
2525	| 38.41	| 38.50	| 0.08
2526	| 4.54	| 4.55	| 0.02
2527	| 35.64	| 35.85	| 0.21
2528	| 52.24	| 52.62	| 0.38
2529	| 57.06	| 57.06	| 0.01
2530	| 23.74	| 24.00	| 0.26
2531	| 57.75	| 57.65	| 0.10
2532	| 41.40	| 41.19	| 0.21
2533	| 43.02	| 43.15	| 0.13
2534	| 49.01	| 49.23	| 0.22
2535	| 37.82	| 37.70	| 0.12
2536	| 46.62	| 46.91	| 0.29
2537	| 54.18	| 53.96	| 0.22
2538	| 27.49	| 27.42	| 0.07
2539	| 41.10	| 41.33	| 0.23
2540	| 31.92	| 31.96	| 0.04
2541	| 52.93	| 53.38	| 0.45
2542	| 40.67	| 40.86	| 0.19
2543	| 31.38	| 31.42	| 0.04
2544	| 39.29	| 39.32	| 0.03
2545	| 1.25	| 1.34	| 0.09
2546	| 58.48	| 58.91	| 0.44
2547	| 44.79	| 44.42	| 0.36
2548	| 55.84	| 55.51	| 0.33
2549	| 21.71	| 22.04	| 0.32
2550	| 41.02	| 41.05	| 0.02
2551	| 7.92	| 7.59	| 0.33
2552	| 38.15	| 38.42	| 0.27
2553	| 1.11	| 1.11	| 0.00
2554	| 45.77	| 45.29	| 0.48
2555	| 49.48	| 49.73	| 0.25
2556	| 38.72	| 38.75	| 0.03
2557	| 18.87	| 18.54	| 0.33
2558	| 29.68	| 29.78	| 0.10
2559	| 32.70	| 32.86	| 0.16
2560	| 46.16	| 45.98	| 0.18
2561	| 38.66	| 38.15	| 0.51
2562	| 29.92	| 29.98	| 0.07
2563	| 38.35	| 38.52	| 0.18
2564	| 3.98	| 3.81	| 0.18
2565	| 27.11	| 27.27	| 0.16
2566	| 20.02	| 19.95	| 0.07
2567	| 32.65	| 32.85	| 0.20
2568	| 53.57	| 53.84	| 0.27
2569	| 22.63	| 22.80	| 0.17
2570	| 37.44	| 37.22	| 0.22
2571	| 21.22	| 21.21	| 0.01
2572	| 2.07	| 2.03	| 0.04
2573	| 37.20	| 37.09	| 0.12
2574	| 26.04	| 25.91	| 0.13
2575	| 44.02	| 44.17	| 0.15
2576	| 15.81	| 16.00	| 0.19
2577	| 7.92	| 8.11	| 0.19
2578	| 17.11	| 17.15	| 0.04
2579	| 40.95	| 41.22	| 0.27
2580	| 11.24	| 11.50	| 0.26
2581	| 56.85	| 56.86	| 0.01
2582	| 29.23	| 29.54	| 0.30
2583	| 18.10	| 18.14	| 0.04
2584	| 31.24	| 31.03	| 0.21
2585	| 44.64	| 44.86	| 0.22
2586	| 55.26	| 55.36	| 0.10
2587	| 29.74	| 29.72	| 0.02
2588	| 43.82	| 44.01	| 0.20
2589	| 32.40	| 32.47	| 0.07
2590	| 43.79	| 43.85	| 0.06
2591	| 54.60	| 54.57	| 0.03
2592	| 47.20	| 47.27	| 0.07
2593	| 41.87	| 41.48	| 0.39
2594	| 35.98	| 35.58	| 0.41
2595	| 31.19	| 31.01	| 0.18
2596	| 54.17	| 53.91	| 0.26
2597	| 44.05	| 44.09	| 0.04
2598	| 35.05	| 34.76	| 0.29
2599	| 4.78	| 4.78	| 0.01
2600	| 58.89	| 58.99	| 0.09
2601	| 48.28	| 48.43	| 0.14
2602	| 29.94	| 29.99	| 0.05
2603	| 48.20	| 48.08	| 0.12
2604	| 50.57	| 50.58	| 0.00
2605	| 48.92	| 48.91	| 0.01
2606	| 41.40	| 41.09	| 0.31
2607	| 46.74	| 47.02	| 0.28
2608	| 21.98	| 22.01	| 0.03
2609	| 41.27	| 40.88	| 0.39
2610	| 52.70	| 52.84	| 0.13
2611	| 38.78	| 38.35	| 0.44
2612	| 41.08	| 41.12	| 0.04
2613	| 48.27	| 48.11	| 0.16
2614	| 3.20	| 3.28	| 0.08
2615	| 52.72	| 53.10	| 0.38
2616	| 45.26	| 45.43	| 0.17
2617	| 33.83	| 33.81	| 0.02
2618	| 25.13	| 25.37	| 0.24
2619	| 8.08	| 8.04	| 0.05
2620	| 3.38	| 3.52	| 0.15
2621	| 33.75	| 33.94	| 0.19
2622	| 41.87	| 41.83	| 0.04
2623	| 21.35	| 21.49	| 0.15
2624	| 27.34	| 27.35	| 0.01
2625	| 5.43	| 5.39	| 0.04
2626	| 18.94	| 19.02	| 0.08
2627	| 15.52	| 15.53	| 0.01
2628	| 0.76	| 0.77	| 0.00
2629	| 15.20	| 15.02	| 0.18
2630	| 41.35	| 41.48	| 0.13
2631	| 11.96	| 11.85	| 0.11
2632	| 4.44	| 4.41	| 0.03
2633	| 19.45	| 19.47	| 0.02
2634	| 16.73	| 16.57	| 0.15
2635	| 22.07	| 22.07	| 0.00
2636	| 39.98	| 39.79	| 0.20
2637	| 48.45	| 48.53	| 0.08
2638	| 34.00	| 34.19	| 0.19
2639	| 45.84	| 45.63	| 0.20
2640	| 1.45	| 1.47	| 0.02
2641	| 17.14	| 17.20	| 0.06
2642	| 58.00	| 57.96	| 0.04
2643	| 52.63	| 52.40	| 0.23
2644	| 40.32	| 40.51	| 0.19
2645	| 23.04	| 23.07	| 0.04
2646	| 34.44	| 34.02	| 0.43
2647	| 29.60	| 29.55	| 0.05
2648	| 10.25	| 10.55	| 0.30
2649	| 36.20	| 35.89	| 0.31
2650	| 24.06	| 24.16	| 0.09
2651	| 5.75	| 5.64	| 0.11
2652	| 27.89	| 27.95	| 0.07
2653	| 39.90	| 40.07	| 0.18
2654	| 43.20	| 43.28	| 0.07
2655	| 22.60	| 22.81	| 0.21
2656	| 14.17	| 14.08	| 0.09
2657	| 57.62	| 57.48	| 0.14
2658	| 36.97	| 36.91	| 0.06
2659	| 8.31	| 8.36	| 0.04
2660	| 8.20	| 8.23	| 0.03
2661	| 21.57	| 21.36	| 0.21
2662	| 53.69	| 53.67	| 0.02
2663	| 49.03	| 49.19	| 0.15
2664	| 30.46	| 30.45	| 0.01
2665	| 37.84	| 38.04	| 0.20
2666	| 54.56	| 54.40	| 0.16
2667	| 31.72	| 31.52	| 0.20
2668	| 20.58	| 20.70	| 0.12
2669	| 46.23	| 46.14	| 0.09
2670	| 25.57	| 25.61	| 0.04
2671	| 23.57	| 23.61	| 0.03
2672	| 28.51	| 28.02	| 0.49
2673	| 53.64	| 53.72	| 0.07
2674	| 42.92	| 43.24	| 0.32
2675	| 43.03	| 43.08	| 0.05
2676	| 23.79	| 23.66	| 0.13
2677	| 43.94	| 44.30	| 0.36
2678	| 44.76	| 44.30	| 0.46
2679	| 20.18	| 20.57	| 0.39
2680	| 30.15	| 30.05	| 0.10
2681	| 9.90	| 9.94	| 0.04
2682	| 17.76	| 17.95	| 0.19
2683	| 47.66	| 47.13	| 0.52
2684	| 40.08	| 40.07	| 0.00
2685	| 58.86	| 58.40	| 0.46
2686	| 11.67	| 11.62	| 0.05
2687	| 43.96	| 43.45	| 0.51
2688	| 36.41	| 36.23	| 0.18
2689	| 54.74	| 54.93	| 0.19
2690	| 26.26	| 26.33	| 0.08
2691	| 17.08	| 17.03	| 0.05
2692	| 28.88	| 29.07	| 0.20
2693	| 43.12	| 43.13	| 0.01
2694	| 24.43	| 24.27	| 0.15
2695	| 57.27	| 57.44	| 0.18
2696	| 30.49	| 30.42	| 0.07
2697	| 25.12	| 25.11	| 0.02
2698	| 6.50	| 6.60	| 0.10
2699	| 53.19	| 53.08	| 0.10
2700	| 0.78	| 0.83	| 0.05
2701	| 50.97	| 50.98	| 0.02
2702	| 36.63	| 36.70	| 0.07
2703	| 34.87	| 34.94	| 0.07
2704	| 29.12	| 29.06	| 0.06
2705	| 17.56	| 17.28	| 0.28
2706	| 4.05	| 4.15	| 0.11
2707	| 55.82	| 56.08	| 0.26
2708	| 6.42	| 6.27	| 0.15
2709	| 5.02	| 4.94	| 0.08
2710	| 39.00	| 39.04	| 0.03
2711	| 10.18	| 10.18	| 0.00
2712	| 21.78	| 21.73	| 0.05
2713	| 14.33	| 14.31	| 0.02
2714	| 9.84	| 9.93	| 0.09
2715	| 38.37	| 38.66	| 0.30
2716	| 52.49	| 52.82	| 0.32
2717	| 7.83	| 7.78	| 0.05
2718	| 36.55	| 36.68	| 0.12
2719	| 44.80	| 44.86	| 0.06
2720	| 42.79	| 42.68	| 0.11
2721	| 11.63	| 11.59	| 0.05
2722	| 55.42	| 55.50	| 0.08
2723	| 34.18	| 34.41	| 0.23
2724	| 21.49	| 21.54	| 0.05
2725	| 1.46	| 1.49	| 0.02
2726	| 33.37	| 33.16	| 0.21
2727	| 1.97	| 1.96	| 0.01
2728	| 30.47	| 30.55	| 0.07
2729	| 9.90	| 9.96	| 0.06
2730	| 47.26	| 47.34	| 0.08
2731	| 36.49	| 36.58	| 0.08
2732	| 54.50	| 54.62	| 0.11
2733	| 11.97	| 11.94	| 0.03
2734	| 36.67	| 36.43	| 0.24
2735	| 58.29	| 58.29	| 0.00
2736	| 48.39	| 48.35	| 0.04
2737	| 38.78	| 39.27	| 0.49
2738	| 39.77	| 39.60	| 0.17
2739	| 45.10	| 45.02	| 0.08
2740	| 30.63	| 30.59	| 0.04
2741	| 8.95	| 8.83	| 0.12
2742	| 52.98	| 52.90	| 0.08
2743	| 43.01	| 42.81	| 0.20
2744	| 38.48	| 38.50	| 0.01
2745	| 55.26	| 55.44	| 0.18
2746	| 29.02	| 29.14	| 0.12
2747	| 17.71	| 17.61	| 0.10
2748	| 27.59	| 27.45	| 0.14
2749	| 40.57	| 40.58	| 0.01
2750	| 6.34	| 6.42	| 0.08
2751	| 32.64	| 32.99	| 0.34
2752	| 46.01	| 46.11	| 0.10
2753	| 17.61	| 17.57	| 0.04
2754	| 48.38	| 48.70	| 0.32
2755	| 41.42	| 41.21	| 0.21
2756	| 57.88	| 57.81	| 0.07
2757	| 34.83	| 34.74	| 0.09
2758	| 40.44	| 40.55	| 0.11
2759	| 25.73	| 25.66	| 0.08
2760	| 37.44	| 37.57	| 0.14
2761	| 50.32	| 50.85	| 0.53
2762	| 1.64	| 1.45	| 0.19
2763	| 48.84	| 49.17	| 0.32
2764	| 46.38	| 46.48	| 0.09
2765	| 57.32	| 56.89	| 0.43
2766	| 11.07	| 10.93	| 0.13
2767	| 37.30	| 37.36	| 0.07
2768	| 51.72	| 51.41	| 0.31
2769	| 52.03	| 51.91	| 0.12
2770	| 52.57	| 52.84	| 0.27
2771	| 17.40	| 17.13	| 0.28
2772	| 49.71	| 49.67	| 0.04
2773	| 9.22	| 9.38	| 0.16
2774	| 40.02	| 40.57	| 0.55
2775	| 41.24	| 41.06	| 0.18
2776	| 30.40	| 30.41	| 0.02
2777	| 31.16	| 31.14	| 0.02
2778	| 55.84	| 55.77	| 0.06
2779	| 1.32	| 1.34	| 0.01
2780	| 33.36	| 33.44	| 0.09
2781	| 39.80	| 39.79	| 0.01
2782	| 5.29	| 5.45	| 0.16
2783	| 54.43	| 53.92	| 0.50
2784	| 56.59	| 56.97	| 0.39
2785	| 26.73	| 26.72	| 0.01
2786	| 43.40	| 43.75	| 0.35
2787	| 3.40	| 3.38	| 0.02
2788	| 57.43	| 57.72	| 0.29
2789	| 16.05	| 15.87	| 0.18
2790	| 13.14	| 13.08	| 0.06
2791	| 5.61	| 5.71	| 0.11
2792	| 54.50	| 53.85	| 0.65
2793	| 14.75	| 14.88	| 0.13
2794	| 42.94	| 42.62	| 0.32
2795	| 41.64	| 41.36	| 0.28
2796	| 48.20	| 48.08	| 0.12
2797	| 3.81	| 3.77	| 0.04
2798	| 56.66	| 56.77	| 0.10
2799	| 52.65	| 52.81	| 0.16
2800	| 25.73	| 25.85	| 0.12
2801	| 25.49	| 25.24	| 0.25
2802	| 46.07	| 46.13	| 0.06
2803	| 22.59	| 22.59	| 0.00
2804	| 33.54	| 33.75	| 0.21
2805	| 16.01	| 15.64	| 0.36
2806	| 47.24	| 47.03	| 0.21
2807	| 51.21	| 51.30	| 0.09
2808	| 58.02	| 57.97	| 0.05
2809	| 57.16	| 57.55	| 0.39
2810	| 21.38	| 21.39	| 0.01
2811	| 49.94	| 49.49	| 0.45
2812	| 34.06	| 34.13	| 0.07
2813	| 27.46	| 27.52	| 0.05
2814	| 54.42	| 54.35	| 0.07
2815	| 41.48	| 41.05	| 0.42
2816	| 53.98	| 53.61	| 0.37
2817	| 10.06	| 10.13	| 0.06
2818	| 37.23	| 37.33	| 0.11
2819	| 43.32	| 43.40	| 0.08
2820	| 39.72	| 39.67	| 0.05
2821	| 29.18	| 29.06	| 0.11
2822	| 2.38	| 2.42	| 0.04
2823	| 29.31	| 29.09	| 0.22
2824	| 16.46	| 16.45	| 0.01
2825	| 11.90	| 11.86	| 0.04
2826	| 50.49	| 50.75	| 0.26
2827	| 16.71	| 17.00	| 0.29
2828	| 34.72	| 34.77	| 0.04
2829	| 55.85	| 55.97	| 0.12
2830	| 51.43	| 51.39	| 0.04
2831	| 2.68	| 2.67	| 0.01
2832	| 43.64	| 43.43	| 0.20
2833	| 39.50	| 39.20	| 0.30
2834	| 24.18	| 24.09	| 0.10
2835	| 15.92	| 15.71	| 0.21
2836	| 15.51	| 15.25	| 0.26
2837	| 16.26	| 16.02	| 0.23
2838	| 43.59	| 43.80	| 0.22
2839	| 38.64	| 38.31	| 0.32
2840	| 31.14	| 30.93	| 0.21
2841	| 25.76	| 25.85	| 0.09
2842	| 20.37	| 20.32	| 0.04
2843	| 37.05	| 37.29	| 0.24
2844	| 35.17	| 35.20	| 0.03
2845	| 3.06	| 3.14	| 0.08
2846	| 51.68	| 52.03	| 0.35
2847	| 16.05	| 16.22	| 0.17
2848	| 52.45	| 51.98	| 0.47
2849	| 38.45	| 38.25	| 0.20
2850	| 24.41	| 24.96	| 0.55
2851	| 56.13	| 56.12	| 0.01
2852	| 22.25	| 22.67	| 0.42
2853	| 45.14	| 44.96	| 0.18
2854	| 5.74	| 5.92	| 0.19
2855	| 1.90	| 1.93	| 0.03
2856	| 0.44	| 0.40	| 0.04
2857	| 56.59	| 56.14	| 0.46
2858	| 26.55	| 26.72	| 0.16
2859	| 34.69	| 34.57	| 0.12
2860	| 47.67	| 47.49	| 0.18
2861	| 40.80	| 40.92	| 0.12
2862	| 48.33	| 48.38	| 0.05
2863	| 18.09	| 18.22	| 0.13
2864	| 42.48	| 42.38	| 0.10
2865	| 33.07	| 32.98	| 0.10
2866	| 23.94	| 24.01	| 0.07
2867	| 45.35	| 44.87	| 0.48
2868	| 50.40	| 50.41	| 0.01
2869	| 33.23	| 33.05	| 0.18
2870	| 56.87	| 56.82	| 0.05
2871	| 1.75	| 1.68	| 0.07
2872	| 44.40	| 44.10	| 0.30
2873	| 53.53	| 53.52	| 0.00
2874	| 28.67	| 28.67	| 0.00
2875	| 35.30	| 35.70	| 0.40
2876	| 48.55	| 48.61	| 0.07
2877	| 37.49	| 37.18	| 0.32
2878	| 44.95	| 45.01	| 0.06
2879	| 26.12	| 26.09	| 0.03
2880	| 27.23	| 27.02	| 0.21
2881	| 53.09	| 52.78	| 0.30
2882	| 16.47	| 16.61	| 0.14
2883	| 19.60	| 19.58	| 0.02
2884	| 41.40	| 41.35	| 0.05
2885	| 32.05	| 31.86	| 0.19
2886	| 56.81	| 56.98	| 0.17
2887	| 27.12	| 27.22	| 0.10
2888	| 32.29	| 32.07	| 0.22
2889	| 53.38	| 53.52	| 0.15
2890	| 23.99	| 23.93	| 0.06
2891	| 14.26	| 14.54	| 0.29
2892	| 25.43	| 25.45	| 0.02
2893	| 49.29	| 49.78	| 0.49
2894	| 41.05	| 40.92	| 0.13
2895	| 25.52	| 25.37	| 0.15
2896	| 25.97	| 25.72	| 0.25
2897	| 33.83	| 33.60	| 0.23
2898	| 47.03	| 46.89	| 0.14
2899	| 46.09	| 46.27	| 0.18
2900	| 14.21	| 14.11	| 0.11
2901	| 45.90	| 45.60	| 0.30
2902	| 32.96	| 32.92	| 0.05
2903	| 55.05	| 55.24	| 0.20
2904	| 8.68	| 8.55	| 0.13
2905	| 23.00	| 23.26	| 0.25
2906	| 18.90	| 18.79	| 0.10
2907	| 39.53	| 39.81	| 0.28
2908	| 23.27	| 23.27	| 0.01
2909	| 27.66	| 27.73	| 0.07
2910	| 44.19	| 44.09	| 0.09
2911	| 45.24	| 44.89	| 0.35
2912	| 5.32	| 5.45	| 0.13
2913	| 41.26	| 40.95	| 0.31
2914	| 16.88	| 16.78	| 0.10
2915	| 54.85	| 54.83	| 0.02
2916	| 25.68	| 25.44	| 0.24
2917	| 26.38	| 26.40	| 0.02
2918	| 12.63	| 12.36	| 0.27
2919	| 22.92	| 22.89	| 0.03
2920	| 2.31	| 2.44	| 0.13
2921	| 28.85	| 28.59	| 0.26
2922	| 26.93	| 26.97	| 0.03
2923	| 38.05	| 37.99	| 0.06
2924	| 13.57	| 13.52	| 0.05
2925	| 31.62	| 31.64	| 0.01
2926	| 54.76	| 54.80	| 0.04
2927	| 11.66	| 11.70	| 0.04
2928	| 56.83	| 56.93	| 0.10
2929	| 34.64	| 34.61	| 0.03
2930	| 21.58	| 21.87	| 0.29
2931	| 58.06	| 58.03	| 0.04
2932	| 52.02	| 52.23	| 0.21
2933	| 53.47	| 53.43	| 0.04
2934	| 46.85	| 46.89	| 0.04
2935	| 13.86	| 13.70	| 0.15
2936	| 34.05	| 34.18	| 0.13
2937	| 42.87	| 42.91	| 0.04
2938	| 53.99	| 54.41	| 0.42
2939	| 37.84	| 37.95	| 0.10
2940	| 7.56	| 7.42	| 0.14
2941	| 51.81	| 51.82	| 0.01
2942	| 50.72	| 50.23	| 0.49
2943	| 37.37	| 37.41	| 0.04
2944	| 22.88	| 23.04	| 0.16
2945	| 54.75	| 55.16	| 0.41
2946	| 31.89	| 32.03	| 0.14
2947	| 51.42	| 51.41	| 0.01
2948	| 17.81	| 17.77	| 0.04
2949	| 36.48	| 36.68	| 0.21
2950	| 25.98	| 25.83	| 0.15
2951	| 10.88	| 10.97	| 0.09
2952	| 17.85	| 17.75	| 0.10
2953	| 10.55	| 10.57	| 0.02
2954	| 34.32	| 34.23	| 0.09
2955	| 26.22	| 26.36	| 0.14
2956	| 40.34	| 40.29	| 0.06
2957	| 33.17	| 33.24	| 0.07
2958	| 53.51	| 53.12	| 0.39
2959	| 39.14	| 38.86	| 0.28
2960	| 24.17	| 23.97	| 0.19
2961	| 42.35	| 42.58	| 0.23
2962	| 54.32	| 54.43	| 0.12
2963	| 25.24	| 25.21	| 0.03
2964	| 53.42	| 53.55	| 0.12
2965	| 44.29	| 44.52	| 0.23
2966	| 7.43	| 7.36	| 0.08
2967	| 14.41	| 14.50	| 0.10
2968	| 46.48	| 46.71	| 0.23
2969	| 43.35	| 43.50	| 0.15
2970	| 46.96	| 46.80	| 0.16
2971	| 55.75	| 56.03	| 0.28
2972	| 55.77	| 55.61	| 0.17
2973	| 51.17	| 51.27	| 0.10
2974	| 16.06	| 15.98	| 0.09
2975	| 14.87	| 14.90	| 0.04
2976	| 45.40	| 45.63	| 0.22
2977	| 1.33	| 1.37	| 0.04
2978	| 52.55	| 52.47	| 0.08
2979	| 33.35	| 33.09	| 0.26
2980	| 35.22	| 35.79	| 0.57
2981	| 49.61	| 49.59	| 0.03
2982	| 47.83	| 47.98	| 0.16
2983	| 16.73	| 17.00	| 0.27
2984	| 36.80	| 36.75	| 0.05
2985	| 58.18	| 58.18	| 0.00
2986	| 57.06	| 56.90	| 0.16
2987	| 45.45	| 45.33	| 0.11
2988	| 56.37	| 56.40	| 0.04
2989	| 46.29	| 46.46	| 0.17
2990	| 22.71	| 22.78	| 0.07
2991	| 57.87	| 57.64	| 0.23
2992	| 50.80	| 50.46	| 0.34
2993	| 45.53	| 45.65	| 0.12
2994	| 31.08	| 30.95	| 0.13
2995	| 19.21	| 19.04	| 0.17
2996	| 40.37	| 40.39	| 0.03
2997	| 32.72	| 32.70	| 0.02
2998	| 49.14	| 49.08	| 0.06
2999	| 41.02	| 40.98	| 0.05
