Weighted Random Sampling Comparison on 100000 Trials
---------------------------------------------
Difference is bigger than 1% p in the following indices: []
Elapsed time: Fast: 11.218044959s, Fenwick: 374.291667ms

---------------------------------------------
Probability(%) of each element being selected:
Element	| Fast	| Fenw	| Diff(Max-Min)
---------------------------------------------
0	| 1.04	| 1.07	| 0.03
1	| 0.12	| 0.11	| 0.01
2	| 1.82	| 1.87	| 0.05
3	| 1.79	| 1.70	| 0.08
4	| 0.85	| 0.83	| 0.02
5	| 0.28	| 0.28	| 0.01
6	| 0.23	| 0.24	| 0.00
7	| 1.80	| 1.77	| 0.03
8	| 0.46	| 0.43	| 0.03
9	| 0.33	| 0.33	| 0.00
10	| 0.88	| 0.83	| 0.05
11	| 1.40	| 1.40	| 0.00
12	| 0.66	| 0.65	| 0.01
13	| 1.31	| 1.31	| 0.00
14	| 1.45	| 1.47	| 0.02
15	| 0.18	| 0.17	| 0.01
16	| 1.60	| 1.55	| 0.05
17	| 0.65	| 0.61	| 0.04
18	| 0.09	| 0.09	| 0.00
19	| 1.41	| 1.42	| 0.02
20	| 1.33	| 1.32	| 0.00
21	| 0.31	| 0.30	| 0.01
22	| 2.01	| 1.96	| 0.05
23	| 0.33	| 0.35	| 0.03
24	| 0.06	| 0.06	| 0.00
25	| 0.71	| 0.66	| 0.05
26	| 0.00	| 0.00	| 0.00
27	| 0.43	| 0.43	| 0.00
28	| 1.31	| 1.35	| 0.04
29	| 0.70	| 0.70	| 0.00
30	| 0.01	| 0.02	| 0.01
31	| 0.43	| 0.49	| 0.06
32	| 1.05	| 1.06	| 0.01
33	| 0.61	| 0.59	| 0.02
34	| 1.68	| 1.81	| 0.13
35	| 0.18	| 0.18	| 0.00
36	| 1.31	| 1.28	| 0.03
37	| 1.59	| 1.70	| 0.11
38	| 1.03	| 1.07	| 0.03
39	| 1.33	| 1.36	| 0.03
40	| 0.26	| 0.26	| 0.00
41	| 0.61	| 0.58	| 0.03
42	| 0.78	| 0.76	| 0.02
43	| 1.50	| 1.58	| 0.07
44	| 1.81	| 1.88	| 0.07
45	| 0.00	| 0.00	| 0.00
46	| 1.59	| 1.47	| 0.12
47	| 1.49	| 1.42	| 0.08
48	| 1.34	| 1.34	| 0.00
49	| 1.92	| 1.85	| 0.06
50	| 1.05	| 1.00	| 0.05
51	| 0.89	| 0.87	| 0.02
52	| 1.18	| 1.21	| 0.03
53	| 0.95	| 0.95	| 0.01
54	| 1.19	| 1.21	| 0.01
55	| 1.20	| 1.20	| 0.00
56	| 1.10	| 1.04	| 0.05
57	| 0.31	| 0.35	| 0.04
58	| 0.74	| 0.70	| 0.04
59	| 1.93	| 1.87	| 0.06
60	| 1.42	| 1.34	| 0.08
61	| 1.97	| 2.04	| 0.07
62	| 1.57	| 1.64	| 0.07
63	| 1.93	| 1.93	| 0.01
64	| 1.35	| 1.45	| 0.10
65	| 1.49	| 1.47	| 0.02
66	| 1.34	| 1.38	| 0.04
67	| 0.52	| 0.52	| 0.01
68	| 0.68	| 0.74	| 0.06
69	| 0.51	| 0.54	| 0.04
70	| 0.73	| 0.74	| 0.02
71	| 1.21	| 1.27	| 0.06
72	| 0.16	| 0.15	| 0.01
73	| 1.30	| 1.34	| 0.04
74	| 1.16	| 1.20	| 0.04
75	| 1.48	| 1.47	| 0.01
76	| 1.40	| 1.38	| 0.02
77	| 1.03	| 0.99	| 0.05
78	| 1.29	| 1.33	| 0.04
79	| 1.00	| 0.91	| 0.09
80	| 0.22	| 0.24	| 0.02
81	| 0.69	| 0.75	| 0.06
82	| 1.84	| 1.75	| 0.09
83	| 1.41	| 1.45	| 0.04
84	| 0.42	| 0.42	| 0.00
85	| 0.91	| 0.86	| 0.05
86	| 0.12	| 0.10	| 0.01
87	| 0.39	| 0.39	| 0.01
88	| 0.50	| 0.47	| 0.03
89	| 0.01	| 0.01	| 0.00
90	| 1.80	| 1.80	| 0.01
91	| 1.32	| 1.35	| 0.02
92	| 0.62	| 0.61	| 0.01
93	| 1.66	| 1.60	| 0.05
94	| 1.69	| 1.70	| 0.01
95	| 0.47	| 0.47	| 0.00
96	| 1.18	| 1.23	| 0.05
97	| 1.63	| 1.67	| 0.04
98	| 0.64	| 0.68	| 0.04
99	| 1.03	| 1.07	| 0.04
100	| 0.10	| 0.09	| 0.01
101	| 1.29	| 1.35	| 0.07
102	| 0.17	| 0.19	| 0.03
103	| 0.32	| 0.29	| 0.02
104	| 1.52	| 1.51	| 0.01
105	| 0.31	| 0.29	| 0.02
106	| 0.73	| 0.75	| 0.02
107	| 0.41	| 0.40	| 0.01
108	| 1.68	| 1.64	| 0.04
109	| 1.71	| 1.82	| 0.11
110	| 1.15	| 1.08	| 0.07
111	| 1.26	| 1.25	| 0.02
112	| 1.33	| 1.29	| 0.05
113	| 1.08	| 1.08	| 0.00
114	| 0.81	| 0.88	| 0.06
115	| 0.46	| 0.50	| 0.03
116	| 0.68	| 0.73	| 0.05
117	| 1.22	| 1.31	| 0.09
118	| 1.47	| 1.50	| 0.03
119	| 1.21	| 1.25	| 0.04
120	| 1.39	| 1.44	| 0.06
121	| 1.28	| 1.35	| 0.07
122	| 1.36	| 1.35	| 0.01
123	| 2.02	| 2.05	| 0.02
124	| 0.09	| 0.09	| 0.00
125	| 0.52	| 0.55	| 0.02
126	| 1.51	| 1.56	| 0.05
127	| 1.36	| 1.32	| 0.04
128	| 1.45	| 1.48	| 0.03
129	| 1.92	| 1.91	| 0.02
130	| 0.05	| 0.06	| 0.00
131	| 0.63	| 0.65	| 0.02
132	| 0.69	| 0.69	| 0.01
133	| 0.97	| 0.92	| 0.05
134	| 0.67	| 0.65	| 0.01
135	| 0.41	| 0.40	| 0.02
136	| 0.79	| 0.86	| 0.07
137	| 0.88	| 0.89	| 0.02
138	| 0.14	| 0.17	| 0.02
139	| 1.98	| 1.99	| 0.02
140	| 1.32	| 1.38	| 0.06
141	| 1.60	| 1.55	| 0.05
142	| 0.72	| 0.74	| 0.02
143	| 0.64	| 0.65	| 0.01
144	| 1.94	| 2.03	| 0.09
145	| 0.92	| 0.90	| 0.01
146	| 1.02	| 1.04	| 0.01
147	| 1.00	| 0.95	| 0.05
148	| 0.80	| 0.79	| 0.01
149	| 1.59	| 1.56	| 0.03
150	| 1.02	| 1.01	| 0.01
151	| 0.45	| 0.47	| 0.01
152	| 1.24	| 1.37	| 0.13
153	| 0.38	| 0.36	| 0.02
154	| 0.36	| 0.33	| 0.03
155	| 0.05	| 0.04	| 0.01
156	| 1.04	| 0.97	| 0.07
157	| 1.63	| 1.59	| 0.04
158	| 0.22	| 0.23	| 0.01
159	| 0.15	| 0.13	| 0.02
160	| 1.05	| 0.97	| 0.08
161	| 0.13	| 0.12	| 0.01
162	| 0.60	| 0.61	| 0.01
163	| 0.81	| 0.83	| 0.02
164	| 0.10	| 0.10	| 0.00
165	| 1.88	| 1.86	| 0.02
166	| 1.66	| 1.82	| 0.16
167	| 1.16	| 1.20	| 0.04
168	| 0.77	| 0.81	| 0.04
169	| 0.48	| 0.51	| 0.02
170	| 0.53	| 0.46	| 0.07
171	| 0.73	| 0.68	| 0.04
172	| 1.15	| 1.10	| 0.05
173	| 0.92	| 0.92	| 0.00
174	| 2.03	| 2.08	| 0.06
175	| 0.50	| 0.54	| 0.04
176	| 1.31	| 1.21	| 0.10
177	| 1.05	| 1.10	| 0.05
178	| 1.55	| 1.59	| 0.04
179	| 0.66	| 0.69	| 0.04
180	| 0.68	| 0.71	| 0.04
181	| 1.74	| 1.68	| 0.06
182	| 0.16	| 0.20	| 0.04
183	| 0.37	| 0.39	| 0.02
184	| 0.03	| 0.03	| 0.01
185	| 2.01	| 1.93	| 0.08
186	| 2.03	| 1.99	| 0.04
187	| 0.73	| 0.70	| 0.03
188	| 1.23	| 1.30	| 0.07
189	| 0.33	| 0.32	| 0.01
190	| 0.36	| 0.34	| 0.03
191	| 0.01	| 0.01	| 0.00
192	| 0.04	| 0.04	| 0.00
193	| 1.17	| 1.11	| 0.06
194	| 1.35	| 1.36	| 0.01
195	| 0.02	| 0.01	| 0.00
196	| 1.47	| 1.41	| 0.06
197	| 1.71	| 1.71	| 0.00
198	| 1.06	| 1.05	| 0.01
199	| 0.29	| 0.33	| 0.04
200	| 1.68	| 1.64	| 0.04
201	| 0.06	| 0.06	| 0.00
202	| 1.33	| 1.34	| 0.01
203	| 0.06	| 0.05	| 0.00
204	| 1.52	| 1.57	| 0.05
205	| 1.63	| 1.56	| 0.07
206	| 0.63	| 0.60	| 0.03
207	| 0.51	| 0.58	| 0.07
208	| 1.60	| 1.52	| 0.08
209	| 1.95	| 2.01	| 0.06
210	| 1.59	| 1.66	| 0.07
211	| 1.54	| 1.46	| 0.09
212	| 1.57	| 1.59	| 0.02
213	| 1.75	| 1.74	| 0.02
214	| 0.72	| 0.64	| 0.08
215	| 1.88	| 1.98	| 0.10
216	| 1.26	| 1.27	| 0.01
217	| 1.61	| 1.52	| 0.09
218	| 0.52	| 0.53	| 0.01
219	| 0.81	| 0.78	| 0.03
220	| 0.72	| 0.63	| 0.08
221	| 0.66	| 0.66	| 0.00
222	| 1.11	| 1.08	| 0.03
223	| 0.02	| 0.02	| 0.00
224	| 0.60	| 0.58	| 0.02
225	| 1.90	| 1.81	| 0.08
226	| 1.39	| 1.39	| 0.00
227	| 1.65	| 1.64	| 0.01
228	| 0.81	| 0.85	| 0.04
229	| 0.38	| 0.39	| 0.02
230	| 0.32	| 0.29	| 0.03
231	| 1.52	| 1.47	| 0.05
232	| 0.71	| 0.70	| 0.01
233	| 0.39	| 0.39	| 0.00
234	| 1.57	| 1.54	| 0.03
235	| 1.74	| 1.71	| 0.03
236	| 1.99	| 1.92	| 0.07
237	| 2.00	| 2.05	| 0.05
238	| 1.19	| 1.16	| 0.03
239	| 0.98	| 0.99	| 0.01
240	| 0.77	| 0.79	| 0.02
241	| 2.05	| 1.92	| 0.13
242	| 0.61	| 0.63	| 0.02
243	| 0.28	| 0.28	| 0.01
244	| 0.16	| 0.16	| 0.00
245	| 0.86	| 0.90	| 0.04
246	| 0.90	| 0.93	| 0.02
247	| 0.28	| 0.30	| 0.02
248	| 2.03	| 2.00	| 0.03
249	| 2.08	| 2.00	| 0.08
250	| 1.12	| 1.17	| 0.04
251	| 1.81	| 1.92	| 0.11
252	| 0.87	| 0.87	| 0.00
253	| 0.15	| 0.15	| 0.00
254	| 1.33	| 1.23	| 0.10
255	| 0.60	| 0.60	| 0.00
256	| 1.80	| 1.75	| 0.05
257	| 0.12	| 0.15	| 0.04
258	| 0.74	| 0.72	| 0.02
259	| 0.20	| 0.22	| 0.02
260	| 0.73	| 0.69	| 0.04
261	| 0.80	| 0.78	| 0.02
262	| 1.41	| 1.38	| 0.03
263	| 1.47	| 1.53	| 0.06
264	| 0.92	| 0.96	| 0.05
265	| 1.61	| 1.48	| 0.13
266	| 1.90	| 1.98	| 0.07
267	| 1.38	| 1.33	| 0.06
268	| 0.30	| 0.30	| 0.00
269	| 1.66	| 1.72	| 0.07
270	| 0.59	| 0.66	| 0.07
271	| 1.45	| 1.49	| 0.04
272	| 1.23	| 1.23	| 0.00
273	| 1.19	| 1.17	| 0.02
274	| 1.99	| 1.90	| 0.09
275	| 1.96	| 1.94	| 0.02
276	| 0.02	| 0.03	| 0.01
277	| 1.80	| 1.81	| 0.01
278	| 1.70	| 1.60	| 0.09
279	| 1.00	| 0.94	| 0.06
280	| 1.31	| 1.33	| 0.02
281	| 1.87	| 1.90	| 0.03
282	| 1.13	| 1.15	| 0.02
283	| 1.41	| 1.45	| 0.04
284	| 0.04	| 0.05	| 0.01
285	| 1.95	| 2.04	| 0.09
286	| 1.10	| 1.07	| 0.02
287	| 0.14	| 0.15	| 0.01
288	| 0.75	| 0.71	| 0.04
289	| 0.47	| 0.54	| 0.07
290	| 1.30	| 1.33	| 0.03
291	| 1.40	| 1.44	| 0.03
292	| 1.77	| 1.80	| 0.03
293	| 0.82	| 0.83	| 0.01
294	| 0.55	| 0.57	| 0.02
295	| 0.18	| 0.19	| 0.01
296	| 0.56	| 0.53	| 0.03
297	| 0.66	| 0.66	| 0.00
298	| 1.79	| 1.74	| 0.05
299	| 0.29	| 0.30	| 0.02
300	| 0.31	| 0.30	| 0.02
301	| 1.97	| 1.94	| 0.03
302	| 1.86	| 1.84	| 0.02
303	| 1.06	| 1.05	| 0.01
304	| 1.87	| 1.89	| 0.02
305	| 0.36	| 0.34	| 0.02
306	| 1.58	| 1.60	| 0.01
307	| 0.26	| 0.24	| 0.02
308	| 0.43	| 0.45	| 0.01
309	| 0.98	| 1.05	| 0.08
310	| 1.08	| 1.06	| 0.02
311	| 1.10	| 1.18	| 0.08
312	| 1.48	| 1.40	| 0.08
313	| 1.56	| 1.55	| 0.01
314	| 0.56	| 0.55	| 0.01
315	| 0.71	| 0.75	| 0.04
316	| 0.24	| 0.25	| 0.01
317	| 1.32	| 1.34	| 0.02
318	| 0.87	| 0.98	| 0.10
319	| 0.36	| 0.33	| 0.03
320	| 0.75	| 0.72	| 0.03
321	| 0.89	| 0.91	| 0.02
322	| 1.63	| 1.65	| 0.02
323	| 1.44	| 1.35	| 0.09
324	| 1.91	| 1.95	| 0.04
325	| 0.48	| 0.51	| 0.03
326	| 1.45	| 1.44	| 0.01
327	| 0.76	| 0.80	| 0.04
328	| 1.29	| 1.24	| 0.05
329	| 1.36	| 1.39	| 0.03
330	| 2.03	| 1.98	| 0.05
331	| 1.42	| 1.43	| 0.00
332	| 1.59	| 1.63	| 0.04
333	| 0.07	| 0.10	| 0.03
334	| 0.45	| 0.48	| 0.03
335	| 0.77	| 0.82	| 0.05
336	| 1.51	| 1.47	| 0.04
337	| 0.92	| 0.91	| 0.01
338	| 1.38	| 1.34	| 0.05
339	| 1.62	| 1.52	| 0.10
340	| 0.42	| 0.42	| 0.00
341	| 0.47	| 0.45	| 0.03
342	| 0.15	| 0.15	| 0.00
343	| 2.06	| 2.01	| 0.05
344	| 0.47	| 0.45	| 0.02
345	| 1.43	| 1.40	| 0.03
346	| 1.34	| 1.36	| 0.02
347	| 1.31	| 1.32	| 0.01
348	| 1.31	| 1.33	| 0.03
349	| 0.96	| 0.91	| 0.05
350	| 0.72	| 0.63	| 0.08
351	| 1.17	| 1.11	| 0.06
352	| 0.48	| 0.55	| 0.08
353	| 0.49	| 0.48	| 0.01
354	| 1.21	| 1.29	| 0.07
355	| 1.99	| 2.02	| 0.04
356	| 1.07	| 1.14	| 0.07
357	| 1.23	| 1.23	| 0.00
358	| 2.05	| 1.94	| 0.11
359	| 1.36	| 1.27	| 0.09
360	| 0.76	| 0.71	| 0.04
361	| 2.05	| 2.03	| 0.02
362	| 0.88	| 0.91	| 0.03
363	| 1.79	| 1.81	| 0.02
364	| 1.23	| 1.20	| 0.02
365	| 1.49	| 1.41	| 0.08
366	| 1.41	| 1.40	| 0.02
367	| 1.20	| 1.19	| 0.00
368	| 1.16	| 1.16	| 0.00
369	| 1.43	| 1.45	| 0.03
370	| 0.33	| 0.33	| 0.00
371	| 0.85	| 0.90	| 0.05
372	| 0.43	| 0.46	| 0.03
373	| 0.38	| 0.43	| 0.05
374	| 0.09	| 0.07	| 0.02
375	| 0.36	| 0.34	| 0.02
376	| 0.18	| 0.19	| 0.01
377	| 0.77	| 0.81	| 0.04
378	| 1.33	| 1.32	| 0.01
379	| 0.12	| 0.11	| 0.01
380	| 0.54	| 0.54	| 0.00
381	| 0.60	| 0.59	| 0.01
382	| 0.24	| 0.24	| 0.00
383	| 1.04	| 1.13	| 0.09
384	| 1.78	| 1.75	| 0.02
385	| 0.69	| 0.75	| 0.06
386	| 1.10	| 1.17	| 0.07
387	| 0.28	| 0.27	| 0.00
388	| 1.69	| 1.68	| 0.01
389	| 0.06	| 0.07	| 0.02
390	| 1.24	| 1.18	| 0.06
391	| 1.28	| 1.29	| 0.01
392	| 0.07	| 0.07	| 0.01
393	| 1.12	| 1.07	| 0.05
394	| 1.54	| 1.65	| 0.11
395	| 1.24	| 1.31	| 0.08
396	| 1.42	| 1.42	| 0.00
397	| 0.13	| 0.11	| 0.03
398	| 0.16	| 0.16	| 0.00
399	| 1.92	| 1.90	| 0.02
400	| 1.86	| 1.89	| 0.03
401	| 0.33	| 0.33	| 0.00
402	| 0.64	| 0.65	| 0.00
403	| 1.20	| 1.19	| 0.01
404	| 0.35	| 0.36	| 0.01
405	| 1.82	| 1.87	| 0.05
406	| 1.88	| 1.86	| 0.02
407	| 0.92	| 0.93	| 0.01
408	| 1.95	| 1.91	| 0.04
409	| 1.74	| 1.80	| 0.05
410	| 0.66	| 0.61	| 0.05
411	| 0.28	| 0.30	| 0.02
412	| 1.86	| 1.85	| 0.01
413	| 1.16	| 1.16	| 0.01
414	| 1.65	| 1.63	| 0.02
415	| 0.41	| 0.39	| 0.01
416	| 1.18	| 1.15	| 0.03
417	| 1.60	| 1.58	| 0.02
418	| 0.74	| 0.74	| 0.00
419	| 1.47	| 1.55	| 0.08
420	| 1.03	| 1.01	| 0.01
421	| 0.50	| 0.48	| 0.02
422	| 1.47	| 1.47	| 0.00
423	| 1.59	| 1.65	| 0.05
424	| 0.27	| 0.28	| 0.00
425	| 1.87	| 1.86	| 0.01
426	| 0.91	| 0.92	| 0.00
427	| 1.13	| 1.09	| 0.04
428	| 0.52	| 0.51	| 0.01
429	| 1.59	| 1.67	| 0.08
430	| 1.52	| 1.57	| 0.05
431	| 0.21	| 0.21	| 0.00
432	| 1.92	| 1.86	| 0.05
433	| 1.21	| 1.20	| 0.01
434	| 0.38	| 0.33	| 0.05
435	| 0.04	| 0.03	| 0.00
436	| 0.15	| 0.15	| 0.00
437	| 0.83	| 0.80	| 0.03
438	| 1.71	| 1.63	| 0.08
439	| 0.21	| 0.18	| 0.02
440	| 1.16	| 1.16	| 0.00
441	| 1.35	| 1.38	| 0.03
442	| 0.46	| 0.45	| 0.01
443	| 1.77	| 1.75	| 0.03
444	| 1.57	| 1.64	| 0.07
445	| 1.54	| 1.50	| 0.04
446	| 0.16	| 0.16	| 0.00
447	| 0.86	| 0.88	| 0.02
448	| 0.13	| 0.14	| 0.01
449	| 0.87	| 0.83	| 0.04
450	| 0.60	| 0.65	| 0.05
451	| 0.02	| 0.01	| 0.01
452	| 1.71	| 1.64	| 0.07
453	| 2.04	| 2.00	| 0.04
454	| 0.23	| 0.21	| 0.02
455	| 1.38	| 1.44	| 0.05
456	| 0.73	| 0.74	| 0.02
457	| 0.74	| 0.77	| 0.03
458	| 1.70	| 1.70	| 0.00
459	| 1.95	| 2.05	| 0.09
460	| 1.43	| 1.35	| 0.08
461	| 0.41	| 0.39	| 0.03
462	| 0.10	| 0.12	| 0.02
463	| 0.86	| 0.88	| 0.02
464	| 0.55	| 0.56	| 0.01
465	| 1.16	| 1.14	| 0.02
466	| 1.62	| 1.71	| 0.08
467	| 0.05	| 0.06	| 0.01
468	| 1.46	| 1.40	| 0.06
469	| 0.53	| 0.55	| 0.02
470	| 1.40	| 1.34	| 0.06
471	| 1.29	| 1.26	| 0.03
472	| 1.73	| 1.84	| 0.11
473	| 1.04	| 1.07	| 0.03
474	| 0.96	| 1.00	| 0.04
475	| 0.67	| 0.71	| 0.04
476	| 1.46	| 1.50	| 0.04
477	| 1.08	| 1.12	| 0.03
478	| 1.64	| 1.64	| 0.00
479	| 1.86	| 1.91	| 0.05
480	| 1.52	| 1.49	| 0.03
481	| 0.87	| 0.85	| 0.02
482	| 1.79	| 1.70	| 0.08
483	| 0.48	| 0.47	| 0.01
484	| 0.03	| 0.03	| 0.00
485	| 0.86	| 0.81	| 0.05
486	| 1.20	| 1.27	| 0.06
487	| 0.37	| 0.35	| 0.02
488	| 1.30	| 1.26	| 0.05
489	| 1.49	| 1.54	| 0.05
490	| 0.90	| 0.86	| 0.04
491	| 2.02	| 2.09	| 0.07
492	| 1.57	| 1.64	| 0.06
493	| 0.97	| 0.89	| 0.08
494	| 1.03	| 1.02	| 0.01
495	| 1.89	| 1.84	| 0.06
496	| 1.57	| 1.52	| 0.05
497	| 0.20	| 0.18	| 0.02
498	| 0.02	| 0.01	| 0.01
499	| 1.28	| 1.25	| 0.04
500	| 0.19	| 0.20	| 0.01
501	| 0.78	| 0.71	| 0.07
502	| 0.93	| 0.98	| 0.04
503	| 0.71	| 0.74	| 0.03
504	| 0.30	| 0.28	| 0.02
505	| 0.95	| 0.91	| 0.04
506	| 1.61	| 1.55	| 0.06
507	| 1.23	| 1.12	| 0.11
508	| 0.51	| 0.46	| 0.05
509	| 1.84	| 1.78	| 0.05
510	| 0.15	| 0.14	| 0.02
511	| 0.00	| 0.00	| 0.00
512	| 1.90	| 1.86	| 0.04
513	| 1.68	| 1.61	| 0.06
514	| 0.20	| 0.17	| 0.03
515	| 1.90	| 1.98	| 0.08
516	| 1.12	| 1.03	| 0.09
517	| 0.83	| 0.85	| 0.03
518	| 0.84	| 0.74	| 0.10
519	| 1.48	| 1.52	| 0.04
520	| 1.06	| 1.06	| 0.00
521	| 0.14	| 0.13	| 0.01
522	| 0.12	| 0.15	| 0.03
523	| 0.70	| 0.67	| 0.03
524	| 0.11	| 0.12	| 0.00
525	| 0.18	| 0.18	| 0.01
526	| 1.12	| 1.16	| 0.04
527	| 0.58	| 0.56	| 0.01
528	| 0.42	| 0.39	| 0.03
529	| 2.00	| 2.11	| 0.10
530	| 0.47	| 0.46	| 0.01
531	| 1.13	| 1.19	| 0.05
532	| 0.06	| 0.06	| 0.00
533	| 0.97	| 1.01	| 0.05
534	| 1.83	| 1.82	| 0.01
535	| 1.18	| 1.17	| 0.01
536	| 0.74	| 0.70	| 0.03
537	| 0.57	| 0.60	| 0.03
538	| 1.62	| 1.56	| 0.06
539	| 1.24	| 1.31	| 0.07
540	| 0.56	| 0.59	| 0.02
541	| 1.44	| 1.49	| 0.05
542	| 0.96	| 0.98	| 0.02
543	| 0.94	| 0.96	| 0.03
544	| 1.92	| 1.98	| 0.07
545	| 1.29	| 1.31	| 0.02
546	| 0.23	| 0.21	| 0.02
547	| 1.43	| 1.40	| 0.03
548	| 0.18	| 0.17	| 0.01
549	| 1.82	| 1.87	| 0.04
550	| 0.24	| 0.24	| 0.01
551	| 1.73	| 1.71	| 0.02
552	| 1.97	| 1.94	| 0.03
553	| 1.72	| 1.76	| 0.04
554	| 0.15	| 0.15	| 0.00
555	| 0.73	| 0.71	| 0.02
556	| 1.06	| 1.06	| 0.00
557	| 1.18	| 1.14	| 0.04
558	| 1.97	| 1.97	| 0.00
559	| 0.30	| 0.30	| 0.01
560	| 0.36	| 0.33	| 0.02
561	| 0.78	| 0.79	| 0.01
562	| 1.19	| 1.11	| 0.08
563	| 1.19	| 1.15	| 0.04
564	| 0.62	| 0.64	| 0.02
565	| 1.71	| 1.76	| 0.04
566	| 0.98	| 0.93	| 0.05
567	| 0.69	| 0.63	| 0.06
568	| 1.87	| 1.85	| 0.03
569	| 0.52	| 0.50	| 0.02
570	| 0.83	| 0.81	| 0.02
571	| 1.45	| 1.43	| 0.02
572	| 1.32	| 1.28	| 0.04
573	| 0.23	| 0.27	| 0.03
574	| 1.88	| 1.90	| 0.02
575	| 1.91	| 1.96	| 0.05
576	| 1.10	| 1.08	| 0.02
577	| 1.93	| 1.95	| 0.02
578	| 2.02	| 2.05	| 0.03
579	| 1.14	| 1.10	| 0.03
580	| 0.15	| 0.16	| 0.01
581	| 1.17	| 1.14	| 0.02
582	| 0.55	| 0.60	| 0.05
583	| 1.20	| 1.22	| 0.02
584	| 0.50	| 0.50	| 0.00
585	| 0.06	| 0.06	| 0.00
586	| 0.99	| 1.01	| 0.02
587	| 0.44	| 0.41	| 0.02
588	| 1.59	| 1.54	| 0.04
589	| 1.91	| 1.91	| 0.00
590	| 1.57	| 1.54	| 0.03
591	| 0.93	| 0.93	| 0.00
592	| 0.24	| 0.23	| 0.01
593	| 1.12	| 1.11	| 0.01
594	| 0.64	| 0.61	| 0.03
595	| 1.76	| 1.75	| 0.01
596	| 0.75	| 0.78	| 0.03
597	| 1.00	| 0.94	| 0.06
598	| 1.48	| 1.46	| 0.02
599	| 1.79	| 1.79	| 0.00
600	| 0.62	| 0.64	| 0.02
601	| 1.09	| 1.11	| 0.02
602	| 0.12	| 0.10	| 0.01
603	| 1.81	| 1.75	| 0.06
604	| 0.65	| 0.67	| 0.02
605	| 1.03	| 1.05	| 0.01
606	| 0.42	| 0.44	| 0.03
607	| 1.93	| 1.93	| 0.01
608	| 1.40	| 1.37	| 0.03
609	| 0.46	| 0.43	| 0.03
610	| 1.40	| 1.47	| 0.07
611	| 1.75	| 1.72	| 0.03
612	| 0.12	| 0.12	| 0.00
613	| 1.15	| 1.11	| 0.04
614	| 1.57	| 1.63	| 0.06
615	| 1.04	| 1.00	| 0.04
616	| 1.60	| 1.57	| 0.03
617	| 1.42	| 1.36	| 0.06
618	| 1.18	| 1.15	| 0.03
619	| 1.47	| 1.46	| 0.01
620	| 0.63	| 0.59	| 0.05
621	| 1.38	| 1.31	| 0.06
622	| 0.20	| 0.19	| 0.01
623	| 0.02	| 0.03	| 0.00
624	| 0.18	| 0.19	| 0.02
625	| 0.17	| 0.16	| 0.01
626	| 0.71	| 0.66	| 0.05
627	| 0.59	| 0.56	| 0.03
628	| 0.83	| 0.82	| 0.00
629	| 0.71	| 0.70	| 0.00
630	| 1.68	| 1.66	| 0.02
631	| 0.66	| 0.64	| 0.03
632	| 0.20	| 0.22	| 0.02
633	| 1.72	| 1.78	| 0.06
634	| 1.40	| 1.26	| 0.14
635	| 0.15	| 0.14	| 0.01
636	| 0.56	| 0.56	| 0.00
637	| 1.14	| 1.12	| 0.01
638	| 1.63	| 1.63	| 0.00
639	| 1.32	| 1.30	| 0.02
640	| 0.88	| 0.84	| 0.03
641	| 0.32	| 0.31	| 0.02
642	| 0.74	| 0.80	| 0.06
643	| 0.40	| 0.38	| 0.03
644	| 0.58	| 0.57	| 0.00
645	| 0.66	| 0.72	| 0.06
646	| 0.49	| 0.52	| 0.03
647	| 0.41	| 0.43	| 0.03
648	| 0.60	| 0.53	| 0.07
649	| 1.25	| 1.23	| 0.02
650	| 1.21	| 1.23	| 0.02
651	| 0.47	| 0.45	| 0.02
652	| 0.84	| 0.93	| 0.09
653	| 1.54	| 1.48	| 0.06
654	| 1.64	| 1.61	| 0.03
655	| 1.44	| 1.41	| 0.03
656	| 1.28	| 1.24	| 0.04
657	| 2.03	| 1.99	| 0.04
658	| 0.00	| 0.00	| 0.00
659	| 0.25	| 0.24	| 0.01
660	| 0.39	| 0.41	| 0.02
661	| 1.45	| 1.43	| 0.01
662	| 0.19	| 0.19	| 0.00
663	| 1.69	| 1.68	| 0.01
664	| 1.21	| 1.29	| 0.07
665	| 0.68	| 0.64	| 0.04
666	| 0.99	| 0.97	| 0.03
667	| 0.82	| 0.83	| 0.01
668	| 1.49	| 1.53	| 0.04
669	| 1.77	| 1.78	| 0.00
670	| 0.33	| 0.35	| 0.03
671	| 0.07	| 0.08	| 0.01
672	| 1.87	| 1.84	| 0.02
673	| 0.25	| 0.26	| 0.01
674	| 1.23	| 1.21	| 0.02
675	| 1.40	| 1.37	| 0.03
676	| 0.75	| 0.79	| 0.04
677	| 1.90	| 1.88	| 0.02
678	| 0.03	| 0.04	| 0.01
679	| 0.68	| 0.74	| 0.06
680	| 0.07	| 0.07	| 0.00
681	| 0.97	| 1.06	| 0.09
682	| 1.92	| 1.83	| 0.10
683	| 1.69	| 1.68	| 0.02
684	| 0.16	| 0.15	| 0.01
685	| 1.03	| 0.99	| 0.04
686	| 1.66	| 1.69	| 0.03
687	| 2.00	| 1.94	| 0.06
688	| 1.60	| 1.58	| 0.02
689	| 0.40	| 0.42	| 0.02
690	| 0.06	| 0.07	| 0.01
691	| 1.87	| 1.89	| 0.02
692	| 1.04	| 1.07	| 0.03
693	| 0.09	| 0.08	| 0.01
694	| 1.80	| 1.71	| 0.08
695	| 1.38	| 1.50	| 0.12
696	| 0.82	| 0.81	| 0.01
697	| 1.66	| 1.66	| 0.01
698	| 1.25	| 1.19	| 0.06
699	| 1.79	| 1.88	| 0.08
700	| 0.78	| 0.78	| 0.00
701	| 2.08	| 2.05	| 0.03
702	| 1.67	| 1.67	| 0.01
703	| 1.07	| 1.10	| 0.03
704	| 0.65	| 0.64	| 0.00
705	| 0.81	| 0.83	| 0.02
706	| 0.38	| 0.38	| 0.00
707	| 0.76	| 0.76	| 0.00
708	| 0.04	| 0.05	| 0.00
709	| 1.20	| 1.12	| 0.08
710	| 1.09	| 1.15	| 0.06
711	| 0.69	| 0.74	| 0.05
712	| 0.29	| 0.30	| 0.01
713	| 0.93	| 0.91	| 0.02
714	| 1.75	| 1.71	| 0.04
715	| 1.63	| 1.65	| 0.02
716	| 0.16	| 0.16	| 0.00
717	| 1.75	| 1.73	| 0.02
718	| 0.34	| 0.37	| 0.02
719	| 0.91	| 0.89	| 0.02
720	| 1.72	| 1.70	| 0.02
721	| 1.04	| 0.96	| 0.09
722	| 0.64	| 0.64	| 0.00
723	| 0.14	| 0.12	| 0.03
724	| 0.64	| 0.67	| 0.03
725	| 0.80	| 0.89	| 0.09
726	| 1.74	| 1.76	| 0.02
727	| 1.30	| 1.31	| 0.01
728	| 1.40	| 1.44	| 0.04
729	| 0.52	| 0.55	| 0.03
730	| 1.54	| 1.53	| 0.02
731	| 0.30	| 0.29	| 0.02
732	| 1.10	| 1.21	| 0.11
733	| 0.97	| 0.95	| 0.02
734	| 1.47	| 1.36	| 0.11
735	| 0.12	| 0.14	| 0.02
736	| 1.97	| 1.95	| 0.02
737	| 0.89	| 0.85	| 0.04
738	| 0.81	| 0.84	| 0.04
739	| 1.94	| 1.98	| 0.04
740	| 0.43	| 0.43	| 0.00
741	| 1.20	| 1.09	| 0.11
742	| 1.00	| 0.96	| 0.04
743	| 0.98	| 1.01	| 0.02
744	| 0.98	| 1.01	| 0.03
745	| 1.88	| 2.00	| 0.12
746	| 1.63	| 1.70	| 0.07
747	| 0.57	| 0.65	| 0.08
748	| 1.63	| 1.65	| 0.02
749	| 1.03	| 1.04	| 0.00
750	| 0.25	| 0.23	| 0.02
751	| 0.50	| 0.54	| 0.04
752	| 0.29	| 0.30	| 0.01
753	| 1.41	| 1.40	| 0.01
754	| 0.10	| 0.12	| 0.02
755	| 0.52	| 0.56	| 0.04
756	| 0.95	| 0.94	| 0.01
757	| 1.74	| 1.67	| 0.07
758	| 0.13	| 0.16	| 0.04
759	| 0.90	| 0.86	| 0.05
760	| 0.45	| 0.44	| 0.01
761	| 1.52	| 1.57	| 0.04
762	| 1.31	| 1.20	| 0.11
763	| 1.66	| 1.59	| 0.07
764	| 0.51	| 0.51	| 0.01
765	| 0.25	| 0.24	| 0.01
766	| 1.13	| 1.09	| 0.04
767	| 0.83	| 0.91	| 0.09
768	| 0.03	| 0.03	| 0.00
769	| 1.25	| 1.33	| 0.08
770	| 1.61	| 1.58	| 0.03
771	| 1.39	| 1.43	| 0.04
772	| 0.34	| 0.31	| 0.02
773	| 1.10	| 1.10	| 0.01
774	| 1.40	| 1.38	| 0.02
775	| 1.10	| 1.17	| 0.07
776	| 0.52	| 0.58	| 0.07
777	| 0.71	| 0.73	| 0.02
778	| 0.25	| 0.26	| 0.01
779	| 1.17	| 1.13	| 0.05
780	| 1.87	| 1.96	| 0.09
781	| 0.41	| 0.40	| 0.01
782	| 0.19	| 0.17	| 0.02
783	| 0.18	| 0.20	| 0.02
784	| 1.15	| 1.15	| 0.00
785	| 0.55	| 0.53	| 0.02
786	| 0.93	| 0.89	| 0.04
787	| 1.08	| 1.18	| 0.10
788	| 1.25	| 1.29	| 0.04
789	| 0.04	| 0.04	| 0.00
790	| 0.06	| 0.03	| 0.02
791	| 1.21	| 1.17	| 0.04
792	| 1.46	| 1.46	| 0.00
793	| 1.03	| 0.97	| 0.05
794	| 0.72	| 0.72	| 0.01
795	| 0.07	| 0.08	| 0.01
796	| 0.71	| 0.71	| 0.00
797	| 1.50	| 1.51	| 0.01
798	| 1.90	| 1.88	| 0.02
799	| 1.50	| 1.59	| 0.09
800	| 0.16	| 0.18	| 0.02
801	| 1.73	| 1.71	| 0.02
802	| 1.75	| 1.76	| 0.02
803	| 1.09	| 0.93	| 0.15
804	| 0.22	| 0.24	| 0.02
805	| 1.91	| 1.93	| 0.02
806	| 1.26	| 1.31	| 0.05
807	| 0.46	| 0.49	| 0.03
808	| 1.75	| 1.74	| 0.02
809	| 1.88	| 1.86	| 0.02
810	| 0.63	| 0.66	| 0.02
811	| 1.81	| 1.81	| 0.00
812	| 0.04	| 0.04	| 0.01
813	| 1.85	| 1.85	| 0.00
814	| 1.70	| 1.63	| 0.06
815	| 0.78	| 0.78	| 0.01
816	| 0.94	| 1.00	| 0.06
817	| 0.53	| 0.54	| 0.01
818	| 0.86	| 0.81	| 0.05
819	| 1.32	| 1.33	| 0.01
820	| 0.75	| 0.77	| 0.02
821	| 0.20	| 0.20	| 0.00
822	| 1.02	| 1.08	| 0.06
823	| 0.56	| 0.55	| 0.01
824	| 0.59	| 0.60	| 0.01
825	| 0.85	| 0.81	| 0.04
826	| 1.76	| 1.75	| 0.02
827	| 1.69	| 1.66	| 0.03
828	| 0.05	| 0.05	| 0.01
829	| 1.68	| 1.71	| 0.03
830	| 0.50	| 0.54	| 0.04
831	| 1.61	| 1.68	| 0.08
832	| 0.30	| 0.30	| 0.00
833	| 0.60	| 0.60	| 0.01
834	| 0.86	| 0.82	| 0.04
835	| 1.24	| 1.21	| 0.04
836	| 0.54	| 0.53	| 0.01
837	| 1.82	| 1.81	| 0.01
838	| 1.43	| 1.49	| 0.06
839	| 0.11	| 0.13	| 0.02
840	| 1.47	| 1.52	| 0.04
841	| 0.31	| 0.30	| 0.01
842	| 0.52	| 0.55	| 0.03
843	| 0.51	| 0.48	| 0.04
844	| 1.35	| 1.34	| 0.01
845	| 1.12	| 1.13	| 0.01
846	| 1.50	| 1.56	| 0.06
847	| 0.80	| 0.78	| 0.02
848	| 1.57	| 1.54	| 0.03
849	| 0.38	| 0.35	| 0.03
850	| 1.08	| 1.12	| 0.04
851	| 0.92	| 1.00	| 0.08
852	| 1.29	| 1.31	| 0.03
853	| 1.12	| 1.08	| 0.04
854	| 0.81	| 0.85	| 0.04
855	| 1.25	| 1.20	| 0.05
856	| 0.39	| 0.44	| 0.05
857	| 0.31	| 0.32	| 0.01
858	| 0.88	| 0.92	| 0.03
859	| 0.05	| 0.07	| 0.01
860	| 0.78	| 0.72	| 0.06
861	| 1.09	| 1.11	| 0.02
862	| 1.97	| 1.99	| 0.02
863	| 0.06	| 0.06	| 0.00
864	| 0.43	| 0.44	| 0.01
865	| 1.19	| 1.16	| 0.04
866	| 1.88	| 1.94	| 0.07
867	| 0.34	| 0.36	| 0.02
868	| 1.52	| 1.58	| 0.05
869	| 0.30	| 0.34	| 0.04
870	| 0.58	| 0.58	| 0.00
871	| 0.12	| 0.12	| 0.00
872	| 1.49	| 1.52	| 0.02
873	| 2.05	| 1.98	| 0.07
874	| 1.77	| 1.86	| 0.09
875	| 0.18	| 0.20	| 0.02
876	| 1.34	| 1.38	| 0.04
877	| 1.75	| 1.74	| 0.01
878	| 1.76	| 1.82	| 0.06
879	| 0.66	| 0.66	| 0.00
880	| 0.13	| 0.13	| 0.01
881	| 0.39	| 0.33	| 0.05
882	| 0.74	| 0.78	| 0.04
883	| 1.95	| 1.93	| 0.02
884	| 0.75	| 0.75	| 0.00
885	| 0.73	| 0.77	| 0.04
886	| 1.08	| 1.05	| 0.03
887	| 0.59	| 0.59	| 0.00
888	| 1.95	| 1.94	| 0.01
889	| 0.73	| 0.75	| 0.02
890	| 1.77	| 1.73	| 0.03
891	| 0.87	| 0.90	| 0.03
892	| 1.33	| 1.38	| 0.05
893	| 1.14	| 1.06	| 0.08
894	| 1.90	| 1.91	| 0.01
895	| 0.36	| 0.33	| 0.03
896	| 0.87	| 0.91	| 0.04
897	| 1.34	| 1.30	| 0.04
898	| 1.69	| 1.77	| 0.08
899	| 0.10	| 0.08	| 0.02
900	| 1.28	| 1.25	| 0.04
901	| 1.07	| 1.00	| 0.07
902	| 1.04	| 1.08	| 0.04
903	| 0.26	| 0.21	| 0.04
904	| 1.54	| 1.52	| 0.02
905	| 0.37	| 0.35	| 0.02
906	| 1.13	| 1.17	| 0.04
907	| 0.15	| 0.18	| 0.03
908	| 1.28	| 1.25	| 0.03
909	| 2.06	| 2.07	| 0.02
910	| 0.81	| 0.78	| 0.03
911	| 0.13	| 0.16	| 0.03
912	| 2.00	| 1.93	| 0.07
913	| 1.42	| 1.37	| 0.04
914	| 0.48	| 0.54	| 0.06
915	| 0.39	| 0.36	| 0.02
916	| 0.20	| 0.21	| 0.00
917	| 0.54	| 0.55	| 0.01
918	| 0.85	| 0.85	| 0.00
919	| 1.30	| 1.38	| 0.08
920	| 1.42	| 1.44	| 0.02
921	| 0.88	| 0.90	| 0.02
922	| 1.05	| 1.09	| 0.03
923	| 0.70	| 0.69	| 0.01
924	| 0.33	| 0.33	| 0.00
925	| 0.15	| 0.14	| 0.01
926	| 0.90	| 0.90	| 0.01
927	| 1.25	| 1.20	| 0.05
928	| 0.40	| 0.38	| 0.02
929	| 0.13	| 0.12	| 0.01
930	| 0.34	| 0.34	| 0.00
931	| 0.61	| 0.54	| 0.07
932	| 1.57	| 1.49	| 0.09
933	| 0.65	| 0.64	| 0.01
934	| 1.26	| 1.37	| 0.11
935	| 0.12	| 0.10	| 0.02
936	| 0.07	| 0.07	| 0.00
937	| 0.06	| 0.08	| 0.02
938	| 0.34	| 0.39	| 0.05
939	| 1.54	| 1.52	| 0.01
940	| 0.39	| 0.37	| 0.02
941	| 0.29	| 0.31	| 0.01
942	| 0.59	| 0.57	| 0.02
943	| 1.45	| 1.40	| 0.05
944	| 1.93	| 1.90	| 0.04
945	| 0.85	| 0.91	| 0.05
946	| 2.05	| 2.02	| 0.03
947	| 1.70	| 1.76	| 0.06
948	| 0.41	| 0.34	| 0.07
949	| 0.59	| 0.60	| 0.01
950	| 1.68	| 1.66	| 0.03
951	| 0.68	| 0.68	| 0.00
952	| 1.13	| 1.23	| 0.10
953	| 0.81	| 0.84	| 0.03
954	| 0.79	| 0.80	| 0.01
955	| 0.85	| 0.89	| 0.03
956	| 2.00	| 2.08	| 0.08
957	| 0.04	| 0.04	| 0.00
958	| 1.61	| 1.70	| 0.09
959	| 1.36	| 1.31	| 0.06
960	| 1.26	| 1.29	| 0.03
961	| 0.31	| 0.29	| 0.02
962	| 0.46	| 0.46	| 0.00
963	| 1.59	| 1.53	| 0.06
964	| 1.03	| 1.09	| 0.06
965	| 1.77	| 1.77	| 0.01
966	| 1.06	| 1.00	| 0.06
967	| 0.26	| 0.24	| 0.01
968	| 0.28	| 0.26	| 0.02
969	| 0.65	| 0.65	| 0.00
970	| 0.81	| 0.83	| 0.02
971	| 1.98	| 1.97	| 0.01
972	| 2.00	| 1.98	| 0.02
973	| 0.66	| 0.65	| 0.02
974	| 1.70	| 1.66	| 0.04
975	| 1.84	| 1.84	| 0.00
976	| 0.93	| 0.95	| 0.02
977	| 0.80	| 0.74	| 0.06
978	| 1.81	| 1.82	| 0.02
979	| 1.16	| 1.14	| 0.03
980	| 1.94	| 1.89	| 0.05
981	| 1.25	| 1.28	| 0.02
982	| 1.12	| 1.14	| 0.02
983	| 1.81	| 1.81	| 0.00
984	| 0.01	| 0.00	| 0.01
985	| 1.18	| 1.13	| 0.05
986	| 0.76	| 0.75	| 0.02
987	| 1.51	| 1.50	| 0.01
988	| 0.48	| 0.49	| 0.01
989	| 0.66	| 0.64	| 0.02
990	| 0.82	| 0.76	| 0.07
991	| 1.46	| 1.44	| 0.02
992	| 0.82	| 0.79	| 0.03
993	| 1.45	| 1.46	| 0.01
994	| 1.46	| 1.50	| 0.04
995	| 1.54	| 1.62	| 0.08
996	| 1.91	| 1.99	| 0.08
997	| 0.20	| 0.21	| 0.01
998	| 2.01	| 1.89	| 0.12
999	| 0.05	| 0.04	| 0.01
