Weighted Random Sampling Comparison on 100000 Trials
---------------------------------------------
Difference is bigger than 1%p in the following indices: []
Elapsed time: Naive: 599.616416ms, Fenwick: 397.691833ms, Python: 10.892053127s

---------------------------------------------
Probability(%) of each element being selected:
Element	| Naive	| Fenw	| Pyth	| Diff(Max-Min)
---------------------------------------------
0	| 1.08	| 1.11	| 1.13	| 0.05
1	| 0.09	| 0.12	| 0.12	| 0.03
2	| 1.85	| 1.88	| 1.88	| 0.03
3	| 1.64	| 1.72	| 1.76	| 0.12
4	| 0.86	| 0.94	| 0.91	| 0.08
5	| 0.30	| 0.28	| 0.29	| 0.01
6	| 0.26	| 0.23	| 0.25	| 0.02
7	| 1.82	| 1.85	| 1.74	| 0.11
8	| 0.47	| 0.47	| 0.45	| 0.02
9	| 0.35	| 0.35	| 0.34	| 0.01
10	| 0.89	| 0.94	| 0.86	| 0.09
11	| 1.45	| 1.43	| 1.43	| 0.02
12	| 0.68	| 0.62	| 0.65	| 0.05
13	| 1.26	| 1.24	| 1.34	| 0.10
14	| 1.40	| 1.48	| 1.49	| 0.09
15	| 0.19	| 0.19	| 0.16	| 0.04
16	| 1.60	| 1.53	| 1.57	| 0.07
17	| 0.61	| 0.62	| 0.63	| 0.01
18	| 0.10	| 0.10	| 0.10	| 0.00
19	| 1.36	| 1.36	| 1.42	| 0.06
20	| 1.30	| 1.33	| 1.27	| 0.06
21	| 0.34	| 0.32	| 0.35	| 0.03
22	| 1.95	| 1.93	| 1.89	| 0.06
23	| 0.33	| 0.33	| 0.34	| 0.01
24	| 0.06	| 0.06	| 0.06	| 0.01
25	| 0.70	| 0.66	| 0.70	| 0.04
26	| 0.00	| 0.00	| 0.00	| 0.00
27	| 0.42	| 0.39	| 0.45	| 0.05
28	| 1.34	| 1.32	| 1.30	| 0.04
29	| 0.73	| 0.67	| 0.67	| 0.06
30	| 0.01	| 0.01	| 0.01	| 0.00
31	| 0.44	| 0.43	| 0.45	| 0.02
32	| 1.02	| 1.04	| 0.96	| 0.08
33	| 0.60	| 0.59	| 0.62	| 0.03
34	| 1.79	| 1.91	| 1.87	| 0.12
35	| 0.15	| 0.15	| 0.15	| 0.01
36	| 1.30	| 1.25	| 1.34	| 0.09
37	| 1.64	| 1.67	| 1.66	| 0.03
38	| 1.07	| 1.09	| 1.06	| 0.02
39	| 1.43	| 1.33	| 1.33	| 0.10
40	| 0.26	| 0.28	| 0.28	| 0.03
41	| 0.56	| 0.64	| 0.54	| 0.10
42	| 0.82	| 0.81	| 0.81	| 0.01
43	| 1.50	| 1.46	| 1.55	| 0.10
44	| 1.84	| 1.81	| 1.86	| 0.05
45	| 0.00	| 0.00	| 0.00	| 0.00
46	| 1.48	| 1.49	| 1.54	| 0.05
47	| 1.41	| 1.45	| 1.47	| 0.05
48	| 1.35	| 1.39	| 1.35	| 0.04
49	| 1.92	| 1.99	| 1.88	| 0.11
50	| 1.09	| 1.02	| 1.07	| 0.07
51	| 0.90	| 0.92	| 0.90	| 0.02
52	| 1.24	| 1.23	| 1.22	| 0.02
53	| 0.97	| 0.95	| 0.97	| 0.02
54	| 1.15	| 1.15	| 1.13	| 0.02
55	| 1.16	| 1.16	| 1.13	| 0.03
56	| 1.10	| 1.12	| 1.05	| 0.07
57	| 0.31	| 0.30	| 0.30	| 0.01
58	| 0.71	| 0.80	| 0.75	| 0.09
59	| 1.76	| 1.88	| 1.89	| 0.13
60	| 1.42	| 1.39	| 1.37	| 0.05
61	| 2.01	| 1.99	| 2.01	| 0.03
62	| 1.64	| 1.58	| 1.62	| 0.06
63	| 1.98	| 1.98	| 1.91	| 0.07
64	| 1.41	| 1.46	| 1.39	| 0.07
65	| 1.56	| 1.43	| 1.51	| 0.13
66	| 1.39	| 1.41	| 1.35	| 0.05
67	| 0.50	| 0.47	| 0.52	| 0.05
68	| 0.67	| 0.71	| 0.75	| 0.07
69	| 0.49	| 0.53	| 0.49	| 0.04
70	| 0.71	| 0.72	| 0.73	| 0.02
71	| 1.21	| 1.20	| 1.16	| 0.05
72	| 0.16	| 0.15	| 0.14	| 0.02
73	| 1.29	| 1.33	| 1.30	| 0.04
74	| 1.20	| 1.19	| 1.29	| 0.09
75	| 1.51	| 1.53	| 1.45	| 0.08
76	| 1.44	| 1.38	| 1.40	| 0.06
77	| 1.01	| 0.97	| 1.02	| 0.04
78	| 1.40	| 1.34	| 1.33	| 0.06
79	| 0.94	| 1.01	| 0.94	| 0.07
80	| 0.22	| 0.21	| 0.21	| 0.02
81	| 0.78	| 0.73	| 0.77	| 0.05
82	| 1.81	| 1.77	| 1.83	| 0.06
83	| 1.46	| 1.41	| 1.35	| 0.11
84	| 0.39	| 0.41	| 0.42	| 0.03
85	| 0.90	| 0.90	| 0.87	| 0.03
86	| 0.10	| 0.13	| 0.13	| 0.03
87	| 0.40	| 0.38	| 0.39	| 0.02
88	| 0.49	| 0.48	| 0.49	| 0.01
89	| 0.01	| 0.01	| 0.01	| 0.00
90	| 1.86	| 1.88	| 1.79	| 0.09
91	| 1.39	| 1.31	| 1.26	| 0.13
92	| 0.64	| 0.65	| 0.65	| 0.01
93	| 1.59	| 1.62	| 1.60	| 0.02
94	| 1.70	| 1.67	| 1.75	| 0.08
95	| 0.49	| 0.47	| 0.45	| 0.04
96	| 1.18	| 1.12	| 1.19	| 0.07
97	| 1.64	| 1.70	| 1.67	| 0.06
98	| 0.71	| 0.67	| 0.66	| 0.05
99	| 1.01	| 0.99	| 1.01	| 0.02
100	| 0.10	| 0.11	| 0.10	| 0.01
101	| 1.37	| 1.28	| 1.34	| 0.09
102	| 0.16	| 0.17	| 0.15	| 0.01
103	| 0.28	| 0.31	| 0.33	| 0.05
104	| 1.53	| 1.51	| 1.55	| 0.04
105	| 0.32	| 0.28	| 0.28	| 0.04
106	| 0.74	| 0.77	| 0.71	| 0.06
107	| 0.38	| 0.40	| 0.45	| 0.07
108	| 1.62	| 1.68	| 1.69	| 0.07
109	| 1.80	| 1.74	| 1.72	| 0.08
110	| 1.09	| 1.09	| 1.16	| 0.07
111	| 1.27	| 1.29	| 1.27	| 0.02
112	| 1.31	| 1.34	| 1.27	| 0.07
113	| 1.01	| 1.08	| 1.05	| 0.06
114	| 0.90	| 0.86	| 0.87	| 0.04
115	| 0.48	| 0.51	| 0.48	| 0.03
116	| 0.72	| 0.69	| 0.68	| 0.05
117	| 1.29	| 1.25	| 1.29	| 0.04
118	| 1.41	| 1.47	| 1.46	| 0.06
119	| 1.24	| 1.15	| 1.19	| 0.09
120	| 1.43	| 1.38	| 1.46	| 0.08
121	| 1.29	| 1.34	| 1.32	| 0.04
122	| 1.29	| 1.30	| 1.28	| 0.01
123	| 2.00	| 1.98	| 1.96	| 0.04
124	| 0.08	| 0.09	| 0.07	| 0.02
125	| 0.56	| 0.55	| 0.50	| 0.06
126	| 1.56	| 1.60	| 1.54	| 0.06
127	| 1.31	| 1.27	| 1.24	| 0.07
128	| 1.33	| 1.39	| 1.43	| 0.10
129	| 1.87	| 1.94	| 1.82	| 0.12
130	| 0.07	| 0.06	| 0.07	| 0.01
131	| 0.60	| 0.66	| 0.64	| 0.05
132	| 0.68	| 0.71	| 0.62	| 0.10
133	| 0.93	| 0.93	| 0.93	| 0.00
134	| 0.68	| 0.67	| 0.70	| 0.03
135	| 0.40	| 0.37	| 0.36	| 0.04
136	| 0.82	| 0.85	| 0.85	| 0.03
137	| 0.90	| 0.93	| 0.86	| 0.07
138	| 0.16	| 0.16	| 0.16	| 0.00
139	| 1.98	| 1.94	| 1.90	| 0.09
140	| 1.34	| 1.39	| 1.40	| 0.06
141	| 1.60	| 1.66	| 1.65	| 0.06
142	| 0.73	| 0.73	| 0.76	| 0.03
143	| 0.64	| 0.65	| 0.69	| 0.05
144	| 2.08	| 2.00	| 2.06	| 0.08
145	| 0.87	| 0.87	| 0.86	| 0.01
146	| 1.03	| 1.03	| 1.05	| 0.02
147	| 0.98	| 0.97	| 0.95	| 0.03
148	| 0.81	| 0.81	| 0.85	| 0.04
149	| 1.67	| 1.59	| 1.60	| 0.08
150	| 1.00	| 0.96	| 0.94	| 0.05
151	| 0.46	| 0.46	| 0.49	| 0.03
152	| 1.27	| 1.29	| 1.25	| 0.04
153	| 0.36	| 0.37	| 0.36	| 0.01
154	| 0.33	| 0.37	| 0.37	| 0.04
155	| 0.05	| 0.05	| 0.05	| 0.00
156	| 1.05	| 1.03	| 0.97	| 0.08
157	| 1.61	| 1.62	| 1.62	| 0.01
158	| 0.23	| 0.24	| 0.26	| 0.03
159	| 0.13	| 0.13	| 0.14	| 0.00
160	| 1.04	| 1.06	| 1.01	| 0.04
161	| 0.12	| 0.13	| 0.12	| 0.01
162	| 0.61	| 0.62	| 0.61	| 0.02
163	| 0.88	| 0.85	| 0.82	| 0.06
164	| 0.11	| 0.12	| 0.10	| 0.01
165	| 1.85	| 1.85	| 1.99	| 0.14
166	| 1.64	| 1.68	| 1.73	| 0.09
167	| 1.20	| 1.22	| 1.17	| 0.04
168	| 0.76	| 0.81	| 0.81	| 0.05
169	| 0.49	| 0.54	| 0.44	| 0.10
170	| 0.52	| 0.49	| 0.47	| 0.04
171	| 0.70	| 0.67	| 0.66	| 0.04
172	| 1.19	| 1.15	| 1.08	| 0.11
173	| 0.88	| 0.86	| 0.94	| 0.08
174	| 1.96	| 2.02	| 1.95	| 0.07
175	| 0.51	| 0.46	| 0.52	| 0.06
176	| 1.23	| 1.25	| 1.23	| 0.02
177	| 1.06	| 1.05	| 1.06	| 0.02
178	| 1.49	| 1.47	| 1.52	| 0.04
179	| 0.68	| 0.71	| 0.68	| 0.03
180	| 0.69	| 0.69	| 0.69	| 0.01
181	| 1.68	| 1.75	| 1.67	| 0.08
182	| 0.20	| 0.19	| 0.20	| 0.01
183	| 0.38	| 0.37	| 0.34	| 0.04
184	| 0.05	| 0.03	| 0.04	| 0.02
185	| 1.99	| 2.02	| 1.91	| 0.11
186	| 2.05	| 2.04	| 2.02	| 0.03
187	| 0.69	| 0.70	| 0.69	| 0.02
188	| 1.24	| 1.36	| 1.31	| 0.12
189	| 0.29	| 0.30	| 0.33	| 0.03
190	| 0.36	| 0.34	| 0.34	| 0.02
191	| 0.01	| 0.01	| 0.01	| 0.00
192	| 0.05	| 0.04	| 0.06	| 0.02
193	| 1.08	| 1.13	| 1.12	| 0.04
194	| 1.36	| 1.31	| 1.30	| 0.06
195	| 0.01	| 0.01	| 0.02	| 0.01
196	| 1.36	| 1.40	| 1.46	| 0.10
197	| 1.80	| 1.80	| 1.86	| 0.05
198	| 1.06	| 1.05	| 1.09	| 0.04
199	| 0.33	| 0.30	| 0.30	| 0.03
200	| 1.69	| 1.67	| 1.67	| 0.02
201	| 0.08	| 0.06	| 0.07	| 0.02
202	| 1.33	| 1.33	| 1.30	| 0.03
203	| 0.07	| 0.05	| 0.08	| 0.03
204	| 1.56	| 1.54	| 1.52	| 0.05
205	| 1.60	| 1.55	| 1.65	| 0.10
206	| 0.61	| 0.67	| 0.65	| 0.06
207	| 0.48	| 0.52	| 0.50	| 0.03
208	| 1.56	| 1.56	| 1.56	| 0.00
209	| 1.98	| 1.97	| 2.00	| 0.03
210	| 1.62	| 1.60	| 1.64	| 0.04
211	| 1.50	| 1.53	| 1.47	| 0.06
212	| 1.59	| 1.59	| 1.62	| 0.03
213	| 1.71	| 1.77	| 1.83	| 0.12
214	| 0.63	| 0.69	| 0.70	| 0.06
215	| 1.90	| 1.85	| 1.79	| 0.11
216	| 1.24	| 1.27	| 1.29	| 0.05
217	| 1.62	| 1.64	| 1.74	| 0.12
218	| 0.53	| 0.51	| 0.55	| 0.04
219	| 0.81	| 0.78	| 0.82	| 0.04
220	| 0.68	| 0.60	| 0.71	| 0.11
221	| 0.69	| 0.68	| 0.61	| 0.08
222	| 1.09	| 1.14	| 1.06	| 0.08
223	| 0.02	| 0.02	| 0.02	| 0.01
224	| 0.62	| 0.59	| 0.63	| 0.04
225	| 1.84	| 1.90	| 1.96	| 0.12
226	| 1.31	| 1.41	| 1.36	| 0.09
227	| 1.61	| 1.66	| 1.65	| 0.05
228	| 0.85	| 0.87	| 0.85	| 0.02
229	| 0.36	| 0.39	| 0.39	| 0.04
230	| 0.32	| 0.31	| 0.31	| 0.01
231	| 1.51	| 1.48	| 1.52	| 0.04
232	| 0.76	| 0.75	| 0.70	| 0.07
233	| 0.34	| 0.36	| 0.38	| 0.04
234	| 1.54	| 1.62	| 1.58	| 0.08
235	| 1.74	| 1.66	| 1.72	| 0.08
236	| 1.95	| 1.98	| 1.89	| 0.09
237	| 2.03	| 2.04	| 2.00	| 0.04
238	| 1.17	| 1.20	| 1.20	| 0.03
239	| 0.92	| 0.94	| 0.97	| 0.05
240	| 0.74	| 0.78	| 0.71	| 0.07
241	| 1.99	| 2.00	| 1.95	| 0.05
242	| 0.58	| 0.62	| 0.61	| 0.04
243	| 0.29	| 0.25	| 0.30	| 0.05
244	| 0.17	| 0.17	| 0.16	| 0.01
245	| 0.88	| 0.89	| 0.95	| 0.07
246	| 0.97	| 0.93	| 0.90	| 0.07
247	| 0.26	| 0.30	| 0.29	| 0.03
248	| 1.97	| 1.93	| 1.93	| 0.04
249	| 2.02	| 2.04	| 2.02	| 0.03
250	| 1.12	| 1.17	| 1.11	| 0.06
251	| 1.80	| 1.85	| 1.92	| 0.12
252	| 0.95	| 0.85	| 0.93	| 0.09
253	| 0.16	| 0.16	| 0.16	| 0.01
254	| 1.24	| 1.25	| 1.31	| 0.06
255	| 0.55	| 0.54	| 0.60	| 0.06
256	| 1.71	| 1.72	| 1.76	| 0.05
257	| 0.14	| 0.14	| 0.14	| 0.00
258	| 0.72	| 0.69	| 0.68	| 0.04
259	| 0.21	| 0.22	| 0.22	| 0.01
260	| 0.70	| 0.70	| 0.72	| 0.02
261	| 0.86	| 0.81	| 0.79	| 0.07
262	| 1.40	| 1.45	| 1.39	| 0.07
263	| 1.46	| 1.50	| 1.54	| 0.08
264	| 0.96	| 0.95	| 0.95	| 0.01
265	| 1.59	| 1.55	| 1.53	| 0.07
266	| 2.01	| 1.99	| 1.93	| 0.08
267	| 1.41	| 1.37	| 1.36	| 0.05
268	| 0.31	| 0.33	| 0.31	| 0.02
269	| 1.71	| 1.70	| 1.71	| 0.01
270	| 0.60	| 0.65	| 0.61	| 0.05
271	| 1.45	| 1.44	| 1.39	| 0.06
272	| 1.19	| 1.16	| 1.20	| 0.04
273	| 1.24	| 1.20	| 1.25	| 0.05
274	| 1.89	| 1.91	| 1.91	| 0.02
275	| 2.02	| 2.02	| 1.99	| 0.04
276	| 0.03	| 0.03	| 0.02	| 0.01
277	| 1.83	| 1.83	| 1.84	| 0.01
278	| 1.73	| 1.73	| 1.64	| 0.09
279	| 0.97	| 0.97	| 1.01	| 0.04
280	| 1.35	| 1.32	| 1.35	| 0.03
281	| 1.87	| 1.83	| 1.92	| 0.08
282	| 1.14	| 1.15	| 1.12	| 0.02
283	| 1.44	| 1.40	| 1.42	| 0.04
284	| 0.04	| 0.04	| 0.04	| 0.00
285	| 1.96	| 1.99	| 1.98	| 0.02
286	| 1.06	| 1.11	| 1.09	| 0.04
287	| 0.15	| 0.14	| 0.17	| 0.04
288	| 0.72	| 0.72	| 0.76	| 0.04
289	| 0.52	| 0.52	| 0.50	| 0.02
290	| 1.31	| 1.24	| 1.30	| 0.06
291	| 1.42	| 1.44	| 1.38	| 0.05
292	| 1.81	| 1.76	| 1.85	| 0.09
293	| 0.83	| 0.78	| 0.78	| 0.06
294	| 0.58	| 0.58	| 0.52	| 0.06
295	| 0.21	| 0.20	| 0.17	| 0.04
296	| 0.60	| 0.55	| 0.64	| 0.08
297	| 0.69	| 0.69	| 0.64	| 0.05
298	| 1.64	| 1.81	| 1.80	| 0.17
299	| 0.25	| 0.28	| 0.26	| 0.03
300	| 0.30	| 0.32	| 0.33	| 0.02
301	| 1.93	| 1.96	| 1.98	| 0.06
302	| 1.92	| 1.81	| 1.90	| 0.11
303	| 1.02	| 1.03	| 1.05	| 0.03
304	| 1.92	| 1.92	| 1.87	| 0.05
305	| 0.37	| 0.36	| 0.37	| 0.01
306	| 1.62	| 1.60	| 1.60	| 0.02
307	| 0.27	| 0.25	| 0.26	| 0.02
308	| 0.39	| 0.45	| 0.42	| 0.06
309	| 1.04	| 1.03	| 1.04	| 0.01
310	| 1.03	| 1.04	| 1.05	| 0.01
311	| 1.14	| 1.08	| 1.07	| 0.07
312	| 1.43	| 1.45	| 1.41	| 0.04
313	| 1.56	| 1.48	| 1.54	| 0.08
314	| 0.58	| 0.54	| 0.57	| 0.03
315	| 0.77	| 0.80	| 0.75	| 0.05
316	| 0.22	| 0.21	| 0.21	| 0.02
317	| 1.34	| 1.38	| 1.38	| 0.04
318	| 0.87	| 0.85	| 0.90	| 0.05
319	| 0.35	| 0.35	| 0.35	| 0.00
320	| 0.72	| 0.82	| 0.73	| 0.10
321	| 0.88	| 0.90	| 0.85	| 0.05
322	| 1.63	| 1.67	| 1.66	| 0.04
323	| 1.38	| 1.35	| 1.41	| 0.06
324	| 1.98	| 1.97	| 2.02	| 0.05
325	| 0.47	| 0.49	| 0.54	| 0.07
326	| 1.48	| 1.50	| 1.52	| 0.03
327	| 0.85	| 0.84	| 0.80	| 0.05
328	| 1.25	| 1.28	| 1.29	| 0.04
329	| 1.32	| 1.42	| 1.44	| 0.12
330	| 1.94	| 1.97	| 2.01	| 0.07
331	| 1.47	| 1.49	| 1.40	| 0.09
332	| 1.59	| 1.62	| 1.61	| 0.03
333	| 0.09	| 0.09	| 0.08	| 0.01
334	| 0.43	| 0.46	| 0.48	| 0.04
335	| 0.77	| 0.83	| 0.75	| 0.08
336	| 1.45	| 1.52	| 1.50	| 0.07
337	| 0.97	| 0.98	| 0.92	| 0.05
338	| 1.42	| 1.34	| 1.27	| 0.15
339	| 1.54	| 1.57	| 1.55	| 0.02
340	| 0.40	| 0.44	| 0.47	| 0.07
341	| 0.47	| 0.43	| 0.46	| 0.04
342	| 0.16	| 0.14	| 0.12	| 0.04
343	| 2.02	| 2.11	| 1.95	| 0.15
344	| 0.42	| 0.45	| 0.49	| 0.07
345	| 1.44	| 1.40	| 1.42	| 0.04
346	| 1.36	| 1.44	| 1.38	| 0.08
347	| 1.33	| 1.33	| 1.36	| 0.03
348	| 1.32	| 1.22	| 1.31	| 0.10
349	| 0.90	| 0.94	| 0.90	| 0.04
350	| 0.71	| 0.69	| 0.70	| 0.02
351	| 1.15	| 1.12	| 1.09	| 0.05
352	| 0.52	| 0.51	| 0.47	| 0.06
353	| 0.51	| 0.46	| 0.54	| 0.08
354	| 1.28	| 1.37	| 1.34	| 0.09
355	| 1.96	| 1.98	| 1.95	| 0.03
356	| 1.15	| 1.07	| 1.00	| 0.15
357	| 1.15	| 1.19	| 1.18	| 0.04
358	| 2.03	| 2.01	| 1.99	| 0.03
359	| 1.24	| 1.31	| 1.37	| 0.13
360	| 0.72	| 0.74	| 0.78	| 0.06
361	| 2.04	| 1.96	| 2.07	| 0.10
362	| 0.92	| 0.86	| 0.95	| 0.09
363	| 1.80	| 1.76	| 1.78	| 0.03
364	| 1.21	| 1.20	| 1.17	| 0.04
365	| 1.41	| 1.43	| 1.43	| 0.03
366	| 1.40	| 1.43	| 1.40	| 0.04
367	| 1.22	| 1.19	| 1.24	| 0.05
368	| 1.08	| 1.17	| 1.16	| 0.08
369	| 1.34	| 1.35	| 1.33	| 0.02
370	| 0.31	| 0.33	| 0.29	| 0.04
371	| 0.84	| 0.92	| 0.88	| 0.07
372	| 0.51	| 0.44	| 0.46	| 0.07
373	| 0.40	| 0.41	| 0.39	| 0.02
374	| 0.07	| 0.09	| 0.06	| 0.03
375	| 0.34	| 0.36	| 0.34	| 0.02
376	| 0.20	| 0.21	| 0.18	| 0.02
377	| 0.82	| 0.76	| 0.82	| 0.07
378	| 1.30	| 1.29	| 1.32	| 0.02
379	| 0.10	| 0.10	| 0.10	| 0.01
380	| 0.51	| 0.56	| 0.53	| 0.05
381	| 0.62	| 0.59	| 0.61	| 0.03
382	| 0.24	| 0.21	| 0.26	| 0.04
383	| 1.05	| 1.06	| 1.07	| 0.01
384	| 1.80	| 1.79	| 1.80	| 0.01
385	| 0.77	| 0.69	| 0.72	| 0.08
386	| 1.16	| 1.12	| 1.09	| 0.07
387	| 0.25	| 0.28	| 0.27	| 0.03
388	| 1.71	| 1.67	| 1.67	| 0.04
389	| 0.06	| 0.06	| 0.06	| 0.01
390	| 1.18	| 1.23	| 1.21	| 0.04
391	| 1.25	| 1.26	| 1.25	| 0.01
392	| 0.07	| 0.07	| 0.07	| 0.00
393	| 1.07	| 1.11	| 1.12	| 0.05
394	| 1.63	| 1.56	| 1.57	| 0.07
395	| 1.18	| 1.20	| 1.23	| 0.05
396	| 1.43	| 1.44	| 1.47	| 0.04
397	| 0.11	| 0.12	| 0.11	| 0.01
398	| 0.16	| 0.18	| 0.18	| 0.02
399	| 2.00	| 1.88	| 1.95	| 0.12
400	| 1.90	| 1.93	| 1.90	| 0.03
401	| 0.35	| 0.36	| 0.32	| 0.03
402	| 0.67	| 0.68	| 0.65	| 0.03
403	| 1.11	| 1.12	| 1.16	| 0.05
404	| 0.33	| 0.35	| 0.35	| 0.03
405	| 1.80	| 1.87	| 1.84	| 0.07
406	| 1.84	| 1.81	| 1.85	| 0.05
407	| 0.94	| 0.99	| 0.91	| 0.08
408	| 1.85	| 1.87	| 1.94	| 0.09
409	| 1.77	| 1.74	| 1.88	| 0.13
410	| 0.66	| 0.61	| 0.61	| 0.05
411	| 0.26	| 0.28	| 0.27	| 0.02
412	| 1.85	| 1.89	| 1.75	| 0.14
413	| 1.16	| 1.12	| 1.18	| 0.06
414	| 1.61	| 1.67	| 1.65	| 0.05
415	| 0.39	| 0.39	| 0.39	| 0.01
416	| 1.13	| 1.13	| 1.12	| 0.01
417	| 1.63	| 1.60	| 1.62	| 0.03
418	| 0.78	| 0.69	| 0.73	| 0.10
419	| 1.45	| 1.54	| 1.48	| 0.09
420	| 1.06	| 1.03	| 1.03	| 0.03
421	| 0.55	| 0.52	| 0.51	| 0.04
422	| 1.44	| 1.44	| 1.50	| 0.06
423	| 1.60	| 1.67	| 1.62	| 0.07
424	| 0.29	| 0.28	| 0.29	| 0.01
425	| 1.89	| 1.79	| 1.86	| 0.11
426	| 0.82	| 0.92	| 0.86	| 0.10
427	| 1.11	| 1.06	| 1.08	| 0.06
428	| 0.55	| 0.55	| 0.47	| 0.07
429	| 1.65	| 1.62	| 1.62	| 0.03
430	| 1.44	| 1.53	| 1.53	| 0.09
431	| 0.20	| 0.23	| 0.23	| 0.03
432	| 1.86	| 1.92	| 1.93	| 0.07
433	| 1.18	| 1.24	| 1.21	| 0.05
434	| 0.39	| 0.36	| 0.39	| 0.03
435	| 0.04	| 0.03	| 0.04	| 0.01
436	| 0.13	| 0.12	| 0.13	| 0.01
437	| 0.80	| 0.79	| 0.82	| 0.04
438	| 1.70	| 1.67	| 1.76	| 0.09
439	| 0.19	| 0.16	| 0.16	| 0.03
440	| 1.18	| 1.16	| 1.25	| 0.09
441	| 1.39	| 1.36	| 1.34	| 0.05
442	| 0.44	| 0.43	| 0.45	| 0.03
443	| 1.76	| 1.68	| 1.79	| 0.11
444	| 1.65	| 1.67	| 1.79	| 0.14
445	| 1.46	| 1.56	| 1.61	| 0.15
446	| 0.17	| 0.17	| 0.20	| 0.03
447	| 0.84	| 0.89	| 0.83	| 0.06
448	| 0.13	| 0.13	| 0.13	| 0.00
449	| 0.89	| 0.85	| 0.88	| 0.04
450	| 0.65	| 0.62	| 0.68	| 0.05
451	| 0.01	| 0.01	| 0.01	| 0.00
452	| 1.63	| 1.71	| 1.64	| 0.09
453	| 1.98	| 2.03	| 1.98	| 0.05
454	| 0.22	| 0.23	| 0.24	| 0.01
455	| 1.47	| 1.44	| 1.44	| 0.03
456	| 0.72	| 0.75	| 0.77	| 0.05
457	| 0.72	| 0.72	| 0.73	| 0.02
458	| 1.73	| 1.67	| 1.71	| 0.06
459	| 1.94	| 1.97	| 1.94	| 0.04
460	| 1.40	| 1.40	| 1.40	| 0.01
461	| 0.38	| 0.37	| 0.38	| 0.01
462	| 0.09	| 0.12	| 0.12	| 0.03
463	| 0.86	| 0.83	| 0.86	| 0.03
464	| 0.57	| 0.52	| 0.59	| 0.07
465	| 1.14	| 1.14	| 1.20	| 0.06
466	| 1.61	| 1.50	| 1.51	| 0.11
467	| 0.06	| 0.06	| 0.06	| 0.00
468	| 1.35	| 1.45	| 1.39	| 0.10
469	| 0.56	| 0.60	| 0.57	| 0.04
470	| 1.44	| 1.40	| 1.37	| 0.08
471	| 1.28	| 1.31	| 1.30	| 0.03
472	| 1.78	| 1.84	| 1.80	| 0.06
473	| 1.02	| 1.04	| 1.00	| 0.04
474	| 0.98	| 1.00	| 1.08	| 0.10
475	| 0.71	| 0.72	| 0.63	| 0.09
476	| 1.47	| 1.42	| 1.43	| 0.05
477	| 1.07	| 1.14	| 1.02	| 0.12
478	| 1.62	| 1.69	| 1.68	| 0.06
479	| 1.94	| 1.77	| 1.86	| 0.17
480	| 1.43	| 1.46	| 1.50	| 0.07
481	| 0.81	| 0.85	| 0.86	| 0.05
482	| 1.73	| 1.72	| 1.76	| 0.05
483	| 0.50	| 0.48	| 0.47	| 0.03
484	| 0.03	| 0.03	| 0.01	| 0.01
485	| 0.84	| 0.76	| 0.74	| 0.09
486	| 1.29	| 1.25	| 1.30	| 0.05
487	| 0.38	| 0.35	| 0.35	| 0.03
488	| 1.29	| 1.29	| 1.24	| 0.05
489	| 1.52	| 1.53	| 1.48	| 0.05
490	| 0.84	| 0.87	| 0.89	| 0.04
491	| 2.01	| 2.07	| 2.11	| 0.10
492	| 1.54	| 1.66	| 1.63	| 0.11
493	| 0.92	| 0.90	| 0.92	| 0.02
494	| 1.05	| 1.05	| 1.00	| 0.05
495	| 1.82	| 1.90	| 1.85	| 0.08
496	| 1.56	| 1.49	| 1.52	| 0.07
497	| 0.21	| 0.20	| 0.18	| 0.03
498	| 0.02	| 0.02	| 0.02	| 0.00
499	| 1.26	| 1.32	| 1.35	| 0.09
500	| 0.20	| 0.21	| 0.21	| 0.02
501	| 0.70	| 0.77	| 0.78	| 0.07
502	| 0.97	| 0.90	| 0.96	| 0.07
503	| 0.73	| 0.65	| 0.67	| 0.08
504	| 0.36	| 0.31	| 0.28	| 0.08
505	| 0.93	| 0.91	| 0.91	| 0.02
506	| 1.64	| 1.63	| 1.61	| 0.03
507	| 1.26	| 1.24	| 1.20	| 0.06
508	| 0.50	| 0.50	| 0.48	| 0.02
509	| 1.77	| 1.79	| 1.77	| 0.02
510	| 0.12	| 0.14	| 0.15	| 0.03
511	| 0.01	| 0.01	| 0.01	| 0.01
512	| 1.91	| 1.83	| 1.78	| 0.14
513	| 1.63	| 1.68	| 1.67	| 0.05
514	| 0.18	| 0.17	| 0.17	| 0.01
515	| 2.03	| 1.95	| 2.05	| 0.10
516	| 1.11	| 1.09	| 1.04	| 0.07
517	| 0.92	| 0.81	| 0.80	| 0.11
518	| 0.81	| 0.78	| 0.77	| 0.05
519	| 1.48	| 1.53	| 1.48	| 0.05
520	| 1.01	| 0.98	| 1.06	| 0.07
521	| 0.13	| 0.14	| 0.12	| 0.02
522	| 0.16	| 0.17	| 0.14	| 0.03
523	| 0.71	| 0.65	| 0.66	| 0.06
524	| 0.08	| 0.09	| 0.10	| 0.01
525	| 0.19	| 0.20	| 0.19	| 0.01
526	| 1.14	| 1.20	| 1.18	| 0.07
527	| 0.58	| 0.57	| 0.57	| 0.01
528	| 0.42	| 0.43	| 0.43	| 0.01
529	| 1.96	| 1.97	| 2.11	| 0.15
530	| 0.50	| 0.44	| 0.52	| 0.07
531	| 1.21	| 1.19	| 1.20	| 0.03
532	| 0.07	| 0.06	| 0.06	| 0.01
533	| 1.01	| 1.05	| 1.01	| 0.04
534	| 1.85	| 1.80	| 1.86	| 0.05
535	| 1.14	| 1.12	| 1.19	| 0.07
536	| 0.73	| 0.72	| 0.69	| 0.03
537	| 0.62	| 0.62	| 0.60	| 0.03
538	| 1.59	| 1.59	| 1.64	| 0.05
539	| 1.22	| 1.33	| 1.26	| 0.11
540	| 0.62	| 0.62	| 0.60	| 0.02
541	| 1.45	| 1.45	| 1.44	| 0.01
542	| 1.00	| 1.01	| 0.97	| 0.05
543	| 0.99	| 0.98	| 0.93	| 0.06
544	| 1.88	| 1.90	| 2.01	| 0.13
545	| 1.30	| 1.33	| 1.31	| 0.03
546	| 0.24	| 0.22	| 0.22	| 0.02
547	| 1.41	| 1.43	| 1.48	| 0.07
548	| 0.16	| 0.17	| 0.18	| 0.02
549	| 1.84	| 1.84	| 1.93	| 0.09
550	| 0.25	| 0.28	| 0.24	| 0.04
551	| 1.68	| 1.69	| 1.71	| 0.03
552	| 1.97	| 1.95	| 1.98	| 0.03
553	| 1.80	| 1.81	| 1.77	| 0.04
554	| 0.17	| 0.16	| 0.15	| 0.01
555	| 0.74	| 0.72	| 0.71	| 0.03
556	| 1.10	| 1.07	| 1.07	| 0.03
557	| 1.21	| 1.17	| 1.12	| 0.09
558	| 1.99	| 1.92	| 1.87	| 0.11
559	| 0.30	| 0.29	| 0.28	| 0.02
560	| 0.33	| 0.34	| 0.33	| 0.01
561	| 0.83	| 0.83	| 0.82	| 0.01
562	| 1.22	| 1.15	| 1.15	| 0.07
563	| 1.25	| 1.23	| 1.22	| 0.03
564	| 0.67	| 0.65	| 0.66	| 0.02
565	| 1.74	| 1.63	| 1.76	| 0.13
566	| 1.03	| 0.95	| 1.00	| 0.08
567	| 0.71	| 0.66	| 0.63	| 0.08
568	| 1.82	| 1.77	| 1.83	| 0.07
569	| 0.54	| 0.48	| 0.48	| 0.07
570	| 0.82	| 0.83	| 0.82	| 0.01
571	| 1.44	| 1.35	| 1.43	| 0.08
572	| 1.31	| 1.34	| 1.34	| 0.03
573	| 0.25	| 0.25	| 0.24	| 0.01
574	| 1.87	| 1.87	| 1.90	| 0.03
575	| 1.91	| 2.05	| 2.00	| 0.14
576	| 1.06	| 1.05	| 1.08	| 0.03
577	| 1.95	| 1.98	| 1.98	| 0.04
578	| 2.11	| 2.02	| 2.00	| 0.11
579	| 1.12	| 1.08	| 1.17	| 0.09
580	| 0.16	| 0.16	| 0.18	| 0.02
581	| 1.11	| 1.16	| 1.11	| 0.05
582	| 0.55	| 0.58	| 0.57	| 0.03
583	| 1.15	| 1.22	| 1.16	| 0.08
584	| 0.52	| 0.49	| 0.52	| 0.03
585	| 0.07	| 0.07	| 0.08	| 0.01
586	| 1.00	| 1.05	| 1.00	| 0.05
587	| 0.47	| 0.41	| 0.49	| 0.08
588	| 1.61	| 1.58	| 1.50	| 0.11
589	| 1.90	| 1.88	| 1.85	| 0.06
590	| 1.55	| 1.54	| 1.59	| 0.06
591	| 0.93	| 0.96	| 0.94	| 0.03
592	| 0.24	| 0.24	| 0.23	| 0.01
593	| 1.10	| 1.10	| 1.15	| 0.05
594	| 0.61	| 0.63	| 0.64	| 0.03
595	| 1.80	| 1.70	| 1.75	| 0.10
596	| 0.82	| 0.80	| 0.80	| 0.02
597	| 0.97	| 0.98	| 0.96	| 0.03
598	| 1.42	| 1.48	| 1.45	| 0.07
599	| 1.82	| 1.76	| 1.79	| 0.06
600	| 0.64	| 0.65	| 0.61	| 0.04
601	| 1.06	| 1.07	| 1.06	| 0.01
602	| 0.11	| 0.12	| 0.11	| 0.01
603	| 1.74	| 1.74	| 1.80	| 0.06
604	| 0.68	| 0.68	| 0.68	| 0.01
605	| 1.08	| 1.00	| 1.07	| 0.08
606	| 0.45	| 0.39	| 0.42	| 0.06
607	| 1.97	| 1.92	| 1.85	| 0.12
608	| 1.34	| 1.41	| 1.41	| 0.07
609	| 0.41	| 0.44	| 0.39	| 0.05
610	| 1.46	| 1.43	| 1.38	| 0.08
611	| 1.85	| 1.66	| 1.77	| 0.19
612	| 0.10	| 0.11	| 0.12	| 0.02
613	| 1.09	| 1.09	| 1.15	| 0.06
614	| 1.59	| 1.65	| 1.64	| 0.06
615	| 1.03	| 1.00	| 1.01	| 0.03
616	| 1.60	| 1.58	| 1.63	| 0.05
617	| 1.37	| 1.45	| 1.48	| 0.11
618	| 1.13	| 1.17	| 1.20	| 0.07
619	| 1.41	| 1.50	| 1.54	| 0.14
620	| 0.62	| 0.67	| 0.63	| 0.05
621	| 1.40	| 1.34	| 1.39	| 0.06
622	| 0.19	| 0.20	| 0.18	| 0.02
623	| 0.04	| 0.04	| 0.03	| 0.00
624	| 0.18	| 0.21	| 0.18	| 0.03
625	| 0.17	| 0.16	| 0.19	| 0.03
626	| 0.65	| 0.64	| 0.65	| 0.01
627	| 0.62	| 0.59	| 0.59	| 0.04
628	| 0.82	| 0.79	| 0.81	| 0.03
629	| 0.70	| 0.67	| 0.70	| 0.03
630	| 1.62	| 1.69	| 1.57	| 0.11
631	| 0.62	| 0.64	| 0.70	| 0.08
632	| 0.17	| 0.19	| 0.22	| 0.05
633	| 1.78	| 1.82	| 1.81	| 0.04
634	| 1.40	| 1.34	| 1.29	| 0.11
635	| 0.15	| 0.17	| 0.19	| 0.04
636	| 0.54	| 0.54	| 0.51	| 0.03
637	| 1.12	| 1.16	| 1.13	| 0.04
638	| 1.63	| 1.59	| 1.58	| 0.04
639	| 1.38	| 1.40	| 1.39	| 0.02
640	| 0.95	| 0.77	| 0.80	| 0.18
641	| 0.29	| 0.32	| 0.31	| 0.03
642	| 0.80	| 0.80	| 0.79	| 0.01
643	| 0.36	| 0.41	| 0.41	| 0.04
644	| 0.55	| 0.58	| 0.53	| 0.05
645	| 0.66	| 0.72	| 0.71	| 0.06
646	| 0.47	| 0.48	| 0.52	| 0.05
647	| 0.43	| 0.44	| 0.43	| 0.01
648	| 0.57	| 0.52	| 0.58	| 0.07
649	| 1.20	| 1.20	| 1.26	| 0.06
650	| 1.23	| 1.24	| 1.28	| 0.05
651	| 0.48	| 0.47	| 0.49	| 0.02
652	| 0.93	| 0.80	| 0.93	| 0.13
653	| 1.49	| 1.50	| 1.51	| 0.02
654	| 1.61	| 1.56	| 1.57	| 0.04
655	| 1.41	| 1.39	| 1.35	| 0.06
656	| 1.22	| 1.26	| 1.29	| 0.08
657	| 2.12	| 1.98	| 2.00	| 0.13
658	| 0.00	| 0.00	| 0.00	| 0.00
659	| 0.24	| 0.24	| 0.23	| 0.01
660	| 0.42	| 0.42	| 0.38	| 0.05
661	| 1.40	| 1.39	| 1.41	| 0.02
662	| 0.20	| 0.19	| 0.19	| 0.01
663	| 1.64	| 1.69	| 1.60	| 0.09
664	| 1.27	| 1.25	| 1.24	| 0.03
665	| 0.62	| 0.67	| 0.70	| 0.08
666	| 0.97	| 0.92	| 0.98	| 0.06
667	| 0.81	| 0.76	| 0.77	| 0.06
668	| 1.51	| 1.44	| 1.48	| 0.07
669	| 1.75	| 1.70	| 1.75	| 0.06
670	| 0.33	| 0.32	| 0.31	| 0.02
671	| 0.11	| 0.08	| 0.08	| 0.03
672	| 1.86	| 1.86	| 1.90	| 0.04
673	| 0.27	| 0.27	| 0.26	| 0.01
674	| 1.19	| 1.16	| 1.23	| 0.07
675	| 1.41	| 1.48	| 1.44	| 0.07
676	| 0.78	| 0.80	| 0.83	| 0.04
677	| 1.92	| 1.92	| 1.97	| 0.05
678	| 0.03	| 0.02	| 0.03	| 0.01
679	| 0.70	| 0.69	| 0.67	| 0.03
680	| 0.09	| 0.07	| 0.08	| 0.02
681	| 1.06	| 1.04	| 1.01	| 0.05
682	| 1.96	| 1.88	| 1.81	| 0.15
683	| 1.69	| 1.70	| 1.76	| 0.07
684	| 0.14	| 0.18	| 0.16	| 0.03
685	| 0.96	| 1.05	| 0.97	| 0.09
686	| 1.70	| 1.68	| 1.70	| 0.02
687	| 1.88	| 1.91	| 1.89	| 0.03
688	| 1.68	| 1.63	| 1.63	| 0.06
689	| 0.44	| 0.43	| 0.43	| 0.01
690	| 0.06	| 0.05	| 0.06	| 0.02
691	| 1.94	| 2.02	| 1.89	| 0.13
692	| 0.99	| 0.93	| 1.01	| 0.08
693	| 0.09	| 0.09	| 0.10	| 0.02
694	| 1.70	| 1.75	| 1.74	| 0.05
695	| 1.52	| 1.48	| 1.44	| 0.09
696	| 0.84	| 0.80	| 0.80	| 0.04
697	| 1.68	| 1.72	| 1.67	| 0.05
698	| 1.17	| 1.20	| 1.15	| 0.05
699	| 1.91	| 1.92	| 1.85	| 0.07
700	| 0.76	| 0.78	| 0.81	| 0.06
701	| 2.07	| 1.98	| 2.04	| 0.09
702	| 1.70	| 1.68	| 1.69	| 0.02
703	| 1.09	| 1.11	| 1.08	| 0.03
704	| 0.57	| 0.64	| 0.59	| 0.07
705	| 0.83	| 0.84	| 0.85	| 0.02
706	| 0.38	| 0.35	| 0.36	| 0.04
707	| 0.82	| 0.80	| 0.76	| 0.06
708	| 0.04	| 0.05	| 0.05	| 0.01
709	| 1.11	| 1.10	| 1.08	| 0.03
710	| 1.10	| 1.14	| 1.12	| 0.05
711	| 0.67	| 0.73	| 0.73	| 0.07
712	| 0.26	| 0.27	| 0.28	| 0.02
713	| 0.91	| 0.95	| 0.97	| 0.07
714	| 1.69	| 1.74	| 1.66	| 0.08
715	| 1.63	| 1.61	| 1.65	| 0.04
716	| 0.17	| 0.13	| 0.14	| 0.04
717	| 1.70	| 1.80	| 1.71	| 0.10
718	| 0.36	| 0.36	| 0.36	| 0.01
719	| 0.89	| 0.86	| 0.88	| 0.03
720	| 1.68	| 1.67	| 1.64	| 0.04
721	| 0.99	| 1.03	| 1.03	| 0.05
722	| 0.59	| 0.63	| 0.60	| 0.04
723	| 0.13	| 0.13	| 0.14	| 0.01
724	| 0.71	| 0.68	| 0.69	| 0.04
725	| 0.93	| 0.91	| 0.88	| 0.05
726	| 1.70	| 1.70	| 1.63	| 0.07
727	| 1.30	| 1.30	| 1.33	| 0.03
728	| 1.38	| 1.39	| 1.36	| 0.03
729	| 0.58	| 0.55	| 0.55	| 0.04
730	| 1.51	| 1.63	| 1.63	| 0.12
731	| 0.28	| 0.32	| 0.31	| 0.04
732	| 1.17	| 1.15	| 1.19	| 0.04
733	| 0.98	| 0.98	| 0.95	| 0.03
734	| 1.43	| 1.42	| 1.47	| 0.06
735	| 0.12	| 0.12	| 0.12	| 0.00
736	| 1.96	| 1.93	| 1.97	| 0.04
737	| 0.88	| 0.92	| 0.83	| 0.09
738	| 0.82	| 0.78	| 0.75	| 0.07
739	| 1.96	| 1.95	| 1.99	| 0.04
740	| 0.43	| 0.44	| 0.44	| 0.02
741	| 1.14	| 1.17	| 1.11	| 0.06
742	| 0.96	| 1.00	| 0.95	| 0.05
743	| 0.98	| 1.04	| 0.99	| 0.06
744	| 0.94	| 0.98	| 0.97	| 0.04
745	| 1.93	| 1.89	| 1.89	| 0.04
746	| 1.64	| 1.59	| 1.59	| 0.05
747	| 0.58	| 0.62	| 0.59	| 0.04
748	| 1.64	| 1.70	| 1.69	| 0.06
749	| 1.07	| 1.08	| 1.06	| 0.03
750	| 0.24	| 0.24	| 0.24	| 0.01
751	| 0.49	| 0.50	| 0.52	| 0.03
752	| 0.33	| 0.33	| 0.30	| 0.03
753	| 1.35	| 1.42	| 1.41	| 0.06
754	| 0.11	| 0.10	| 0.09	| 0.02
755	| 0.48	| 0.54	| 0.51	| 0.05
756	| 0.95	| 1.00	| 0.93	| 0.07
757	| 1.69	| 1.72	| 1.70	| 0.03
758	| 0.14	| 0.13	| 0.15	| 0.01
759	| 0.90	| 0.85	| 0.82	| 0.07
760	| 0.44	| 0.47	| 0.46	| 0.03
761	| 1.62	| 1.54	| 1.59	| 0.08
762	| 1.27	| 1.31	| 1.30	| 0.03
763	| 1.72	| 1.56	| 1.68	| 0.16
764	| 0.50	| 0.49	| 0.49	| 0.01
765	| 0.23	| 0.21	| 0.21	| 0.02
766	| 1.14	| 1.13	| 1.17	| 0.04
767	| 0.89	| 0.87	| 0.83	| 0.06
768	| 0.04	| 0.03	| 0.04	| 0.01
769	| 1.31	| 1.34	| 1.32	| 0.03
770	| 1.56	| 1.59	| 1.60	| 0.03
771	| 1.44	| 1.43	| 1.39	| 0.05
772	| 0.30	| 0.31	| 0.28	| 0.03
773	| 1.09	| 1.05	| 1.09	| 0.05
774	| 1.43	| 1.45	| 1.46	| 0.03
775	| 1.18	| 1.14	| 1.08	| 0.09
776	| 0.52	| 0.55	| 0.58	| 0.07
777	| 0.71	| 0.66	| 0.70	| 0.05
778	| 0.27	| 0.26	| 0.24	| 0.04
779	| 1.16	| 1.17	| 1.15	| 0.02
780	| 1.93	| 1.86	| 1.92	| 0.07
781	| 0.37	| 0.39	| 0.37	| 0.02
782	| 0.15	| 0.17	| 0.16	| 0.02
783	| 0.19	| 0.18	| 0.16	| 0.03
784	| 1.08	| 1.12	| 1.10	| 0.04
785	| 0.52	| 0.52	| 0.54	| 0.02
786	| 0.94	| 0.95	| 0.94	| 0.01
787	| 1.13	| 1.16	| 1.09	| 0.07
788	| 1.27	| 1.27	| 1.26	| 0.01
789	| 0.04	| 0.05	| 0.05	| 0.00
790	| 0.05	| 0.04	| 0.05	| 0.01
791	| 1.19	| 1.18	| 1.20	| 0.02
792	| 1.49	| 1.47	| 1.46	| 0.03
793	| 0.97	| 1.05	| 0.97	| 0.08
794	| 0.76	| 0.74	| 0.76	| 0.02
795	| 0.06	| 0.08	| 0.07	| 0.01
796	| 0.70	| 0.69	| 0.70	| 0.00
797	| 1.51	| 1.53	| 1.53	| 0.02
798	| 1.98	| 1.94	| 1.95	| 0.05
799	| 1.51	| 1.57	| 1.54	| 0.05
800	| 0.17	| 0.17	| 0.18	| 0.01
801	| 1.69	| 1.73	| 1.74	| 0.06
802	| 1.74	| 1.64	| 1.75	| 0.12
803	| 0.99	| 1.01	| 1.00	| 0.01
804	| 0.21	| 0.24	| 0.23	| 0.03
805	| 2.00	| 1.82	| 1.94	| 0.18
806	| 1.28	| 1.29	| 1.26	| 0.03
807	| 0.47	| 0.55	| 0.50	| 0.08
808	| 1.75	| 1.76	| 1.79	| 0.04
809	| 1.95	| 1.84	| 1.84	| 0.11
810	| 0.63	| 0.70	| 0.65	| 0.07
811	| 1.83	| 1.81	| 1.78	| 0.05
812	| 0.04	| 0.03	| 0.03	| 0.01
813	| 1.78	| 1.81	| 1.85	| 0.06
814	| 1.73	| 1.68	| 1.66	| 0.07
815	| 0.77	| 0.77	| 0.76	| 0.01
816	| 0.95	| 0.97	| 0.98	| 0.03
817	| 0.53	| 0.55	| 0.52	| 0.03
818	| 0.82	| 0.87	| 0.88	| 0.07
819	| 1.34	| 1.29	| 1.27	| 0.06
820	| 0.73	| 0.79	| 0.80	| 0.07
821	| 0.21	| 0.19	| 0.22	| 0.03
822	| 1.03	| 1.06	| 1.03	| 0.03
823	| 0.60	| 0.56	| 0.52	| 0.08
824	| 0.52	| 0.57	| 0.61	| 0.09
825	| 0.80	| 0.83	| 0.82	| 0.02
826	| 1.72	| 1.73	| 1.72	| 0.02
827	| 1.66	| 1.68	| 1.71	| 0.04
828	| 0.04	| 0.04	| 0.04	| 0.00
829	| 1.70	| 1.75	| 1.73	| 0.05
830	| 0.54	| 0.52	| 0.53	| 0.02
831	| 1.70	| 1.68	| 1.69	| 0.02
832	| 0.33	| 0.34	| 0.30	| 0.04
833	| 0.61	| 0.62	| 0.64	| 0.03
834	| 0.87	| 0.91	| 0.79	| 0.11
835	| 1.20	| 1.19	| 1.20	| 0.01
836	| 0.57	| 0.53	| 0.52	| 0.05
837	| 1.78	| 1.78	| 1.73	| 0.05
838	| 1.49	| 1.50	| 1.51	| 0.02
839	| 0.12	| 0.13	| 0.12	| 0.01
840	| 1.54	| 1.52	| 1.49	| 0.05
841	| 0.34	| 0.32	| 0.30	| 0.04
842	| 0.56	| 0.52	| 0.49	| 0.07
843	| 0.48	| 0.47	| 0.48	| 0.01
844	| 1.28	| 1.32	| 1.27	| 0.06
845	| 1.10	| 1.23	| 1.12	| 0.13
846	| 1.46	| 1.54	| 1.46	| 0.08
847	| 0.78	| 0.76	| 0.77	| 0.02
848	| 1.50	| 1.53	| 1.49	| 0.04
849	| 0.39	| 0.40	| 0.39	| 0.01
850	| 1.04	| 1.09	| 1.07	| 0.05
851	| 0.98	| 0.96	| 0.97	| 0.02
852	| 1.32	| 1.33	| 1.35	| 0.03
853	| 1.18	| 1.20	| 1.20	| 0.02
854	| 0.90	| 0.85	| 0.80	| 0.10
855	| 1.25	| 1.27	| 1.27	| 0.03
856	| 0.34	| 0.41	| 0.43	| 0.08
857	| 0.34	| 0.29	| 0.29	| 0.05
858	| 0.88	| 0.86	| 0.90	| 0.04
859	| 0.05	| 0.06	| 0.06	| 0.01
860	| 0.79	| 0.81	| 0.75	| 0.06
861	| 1.04	| 1.10	| 1.09	| 0.06
862	| 1.90	| 1.98	| 1.99	| 0.09
863	| 0.06	| 0.05	| 0.05	| 0.01
864	| 0.46	| 0.45	| 0.46	| 0.01
865	| 1.14	| 1.17	| 1.19	| 0.05
866	| 2.00	| 2.02	| 2.01	| 0.02
867	| 0.33	| 0.33	| 0.35	| 0.02
868	| 1.52	| 1.62	| 1.66	| 0.13
869	| 0.34	| 0.30	| 0.37	| 0.06
870	| 0.53	| 0.60	| 0.58	| 0.07
871	| 0.11	| 0.11	| 0.12	| 0.01
872	| 1.52	| 1.58	| 1.62	| 0.10
873	| 1.90	| 2.00	| 1.96	| 0.10
874	| 1.81	| 1.72	| 1.75	| 0.10
875	| 0.21	| 0.22	| 0.20	| 0.02
876	| 1.46	| 1.38	| 1.36	| 0.10
877	| 1.74	| 1.67	| 1.85	| 0.18
878	| 1.79	| 1.77	| 1.75	| 0.04
879	| 0.68	| 0.65	| 0.68	| 0.03
880	| 0.13	| 0.13	| 0.14	| 0.00
881	| 0.38	| 0.39	| 0.40	| 0.01
882	| 0.72	| 0.77	| 0.76	| 0.05
883	| 1.98	| 1.94	| 1.92	| 0.06
884	| 0.73	| 0.75	| 0.71	| 0.04
885	| 0.74	| 0.78	| 0.79	| 0.05
886	| 1.07	| 1.07	| 1.03	| 0.04
887	| 0.58	| 0.50	| 0.55	| 0.08
888	| 1.97	| 2.06	| 1.98	| 0.10
889	| 0.73	| 0.75	| 0.69	| 0.06
890	| 1.79	| 1.71	| 1.74	| 0.07
891	| 0.84	| 0.88	| 0.95	| 0.10
892	| 1.36	| 1.35	| 1.31	| 0.05
893	| 1.18	| 1.16	| 1.14	| 0.04
894	| 1.98	| 1.94	| 1.86	| 0.11
895	| 0.35	| 0.35	| 0.38	| 0.03
896	| 0.91	| 0.88	| 0.89	| 0.04
897	| 1.33	| 1.30	| 1.27	| 0.06
898	| 1.69	| 1.71	| 1.76	| 0.07
899	| 0.10	| 0.08	| 0.10	| 0.02
900	| 1.28	| 1.22	| 1.32	| 0.09
901	| 1.01	| 1.01	| 0.96	| 0.06
902	| 1.06	| 1.03	| 1.14	| 0.11
903	| 0.22	| 0.25	| 0.24	| 0.03
904	| 1.55	| 1.59	| 1.57	| 0.04
905	| 0.35	| 0.34	| 0.38	| 0.04
906	| 1.13	| 1.09	| 1.09	| 0.04
907	| 0.20	| 0.18	| 0.19	| 0.02
908	| 1.29	| 1.27	| 1.26	| 0.03
909	| 1.99	| 1.97	| 2.09	| 0.12
910	| 0.78	| 0.78	| 0.81	| 0.03
911	| 0.14	| 0.14	| 0.13	| 0.01
912	| 1.88	| 1.94	| 1.96	| 0.09
913	| 1.45	| 1.43	| 1.32	| 0.13
914	| 0.55	| 0.54	| 0.53	| 0.02
915	| 0.37	| 0.38	| 0.38	| 0.01
916	| 0.21	| 0.21	| 0.18	| 0.03
917	| 0.60	| 0.54	| 0.55	| 0.06
918	| 0.84	| 0.78	| 0.79	| 0.06
919	| 1.34	| 1.31	| 1.26	| 0.08
920	| 1.42	| 1.36	| 1.41	| 0.06
921	| 0.84	| 0.87	| 0.84	| 0.03
922	| 1.04	| 1.08	| 1.02	| 0.06
923	| 0.70	| 0.73	| 0.67	| 0.06
924	| 0.34	| 0.34	| 0.35	| 0.01
925	| 0.14	| 0.15	| 0.15	| 0.01
926	| 0.88	| 0.88	| 0.99	| 0.11
927	| 1.17	| 1.18	| 1.18	| 0.01
928	| 0.36	| 0.35	| 0.39	| 0.03
929	| 0.12	| 0.14	| 0.13	| 0.02
930	| 0.32	| 0.35	| 0.36	| 0.04
931	| 0.63	| 0.60	| 0.58	| 0.05
932	| 1.50	| 1.50	| 1.56	| 0.07
933	| 0.66	| 0.66	| 0.62	| 0.04
934	| 1.31	| 1.26	| 1.36	| 0.09
935	| 0.11	| 0.10	| 0.08	| 0.03
936	| 0.05	| 0.05	| 0.08	| 0.02
937	| 0.07	| 0.07	| 0.10	| 0.03
938	| 0.39	| 0.38	| 0.33	| 0.05
939	| 1.50	| 1.60	| 1.51	| 0.10
940	| 0.34	| 0.35	| 0.38	| 0.04
941	| 0.36	| 0.34	| 0.30	| 0.06
942	| 0.61	| 0.64	| 0.59	| 0.05
943	| 1.39	| 1.39	| 1.43	| 0.04
944	| 2.01	| 1.88	| 1.86	| 0.15
945	| 0.88	| 0.88	| 0.86	| 0.02
946	| 1.98	| 2.04	| 1.94	| 0.10
947	| 1.71	| 1.67	| 1.72	| 0.05
948	| 0.36	| 0.42	| 0.33	| 0.09
949	| 0.63	| 0.61	| 0.61	| 0.02
950	| 1.73	| 1.58	| 1.58	| 0.15
951	| 0.68	| 0.71	| 0.73	| 0.05
952	| 1.23	| 1.22	| 1.19	| 0.04
953	| 0.77	| 0.78	| 0.76	| 0.02
954	| 0.81	| 0.75	| 0.75	| 0.06
955	| 0.93	| 0.92	| 0.89	| 0.04
956	| 2.05	| 2.04	| 2.07	| 0.04
957	| 0.03	| 0.03	| 0.03	| 0.00
958	| 1.75	| 1.67	| 1.75	| 0.08
959	| 1.32	| 1.29	| 1.31	| 0.03
960	| 1.30	| 1.30	| 1.22	| 0.08
961	| 0.31	| 0.26	| 0.28	| 0.05
962	| 0.45	| 0.51	| 0.50	| 0.05
963	| 1.53	| 1.58	| 1.46	| 0.12
964	| 1.05	| 1.11	| 1.09	| 0.06
965	| 1.83	| 1.79	| 1.74	| 0.09
966	| 1.03	| 1.03	| 1.06	| 0.03
967	| 0.24	| 0.26	| 0.27	| 0.03
968	| 0.26	| 0.26	| 0.27	| 0.02
969	| 0.62	| 0.64	| 0.66	| 0.04
970	| 0.81	| 0.87	| 0.80	| 0.07
971	| 1.91	| 1.91	| 1.96	| 0.05
972	| 2.02	| 1.98	| 1.96	| 0.06
973	| 0.67	| 0.62	| 0.65	| 0.05
974	| 1.66	| 1.65	| 1.65	| 0.01
975	| 1.72	| 1.77	| 1.79	| 0.07
976	| 0.93	| 0.94	| 0.94	| 0.01
977	| 0.77	| 0.78	| 0.74	| 0.04
978	| 1.80	| 1.81	| 1.86	| 0.07
979	| 1.16	| 1.24	| 1.22	| 0.08
980	| 1.85	| 1.93	| 1.87	| 0.08
981	| 1.31	| 1.21	| 1.36	| 0.15
982	| 1.07	| 1.12	| 1.17	| 0.09
983	| 1.83	| 1.79	| 1.77	| 0.06
984	| 0.00	| 0.00	| 0.00	| 0.00
985	| 1.21	| 1.14	| 1.12	| 0.09
986	| 0.71	| 0.80	| 0.75	| 0.08
987	| 1.35	| 1.43	| 1.43	| 0.08
988	| 0.49	| 0.51	| 0.50	| 0.02
989	| 0.63	| 0.63	| 0.64	| 0.00
990	| 0.77	| 0.82	| 0.77	| 0.05
991	| 1.50	| 1.47	| 1.51	| 0.04
992	| 0.78	| 0.75	| 0.81	| 0.06
993	| 1.47	| 1.45	| 1.49	| 0.04
994	| 1.44	| 1.53	| 1.45	| 0.09
995	| 1.65	| 1.61	| 1.58	| 0.07
996	| 1.92	| 1.90	| 1.94	| 0.04
997	| 0.21	| 0.19	| 0.17	| 0.05
998	| 2.07	| 1.89	| 1.95	| 0.18
999	| 0.06	| 0.03	| 0.06	| 0.02
