Weighted Random Sampling Comparison on 100000 Trials
---------------------------------------------
Difference is bigger than 1%p in the following indices: []
Elapsed time: Naive: 5.258076375s, Fenwick: 1.025732958s, Python: 13.916458129s

---------------------------------------------
Probability(%) of each element being selected:
Element	| Naive	| Fenw	| Pyth	| Diff(Max-Min)
---------------------------------------------
0	| 0.97	| 1.00	| 1.01	| 0.03
1	| 9.04	| 8.96	| 9.03	| 0.08
2	| 2.92	| 2.95	| 2.81	| 0.14
3	| 12.88	| 13.24	| 12.79	| 0.45
4	| 14.78	| 14.64	| 14.83	| 0.19
5	| 14.24	| 14.14	| 14.01	| 0.23
6	| 1.98	| 1.93	| 1.88	| 0.10
7	| 6.15	| 6.15	| 6.18	| 0.03
8	| 11.98	| 11.73	| 11.87	| 0.25
9	| 8.67	| 8.57	| 8.46	| 0.22
10	| 17.16	| 17.06	| 17.10	| 0.10
11	| 7.29	| 7.44	| 7.30	| 0.15
12	| 4.01	| 4.12	| 4.09	| 0.11
13	| 12.31	| 12.44	| 12.34	| 0.13
14	| 12.56	| 12.80	| 12.50	| 0.31
15	| 6.64	| 6.67	| 6.57	| 0.10
16	| 9.70	| 9.93	| 9.97	| 0.27
17	| 18.26	| 18.11	| 18.12	| 0.15
18	| 12.28	| 12.21	| 12.06	| 0.22
19	| 15.68	| 15.66	| 15.93	| 0.27
20	| 11.38	| 11.53	| 11.52	| 0.15
21	| 14.40	| 14.62	| 14.59	| 0.22
22	| 0.86	| 0.85	| 0.86	| 0.01
23	| 13.11	| 13.09	| 13.15	| 0.06
24	| 7.13	| 7.24	| 7.25	| 0.12
25	| 10.17	| 10.27	| 10.10	| 0.17
26	| 10.92	| 10.84	| 11.05	| 0.21
27	| 15.32	| 15.42	| 15.34	| 0.10
28	| 12.49	| 12.47	| 12.39	| 0.10
29	| 10.98	| 10.74	| 10.89	| 0.24
30	| 3.92	| 3.94	| 4.02	| 0.09
31	| 4.37	| 4.31	| 4.32	| 0.06
32	| 3.77	| 3.81	| 3.77	| 0.04
33	| 5.89	| 5.87	| 5.99	| 0.12
34	| 15.65	| 15.45	| 15.54	| 0.19
35	| 0.37	| 0.38	| 0.35	| 0.02
36	| 16.05	| 15.85	| 16.13	| 0.28
37	| 6.42	| 6.33	| 6.29	| 0.14
38	| 5.35	| 5.49	| 5.34	| 0.15
39	| 11.32	| 11.26	| 11.30	| 0.06
40	| 4.65	| 4.82	| 4.74	| 0.18
41	| 8.59	| 8.73	| 8.43	| 0.29
42	| 15.00	| 15.09	| 15.11	| 0.11
43	| 3.93	| 3.83	| 3.81	| 0.11
44	| 5.81	| 5.88	| 5.74	| 0.14
45	| 16.78	| 16.83	| 17.02	| 0.24
46	| 15.07	| 15.00	| 14.88	| 0.19
47	| 12.36	| 12.42	| 12.37	| 0.06
48	| 7.70	| 7.61	| 7.82	| 0.22
49	| 15.44	| 15.35	| 15.52	| 0.16
50	| 17.79	| 17.84	| 17.67	| 0.18
51	| 15.70	| 15.75	| 15.44	| 0.31
52	| 4.96	| 4.96	| 5.03	| 0.07
53	| 13.06	| 12.76	| 12.97	| 0.31
54	| 16.63	| 16.75	| 16.60	| 0.14
55	| 8.71	| 8.81	| 8.62	| 0.19
56	| 2.58	| 2.64	| 2.58	| 0.06
57	| 17.72	| 17.86	| 17.80	| 0.14
58	| 17.88	| 17.52	| 17.89	| 0.37
59	| 17.67	| 17.71	| 17.62	| 0.08
60	| 11.05	| 11.08	| 10.98	| 0.10
61	| 14.92	| 14.86	| 14.87	| 0.07
62	| 7.75	| 7.92	| 7.95	| 0.20
63	| 1.07	| 1.08	| 1.12	| 0.05
64	| 11.25	| 11.24	| 11.43	| 0.18
65	| 18.40	| 18.42	| 18.46	| 0.06
66	| 2.77	| 2.87	| 2.91	| 0.13
67	| 12.03	| 12.06	| 11.94	| 0.12
68	| 2.25	| 2.31	| 2.37	| 0.12
69	| 18.66	| 18.71	| 18.63	| 0.09
70	| 13.50	| 13.68	| 13.71	| 0.21
71	| 2.08	| 2.08	| 1.98	| 0.10
72	| 16.58	| 16.59	| 16.59	| 0.01
73	| 5.89	| 5.94	| 6.15	| 0.26
74	| 6.74	| 6.70	| 6.74	| 0.04
75	| 18.93	| 18.74	| 18.52	| 0.41
76	| 15.87	| 15.88	| 15.87	| 0.02
77	| 4.76	| 4.69	| 4.60	| 0.16
78	| 1.42	| 1.47	| 1.46	| 0.06
79	| 7.65	| 7.76	| 7.51	| 0.24
80	| 18.14	| 18.36	| 18.11	| 0.26
81	| 15.57	| 15.41	| 15.40	| 0.16
82	| 12.53	| 12.85	| 12.85	| 0.32
83	| 16.28	| 16.53	| 16.43	| 0.25
84	| 12.86	| 13.00	| 12.92	| 0.15
85	| 6.65	| 6.57	| 6.57	| 0.08
86	| 16.00	| 16.23	| 16.16	| 0.23
87	| 1.95	| 1.94	| 2.02	| 0.08
88	| 7.24	| 7.20	| 7.33	| 0.13
89	| 17.51	| 17.87	| 17.88	| 0.37
90	| 9.60	| 9.51	| 9.56	| 0.09
91	| 15.01	| 14.95	| 15.08	| 0.13
92	| 4.72	| 4.72	| 4.76	| 0.05
93	| 9.47	| 9.44	| 9.38	| 0.10
94	| 16.22	| 16.63	| 16.43	| 0.41
95	| 11.71	| 11.63	| 11.78	| 0.15
96	| 14.31	| 14.12	| 14.22	| 0.19
97	| 18.15	| 18.30	| 18.21	| 0.15
98	| 16.05	| 16.12	| 16.11	| 0.07
99	| 18.45	| 18.43	| 18.53	| 0.11
100	| 0.73	| 0.73	| 0.76	| 0.03
101	| 15.24	| 15.15	| 15.12	| 0.11
102	| 11.86	| 11.81	| 11.40	| 0.46
103	| 4.59	| 4.69	| 4.67	| 0.10
104	| 11.67	| 11.57	| 11.67	| 0.10
105	| 7.74	| 7.82	| 7.81	| 0.08
106	| 12.65	| 12.56	| 12.59	| 0.10
107	| 4.49	| 4.38	| 4.36	| 0.13
108	| 16.04	| 16.01	| 15.97	| 0.07
109	| 18.11	| 17.86	| 18.07	| 0.25
110	| 11.54	| 11.46	| 11.40	| 0.14
111	| 13.16	| 13.15	| 13.04	| 0.12
112	| 6.21	| 6.17	| 6.03	| 0.18
113	| 6.45	| 6.61	| 6.54	| 0.16
114	| 16.08	| 16.29	| 16.11	| 0.20
115	| 16.82	| 16.97	| 16.99	| 0.17
116	| 5.11	| 5.30	| 5.36	| 0.25
117	| 8.47	| 8.35	| 8.60	| 0.26
118	| 1.56	| 1.54	| 1.50	| 0.06
119	| 4.89	| 4.96	| 4.99	| 0.09
120	| 5.58	| 5.58	| 5.56	| 0.03
121	| 6.28	| 6.31	| 6.44	| 0.16
122	| 3.70	| 3.67	| 3.57	| 0.13
123	| 0.64	| 0.60	| 0.55	| 0.09
124	| 10.56	| 10.49	| 10.58	| 0.09
125	| 4.39	| 4.21	| 4.18	| 0.20
126	| 11.43	| 11.76	| 11.43	| 0.33
127	| 4.34	| 4.16	| 4.27	| 0.18
128	| 6.09	| 6.06	| 6.07	| 0.03
129	| 11.01	| 10.98	| 11.07	| 0.08
130	| 13.19	| 13.22	| 13.27	| 0.08
131	| 8.54	| 8.33	| 8.29	| 0.25
132	| 3.68	| 3.75	| 3.66	| 0.10
133	| 14.32	| 14.17	| 14.13	| 0.19
134	| 5.87	| 5.81	| 5.81	| 0.06
135	| 3.34	| 3.29	| 3.29	| 0.05
136	| 1.88	| 1.81	| 1.84	| 0.07
137	| 4.00	| 4.11	| 4.12	| 0.11
138	| 0.49	| 0.53	| 0.52	| 0.04
139	| 4.11	| 4.38	| 4.22	| 0.27
140	| 8.36	| 8.53	| 8.31	| 0.22
141	| 9.47	| 9.33	| 9.48	| 0.15
142	| 14.02	| 13.99	| 14.02	| 0.03
143	| 7.18	| 7.35	| 7.22	| 0.18
144	| 15.34	| 15.22	| 15.26	| 0.12
145	| 9.57	| 9.34	| 9.57	| 0.24
146	| 5.99	| 6.13	| 6.15	| 0.16
147	| 15.55	| 15.41	| 15.51	| 0.14
148	| 1.67	| 1.68	| 1.76	| 0.09
149	| 5.34	| 5.43	| 5.35	| 0.09
150	| 5.87	| 5.83	| 5.84	| 0.04
151	| 11.54	| 11.36	| 11.34	| 0.20
152	| 14.54	| 14.57	| 14.61	| 0.07
153	| 6.55	| 6.42	| 6.48	| 0.14
154	| 16.01	| 16.09	| 16.09	| 0.08
155	| 7.69	| 7.66	| 7.67	| 0.02
156	| 0.68	| 0.64	| 0.63	| 0.05
157	| 14.09	| 14.26	| 14.30	| 0.21
158	| 15.93	| 15.94	| 15.72	| 0.22
159	| 2.79	| 2.92	| 2.91	| 0.12
160	| 13.87	| 13.69	| 13.92	| 0.23
161	| 2.65	| 2.67	| 2.66	| 0.02
162	| 12.83	| 12.80	| 12.90	| 0.10
163	| 2.70	| 2.74	| 2.71	| 0.04
164	| 3.91	| 3.87	| 3.84	| 0.07
165	| 4.91	| 4.80	| 4.85	| 0.11
166	| 10.86	| 10.97	| 10.94	| 0.10
167	| 5.96	| 5.84	| 5.99	| 0.15
168	| 15.98	| 15.98	| 15.90	| 0.08
169	| 14.69	| 14.79	| 14.62	| 0.18
170	| 18.58	| 18.47	| 18.38	| 0.20
171	| 7.30	| 7.17	| 7.09	| 0.22
172	| 17.00	| 17.22	| 16.90	| 0.32
173	| 18.03	| 17.86	| 17.77	| 0.26
174	| 15.22	| 15.32	| 15.50	| 0.28
175	| 17.27	| 17.30	| 17.28	| 0.04
176	| 12.34	| 12.50	| 12.54	| 0.20
177	| 14.98	| 14.87	| 15.14	| 0.27
178	| 12.29	| 12.33	| 12.30	| 0.04
179	| 5.08	| 5.12	| 5.21	| 0.13
180	| 17.84	| 17.85	| 17.98	| 0.14
181	| 9.18	| 9.10	| 9.05	| 0.13
182	| 15.88	| 15.77	| 15.91	| 0.14
183	| 6.16	| 6.26	| 6.24	| 0.10
184	| 12.97	| 12.97	| 13.03	| 0.06
185	| 3.54	| 3.65	| 3.48	| 0.17
186	| 3.96	| 4.03	| 4.08	| 0.12
187	| 3.97	| 3.94	| 3.99	| 0.05
188	| 5.40	| 5.39	| 5.30	| 0.10
189	| 16.21	| 16.14	| 16.10	| 0.11
190	| 5.26	| 5.25	| 5.11	| 0.15
191	| 8.39	| 8.36	| 8.46	| 0.10
192	| 16.45	| 16.68	| 16.64	| 0.23
193	| 18.91	| 18.93	| 19.00	| 0.09
194	| 2.19	| 2.31	| 2.37	| 0.18
195	| 18.89	| 18.95	| 18.66	| 0.29
196	| 5.85	| 5.85	| 5.84	| 0.01
197	| 7.95	| 7.97	| 7.85	| 0.12
198	| 2.25	| 2.15	| 2.14	| 0.11
199	| 17.03	| 16.76	| 17.05	| 0.29
200	| 10.62	| 10.92	| 10.75	| 0.31
201	| 15.66	| 15.46	| 15.14	| 0.52
202	| 6.41	| 6.27	| 6.20	| 0.21
203	| 0.31	| 0.30	| 0.26	| 0.05
204	| 0.21	| 0.22	| 0.17	| 0.05
205	| 12.34	| 12.49	| 12.19	| 0.30
206	| 9.66	| 9.65	| 9.78	| 0.13
207	| 5.33	| 5.29	| 5.34	| 0.05
208	| 15.51	| 15.74	| 15.49	| 0.25
209	| 15.46	| 15.47	| 15.13	| 0.34
210	| 2.34	| 2.40	| 2.32	| 0.08
211	| 6.51	| 6.50	| 6.72	| 0.22
212	| 11.76	| 11.74	| 11.64	| 0.12
213	| 4.64	| 4.58	| 4.63	| 0.06
214	| 5.13	| 5.12	| 5.14	| 0.02
215	| 11.53	| 11.55	| 11.42	| 0.13
216	| 17.02	| 17.05	| 17.08	| 0.07
217	| 6.22	| 6.24	| 6.35	| 0.13
218	| 8.83	| 8.63	| 8.78	| 0.20
219	| 4.79	| 4.83	| 4.71	| 0.12
220	| 4.44	| 4.48	| 4.49	| 0.04
221	| 15.99	| 16.17	| 16.32	| 0.33
222	| 1.31	| 1.25	| 1.26	| 0.05
223	| 8.94	| 8.91	| 8.89	| 0.05
224	| 4.02	| 3.99	| 4.07	| 0.09
225	| 16.39	| 16.36	| 16.49	| 0.13
226	| 2.60	| 2.59	| 2.57	| 0.03
227	| 6.90	| 6.96	| 6.84	| 0.12
228	| 19.10	| 18.76	| 18.88	| 0.34
229	| 13.46	| 13.46	| 13.27	| 0.19
230	| 2.56	| 2.61	| 2.71	| 0.14
231	| 3.95	| 3.93	| 4.00	| 0.06
232	| 9.11	| 9.09	| 8.89	| 0.23
233	| 2.08	| 2.10	| 2.22	| 0.14
234	| 17.23	| 17.12	| 17.21	| 0.12
235	| 16.15	| 16.43	| 16.13	| 0.30
236	| 3.98	| 3.94	| 3.92	| 0.06
237	| 16.21	| 16.16	| 16.11	| 0.10
238	| 14.35	| 14.38	| 14.06	| 0.33
239	| 9.62	| 9.75	| 9.60	| 0.15
240	| 11.76	| 11.48	| 11.55	| 0.27
241	| 9.94	| 10.03	| 10.02	| 0.10
242	| 5.03	| 4.88	| 4.93	| 0.15
243	| 5.51	| 5.44	| 5.39	| 0.12
244	| 2.52	| 2.43	| 2.34	| 0.18
245	| 12.84	| 13.17	| 12.86	| 0.34
246	| 14.73	| 14.96	| 14.96	| 0.23
247	| 18.73	| 18.67	| 18.77	| 0.10
248	| 6.29	| 6.19	| 6.27	| 0.10
249	| 16.56	| 16.72	| 16.45	| 0.27
250	| 13.96	| 14.26	| 14.28	| 0.31
251	| 2.96	| 2.92	| 2.80	| 0.16
252	| 4.78	| 4.85	| 4.76	| 0.08
253	| 15.67	| 15.87	| 16.05	| 0.37
254	| 18.20	| 18.15	| 18.28	| 0.13
255	| 1.68	| 1.64	| 1.68	| 0.03
256	| 4.78	| 4.81	| 4.92	| 0.14
257	| 2.07	| 2.13	| 2.13	| 0.07
258	| 4.00	| 4.17	| 4.03	| 0.16
259	| 3.48	| 3.60	| 3.54	| 0.12
260	| 14.51	| 14.49	| 14.72	| 0.23
261	| 12.67	| 12.43	| 12.72	| 0.29
262	| 2.77	| 2.73	| 2.78	| 0.05
263	| 15.04	| 15.06	| 15.09	| 0.05
264	| 2.46	| 2.38	| 2.39	| 0.08
265	| 2.63	| 2.66	| 2.69	| 0.06
266	| 0.68	| 0.68	| 0.67	| 0.01
267	| 0.95	| 0.98	| 0.96	| 0.03
268	| 17.84	| 17.87	| 17.92	| 0.08
269	| 16.43	| 16.45	| 16.47	| 0.04
270	| 3.74	| 3.58	| 3.72	| 0.16
271	| 12.78	| 12.83	| 12.81	| 0.05
272	| 9.87	| 9.87	| 9.87	| 0.00
273	| 7.13	| 7.19	| 7.20	| 0.08
274	| 16.79	| 16.61	| 16.77	| 0.18
275	| 18.62	| 18.78	| 18.80	| 0.18
276	| 16.90	| 16.84	| 16.74	| 0.16
277	| 4.96	| 4.99	| 5.05	| 0.10
278	| 7.22	| 7.37	| 7.32	| 0.15
279	| 10.19	| 10.07	| 10.11	| 0.12
280	| 7.99	| 7.87	| 7.91	| 0.12
281	| 16.80	| 16.88	| 16.71	| 0.17
282	| 18.33	| 18.19	| 18.44	| 0.24
283	| 10.87	| 11.16	| 10.98	| 0.30
284	| 18.96	| 18.75	| 18.61	| 0.35
285	| 8.54	| 8.46	| 8.48	| 0.09
286	| 11.81	| 11.81	| 11.92	| 0.11
287	| 4.52	| 4.61	| 4.66	| 0.14
288	| 12.45	| 12.40	| 12.41	| 0.05
289	| 6.80	| 6.88	| 6.83	| 0.08
290	| 7.03	| 6.97	| 7.04	| 0.07
291	| 13.47	| 13.53	| 13.32	| 0.21
292	| 15.38	| 15.37	| 15.32	| 0.06
293	| 9.77	| 9.70	| 9.67	| 0.10
294	| 8.52	| 8.42	| 8.53	| 0.11
295	| 7.27	| 7.22	| 7.41	| 0.19
296	| 6.36	| 6.22	| 6.39	| 0.17
297	| 16.28	| 16.30	| 16.24	| 0.05
298	| 1.67	| 1.57	| 1.69	| 0.11
299	| 8.50	| 8.38	| 8.56	| 0.17
300	| 7.05	| 7.07	| 7.13	| 0.08
301	| 6.83	| 7.17	| 6.98	| 0.34
302	| 6.74	| 6.72	| 6.81	| 0.09
303	| 18.34	| 18.35	| 18.39	| 0.05
304	| 17.58	| 17.61	| 17.74	| 0.16
305	| 0.76	| 0.79	| 0.72	| 0.07
306	| 6.59	| 6.66	| 6.54	| 0.12
307	| 3.36	| 3.40	| 3.36	| 0.04
308	| 10.31	| 10.35	| 10.30	| 0.05
309	| 18.10	| 18.21	| 18.48	| 0.37
310	| 11.96	| 12.05	| 11.97	| 0.10
311	| 7.33	| 7.15	| 7.37	| 0.22
312	| 15.90	| 15.86	| 15.83	| 0.07
313	| 5.45	| 5.40	| 5.49	| 0.09
314	| 6.58	| 6.53	| 6.58	| 0.05
315	| 15.35	| 15.33	| 15.15	| 0.20
316	| 17.59	| 17.83	| 17.68	| 0.24
317	| 13.83	| 13.93	| 13.98	| 0.16
318	| 18.28	| 18.34	| 18.09	| 0.25
319	| 11.78	| 11.92	| 11.84	| 0.15
320	| 3.65	| 3.54	| 3.68	| 0.14
321	| 12.44	| 12.50	| 12.41	| 0.10
322	| 4.30	| 4.21	| 4.23	| 0.08
323	| 6.99	| 7.05	| 7.00	| 0.05
324	| 6.44	| 6.56	| 6.62	| 0.18
325	| 6.61	| 6.70	| 6.73	| 0.12
326	| 9.12	| 9.13	| 9.21	| 0.09
327	| 12.50	| 12.46	| 12.53	| 0.08
328	| 9.96	| 9.72	| 9.96	| 0.24
329	| 6.60	| 6.63	| 6.70	| 0.10
330	| 2.88	| 2.86	| 2.88	| 0.02
331	| 10.00	| 10.11	| 9.90	| 0.21
332	| 4.00	| 4.00	| 4.04	| 0.04
333	| 16.60	| 16.66	| 16.96	| 0.37
334	| 9.38	| 9.52	| 9.40	| 0.13
335	| 8.48	| 8.39	| 8.44	| 0.09
336	| 0.07	| 0.06	| 0.06	| 0.01
337	| 17.78	| 17.76	| 17.54	| 0.24
338	| 10.32	| 10.31	| 10.51	| 0.20
339	| 11.56	| 11.52	| 11.71	| 0.19
340	| 5.26	| 5.20	| 5.09	| 0.16
341	| 6.11	| 5.90	| 5.83	| 0.28
342	| 3.23	| 3.12	| 3.06	| 0.17
343	| 18.48	| 18.46	| 18.50	| 0.05
344	| 15.48	| 15.53	| 15.62	| 0.14
345	| 12.35	| 12.24	| 12.06	| 0.29
346	| 5.30	| 5.31	| 5.27	| 0.04
347	| 10.41	| 10.43	| 10.37	| 0.06
348	| 16.82	| 16.91	| 16.67	| 0.23
349	| 3.37	| 3.52	| 3.46	| 0.15
350	| 2.83	| 2.86	| 2.88	| 0.05
351	| 13.35	| 13.20	| 13.22	| 0.15
352	| 16.44	| 16.53	| 16.48	| 0.08
353	| 2.97	| 2.95	| 3.03	| 0.07
354	| 3.08	| 2.93	| 2.98	| 0.14
355	| 16.38	| 16.55	| 16.39	| 0.17
356	| 2.78	| 2.69	| 2.75	| 0.09
357	| 7.77	| 7.92	| 7.92	| 0.15
358	| 9.91	| 9.95	| 9.93	| 0.05
359	| 3.97	| 3.90	| 3.93	| 0.07
360	| 16.50	| 16.25	| 16.44	| 0.25
361	| 6.04	| 6.02	| 5.97	| 0.07
362	| 9.86	| 9.88	| 9.84	| 0.04
363	| 18.81	| 18.74	| 18.84	| 0.10
364	| 7.10	| 7.11	| 7.09	| 0.02
365	| 16.96	| 17.12	| 17.03	| 0.16
366	| 9.25	| 9.21	| 9.22	| 0.04
367	| 1.53	| 1.47	| 1.46	| 0.07
368	| 16.79	| 16.91	| 16.71	| 0.20
369	| 13.48	| 13.55	| 13.26	| 0.29
370	| 16.70	| 16.62	| 16.61	| 0.09
371	| 15.88	| 15.82	| 15.93	| 0.11
372	| 9.16	| 9.37	| 9.30	| 0.20
373	| 16.32	| 16.43	| 16.39	| 0.11
374	| 4.00	| 3.93	| 3.94	| 0.07
375	| 18.52	| 18.46	| 18.57	| 0.11
376	| 15.81	| 15.88	| 15.69	| 0.19
377	| 15.76	| 15.95	| 15.85	| 0.19
378	| 15.31	| 15.40	| 15.35	| 0.08
379	| 3.55	| 3.64	| 3.55	| 0.09
380	| 18.38	| 18.30	| 18.56	| 0.27
381	| 6.84	| 6.88	| 6.78	| 0.10
382	| 10.83	| 10.59	| 10.81	| 0.24
383	| 0.22	| 0.24	| 0.21	| 0.03
384	| 3.66	| 3.72	| 3.78	| 0.12
385	| 13.47	| 13.49	| 13.60	| 0.13
386	| 14.70	| 14.83	| 14.86	| 0.15
387	| 10.13	| 9.81	| 9.96	| 0.31
388	| 3.05	| 3.02	| 3.05	| 0.03
389	| 17.64	| 17.78	| 17.87	| 0.23
390	| 8.84	| 8.62	| 8.69	| 0.21
391	| 0.30	| 0.29	| 0.30	| 0.02
392	| 12.21	| 12.22	| 12.40	| 0.19
393	| 16.18	| 16.06	| 16.25	| 0.19
394	| 6.38	| 6.42	| 6.49	| 0.11
395	| 2.88	| 2.85	| 2.89	| 0.04
396	| 10.42	| 10.45	| 10.43	| 0.03
397	| 17.20	| 17.09	| 16.93	| 0.27
398	| 8.77	| 8.62	| 8.61	| 0.16
399	| 2.31	| 2.25	| 2.23	| 0.07
400	| 3.15	| 3.16	| 3.11	| 0.05
401	| 16.29	| 16.37	| 16.14	| 0.23
402	| 13.70	| 13.75	| 13.52	| 0.22
403	| 17.58	| 17.66	| 17.68	| 0.09
404	| 17.32	| 17.58	| 17.46	| 0.25
405	| 18.33	| 18.03	| 18.32	| 0.30
406	| 16.58	| 16.64	| 16.62	| 0.06
407	| 4.73	| 4.70	| 4.71	| 0.03
408	| 5.79	| 5.75	| 5.74	| 0.05
409	| 5.32	| 5.17	| 5.41	| 0.24
410	| 15.25	| 15.36	| 15.39	| 0.14
411	| 12.18	| 12.29	| 12.03	| 0.26
412	| 11.23	| 11.01	| 11.20	| 0.22
413	| 11.64	| 11.57	| 11.55	| 0.09
414	| 16.59	| 17.28	| 17.03	| 0.69
415	| 5.73	| 5.71	| 5.72	| 0.02
416	| 7.15	| 7.02	| 6.94	| 0.21
417	| 16.08	| 15.74	| 15.87	| 0.33
418	| 4.78	| 4.76	| 4.86	| 0.10
419	| 4.17	| 4.13	| 4.07	| 0.11
420	| 17.61	| 17.51	| 17.56	| 0.10
421	| 10.60	| 10.43	| 10.51	| 0.17
422	| 13.71	| 13.72	| 13.70	| 0.02
423	| 7.65	| 7.72	| 7.69	| 0.08
424	| 13.28	| 13.14	| 13.43	| 0.29
425	| 11.56	| 11.87	| 11.73	| 0.31
426	| 17.03	| 17.31	| 17.45	| 0.42
427	| 18.73	| 18.77	| 18.80	| 0.08
428	| 19.02	| 18.77	| 18.86	| 0.25
429	| 3.45	| 3.41	| 3.35	| 0.10
430	| 13.93	| 13.78	| 14.05	| 0.27
431	| 13.47	| 13.48	| 13.60	| 0.13
432	| 13.86	| 13.76	| 13.65	| 0.21
433	| 3.45	| 3.54	| 3.44	| 0.10
434	| 15.84	| 15.77	| 15.95	| 0.19
435	| 0.12	| 0.13	| 0.11	| 0.02
436	| 6.85	| 6.65	| 6.71	| 0.20
437	| 18.73	| 18.55	| 18.73	| 0.19
438	| 12.84	| 12.91	| 12.88	| 0.07
439	| 7.32	| 7.32	| 7.25	| 0.07
440	| 14.45	| 14.54	| 14.74	| 0.30
441	| 18.44	| 18.35	| 18.61	| 0.26
442	| 17.77	| 17.64	| 17.70	| 0.13
443	| 9.76	| 10.01	| 10.10	| 0.34
444	| 8.27	| 8.36	| 8.24	| 0.11
445	| 14.92	| 14.74	| 14.80	| 0.18
446	| 16.24	| 15.96	| 16.10	| 0.28
447	| 7.78	| 7.78	| 7.91	| 0.12
448	| 5.87	| 5.93	| 5.96	| 0.08
449	| 12.41	| 12.45	| 12.19	| 0.26
450	| 0.20	| 0.20	| 0.18	| 0.02
451	| 16.24	| 16.34	| 16.39	| 0.15
452	| 1.18	| 1.18	| 1.14	| 0.04
453	| 8.53	| 8.61	| 8.55	| 0.07
454	| 13.38	| 13.27	| 13.36	| 0.11
455	| 12.83	| 12.86	| 12.77	| 0.09
456	| 5.36	| 5.42	| 5.44	| 0.08
457	| 0.02	| 0.03	| 0.02	| 0.00
458	| 7.40	| 7.51	| 7.56	| 0.17
459	| 12.46	| 12.40	| 12.38	| 0.08
460	| 2.80	| 2.77	| 2.79	| 0.03
461	| 6.76	| 6.67	| 6.58	| 0.17
462	| 18.06	| 17.96	| 18.04	| 0.10
463	| 8.32	| 8.46	| 8.24	| 0.21
464	| 2.50	| 2.60	| 2.51	| 0.10
465	| 0.63	| 0.52	| 0.58	| 0.12
466	| 2.71	| 2.70	| 2.81	| 0.11
467	| 16.26	| 16.08	| 16.01	| 0.25
468	| 14.73	| 14.83	| 14.86	| 0.13
469	| 16.65	| 16.83	| 16.89	| 0.24
470	| 13.40	| 13.31	| 13.26	| 0.14
471	| 7.55	| 7.63	| 7.46	| 0.17
472	| 6.12	| 6.12	| 6.21	| 0.10
473	| 17.34	| 16.83	| 17.21	| 0.51
474	| 18.62	| 18.60	| 18.67	| 0.07
475	| 18.32	| 18.23	| 18.15	| 0.17
476	| 4.54	| 4.58	| 4.51	| 0.07
477	| 1.24	| 1.24	| 1.26	| 0.02
478	| 11.44	| 11.34	| 11.44	| 0.10
479	| 13.77	| 13.62	| 13.75	| 0.16
480	| 10.05	| 9.77	| 9.70	| 0.35
481	| 3.85	| 3.89	| 3.87	| 0.04
482	| 9.56	| 9.58	| 9.50	| 0.08
483	| 11.55	| 11.70	| 11.72	| 0.18
484	| 6.26	| 6.26	| 6.07	| 0.19
485	| 13.44	| 13.52	| 13.64	| 0.20
486	| 4.51	| 4.57	| 4.58	| 0.07
487	| 15.70	| 15.87	| 15.77	| 0.17
488	| 3.13	| 3.26	| 3.11	| 0.15
489	| 5.11	| 5.01	| 4.96	| 0.15
490	| 13.84	| 13.88	| 13.86	| 0.04
491	| 9.45	| 9.38	| 9.40	| 0.06
492	| 13.97	| 13.95	| 13.78	| 0.19
493	| 10.57	| 10.55	| 10.41	| 0.16
494	| 0.19	| 0.22	| 0.21	| 0.03
495	| 12.76	| 12.60	| 12.77	| 0.16
496	| 1.21	| 1.25	| 1.21	| 0.04
497	| 12.48	| 12.33	| 12.63	| 0.30
498	| 16.62	| 16.71	| 16.71	| 0.10
499	| 1.81	| 1.81	| 1.87	| 0.07
500	| 3.31	| 3.31	| 3.28	| 0.04
501	| 15.24	| 15.10	| 15.25	| 0.15
502	| 9.26	| 9.37	| 8.98	| 0.38
503	| 16.71	| 16.60	| 16.56	| 0.15
504	| 1.59	| 1.64	| 1.67	| 0.08
505	| 11.98	| 11.98	| 12.16	| 0.18
506	| 15.03	| 15.07	| 14.77	| 0.30
507	| 17.17	| 17.10	| 17.16	| 0.07
508	| 8.40	| 8.43	| 8.40	| 0.04
509	| 8.72	| 8.70	| 8.64	| 0.08
510	| 15.13	| 15.16	| 15.22	| 0.09
511	| 4.25	| 4.11	| 4.25	| 0.14
512	| 17.16	| 17.41	| 17.19	| 0.25
513	| 18.23	| 18.26	| 18.31	| 0.08
514	| 9.11	| 9.10	| 9.23	| 0.14
515	| 10.79	| 10.91	| 10.64	| 0.27
516	| 8.26	| 8.22	| 8.36	| 0.14
517	| 5.32	| 5.38	| 5.35	| 0.06
518	| 0.64	| 0.60	| 0.61	| 0.04
519	| 6.88	| 6.82	| 6.79	| 0.08
520	| 17.93	| 18.22	| 18.14	| 0.29
521	| 5.27	| 5.38	| 5.26	| 0.12
522	| 7.06	| 7.15	| 7.04	| 0.11
523	| 10.49	| 10.58	| 10.69	| 0.21
524	| 18.12	| 17.99	| 17.85	| 0.27
525	| 11.04	| 10.81	| 10.98	| 0.23
526	| 4.59	| 4.76	| 4.58	| 0.17
527	| 12.62	| 12.71	| 12.61	| 0.10
528	| 9.81	| 9.64	| 9.81	| 0.18
529	| 7.49	| 7.79	| 7.76	| 0.30
530	| 12.90	| 13.08	| 13.09	| 0.20
531	| 16.44	| 16.49	| 16.51	| 0.08
532	| 10.26	| 10.09	| 10.26	| 0.17
533	| 10.96	| 11.21	| 11.10	| 0.26
534	| 5.49	| 5.42	| 5.48	| 0.07
535	| 17.79	| 17.89	| 17.81	| 0.11
536	| 8.91	| 8.92	| 8.88	| 0.04
537	| 17.33	| 17.60	| 17.36	| 0.27
538	| 7.43	| 7.27	| 7.29	| 0.17
539	| 10.36	| 10.29	| 10.24	| 0.12
540	| 9.26	| 9.16	| 9.19	| 0.09
541	| 5.40	| 5.63	| 5.68	| 0.27
542	| 18.18	| 18.26	| 18.04	| 0.22
543	| 11.97	| 11.87	| 11.96	| 0.10
544	| 6.66	| 6.54	| 6.68	| 0.15
545	| 1.95	| 1.88	| 1.91	| 0.07
546	| 15.12	| 15.02	| 15.03	| 0.10
547	| 7.95	| 7.66	| 7.67	| 0.28
548	| 11.66	| 11.60	| 11.65	| 0.06
549	| 15.97	| 16.16	| 15.97	| 0.19
550	| 2.13	| 2.28	| 2.15	| 0.15
551	| 0.61	| 0.65	| 0.64	| 0.04
552	| 6.58	| 6.44	| 6.51	| 0.14
553	| 10.73	| 10.64	| 10.86	| 0.22
554	| 16.92	| 17.23	| 17.17	| 0.31
555	| 17.00	| 16.96	| 16.89	| 0.12
556	| 1.39	| 1.29	| 1.34	| 0.10
557	| 12.45	| 12.42	| 12.41	| 0.03
558	| 0.83	| 0.88	| 0.91	| 0.08
559	| 11.00	| 11.02	| 11.02	| 0.02
560	| 12.37	| 12.14	| 12.07	| 0.30
561	| 13.27	| 13.19	| 13.31	| 0.13
562	| 5.53	| 5.62	| 5.56	| 0.09
563	| 7.08	| 7.15	| 7.12	| 0.07
564	| 7.17	| 7.12	| 7.19	| 0.08
565	| 13.20	| 12.98	| 13.02	| 0.23
566	| 14.08	| 14.20	| 14.22	| 0.14
567	| 3.37	| 3.27	| 3.31	| 0.09
568	| 4.33	| 4.38	| 4.49	| 0.15
569	| 10.87	| 10.93	| 10.93	| 0.07
570	| 6.90	| 6.81	| 6.97	| 0.16
571	| 11.79	| 11.40	| 11.72	| 0.39
572	| 15.27	| 15.40	| 15.14	| 0.26
573	| 13.57	| 13.38	| 13.64	| 0.26
574	| 15.88	| 15.99	| 15.84	| 0.15
575	| 1.47	| 1.51	| 1.47	| 0.04
576	| 10.38	| 10.32	| 10.40	| 0.09
577	| 8.52	| 8.58	| 8.61	| 0.09
578	| 17.33	| 17.19	| 17.07	| 0.26
579	| 7.02	| 7.11	| 7.05	| 0.09
580	| 18.43	| 18.48	| 18.22	| 0.26
581	| 7.14	| 6.85	| 7.10	| 0.29
582	| 2.14	| 2.13	| 2.10	| 0.04
583	| 6.40	| 6.41	| 6.40	| 0.02
584	| 9.90	| 9.99	| 10.17	| 0.27
585	| 6.62	| 6.53	| 6.71	| 0.19
586	| 18.48	| 18.61	| 18.39	| 0.22
587	| 13.44	| 13.41	| 13.53	| 0.12
588	| 13.76	| 13.98	| 13.93	| 0.22
589	| 13.64	| 13.66	| 13.72	| 0.08
590	| 7.31	| 7.39	| 7.34	| 0.08
591	| 5.21	| 5.21	| 4.98	| 0.23
592	| 16.30	| 16.75	| 16.63	| 0.45
593	| 4.03	| 4.04	| 3.98	| 0.06
594	| 2.85	| 2.92	| 2.80	| 0.11
595	| 4.08	| 3.96	| 4.03	| 0.12
596	| 17.96	| 17.73	| 17.68	| 0.28
597	| 8.78	| 8.81	| 8.75	| 0.06
598	| 11.61	| 11.71	| 11.52	| 0.20
599	| 7.46	| 7.64	| 7.49	| 0.17
600	| 12.30	| 12.58	| 12.48	| 0.28
601	| 4.16	| 4.13	| 3.99	| 0.17
602	| 4.86	| 4.97	| 4.84	| 0.13
603	| 15.98	| 16.22	| 16.26	| 0.27
604	| 0.45	| 0.47	| 0.46	| 0.02
605	| 3.54	| 3.66	| 3.65	| 0.12
606	| 15.38	| 15.46	| 15.53	| 0.15
607	| 2.32	| 2.31	| 2.30	| 0.02
608	| 5.67	| 5.86	| 5.87	| 0.21
609	| 17.59	| 17.83	| 17.82	| 0.24
610	| 4.82	| 4.83	| 4.80	| 0.03
611	| 9.34	| 9.37	| 9.32	| 0.05
612	| 14.14	| 14.21	| 14.30	| 0.16
613	| 5.37	| 5.30	| 5.44	| 0.14
614	| 0.29	| 0.30	| 0.30	| 0.02
615	| 2.10	| 2.03	| 1.99	| 0.11
616	| 15.40	| 15.22	| 15.17	| 0.23
617	| 10.84	| 10.82	| 10.64	| 0.20
618	| 16.63	| 16.92	| 16.68	| 0.29
619	| 11.95	| 12.08	| 11.82	| 0.27
620	| 1.94	| 2.01	| 1.94	| 0.07
621	| 11.65	| 12.13	| 11.85	| 0.47
622	| 3.01	| 3.03	| 2.97	| 0.06
623	| 6.16	| 6.30	| 6.41	| 0.25
624	| 9.37	| 9.31	| 9.38	| 0.06
625	| 8.89	| 8.84	| 8.84	| 0.05
626	| 17.80	| 17.77	| 17.58	| 0.22
627	| 17.00	| 16.78	| 17.07	| 0.30
628	| 7.31	| 7.15	| 7.14	| 0.17
629	| 7.77	| 7.81	| 7.79	| 0.04
630	| 15.04	| 15.06	| 15.15	| 0.11
631	| 6.58	| 6.49	| 6.68	| 0.19
632	| 11.88	| 11.83	| 12.00	| 0.17
633	| 1.69	| 1.76	| 1.73	| 0.07
634	| 6.17	| 6.19	| 6.33	| 0.17
635	| 10.17	| 10.26	| 10.33	| 0.16
636	| 14.37	| 14.37	| 14.54	| 0.18
637	| 16.84	| 16.93	| 16.71	| 0.21
638	| 13.82	| 13.97	| 13.93	| 0.15
639	| 5.60	| 5.69	| 5.75	| 0.15
640	| 15.04	| 14.99	| 15.07	| 0.09
641	| 13.76	| 13.72	| 13.66	| 0.10
642	| 3.87	| 3.94	| 3.91	| 0.07
643	| 11.91	| 12.09	| 11.98	| 0.18
644	| 4.85	| 4.81	| 4.77	| 0.08
645	| 9.43	| 9.39	| 9.50	| 0.11
646	| 3.31	| 3.21	| 3.31	| 0.09
647	| 8.91	| 8.71	| 8.71	| 0.21
648	| 16.09	| 16.15	| 16.16	| 0.07
649	| 9.39	| 9.40	| 9.44	| 0.05
650	| 17.92	| 18.20	| 18.14	| 0.28
651	| 1.95	| 1.84	| 1.85	| 0.11
652	| 12.04	| 12.22	| 12.14	| 0.18
653	| 8.96	| 8.88	| 8.87	| 0.09
654	| 14.84	| 14.69	| 14.81	| 0.15
655	| 16.13	| 15.84	| 16.13	| 0.29
656	| 16.20	| 16.16	| 16.21	| 0.05
657	| 10.55	| 10.67	| 10.53	| 0.13
658	| 15.86	| 15.95	| 16.00	| 0.15
659	| 4.54	| 4.54	| 4.50	| 0.03
660	| 4.86	| 4.76	| 4.72	| 0.14
661	| 8.07	| 8.00	| 8.10	| 0.11
662	| 13.57	| 13.45	| 13.49	| 0.12
663	| 16.95	| 17.27	| 17.25	| 0.32
664	| 16.67	| 16.73	| 16.54	| 0.19
665	| 14.88	| 14.77	| 14.90	| 0.13
666	| 15.25	| 15.19	| 15.46	| 0.27
667	| 4.50	| 4.48	| 4.58	| 0.10
668	| 18.24	| 18.45	| 18.72	| 0.48
669	| 12.55	| 12.31	| 12.35	| 0.24
670	| 6.29	| 6.39	| 6.25	| 0.14
671	| 17.20	| 17.09	| 16.99	| 0.21
672	| 9.66	| 9.44	| 9.52	| 0.22
673	| 9.73	| 9.61	| 9.69	| 0.12
674	| 6.77	| 6.84	| 6.96	| 0.19
675	| 13.77	| 13.70	| 13.87	| 0.17
676	| 14.56	| 14.58	| 14.42	| 0.15
677	| 17.83	| 17.84	| 17.61	| 0.23
678	| 14.20	| 14.15	| 14.23	| 0.08
679	| 17.38	| 17.10	| 17.36	| 0.28
680	| 18.59	| 18.45	| 18.48	| 0.14
681	| 19.05	| 19.01	| 18.96	| 0.09
682	| 0.57	| 0.50	| 0.51	| 0.07
683	| 8.57	| 8.67	| 8.49	| 0.17
684	| 8.57	| 8.58	| 8.76	| 0.19
685	| 17.52	| 17.66	| 17.63	| 0.14
686	| 17.61	| 17.52	| 17.56	| 0.10
687	| 16.34	| 16.20	| 16.32	| 0.14
688	| 1.43	| 1.38	| 1.36	| 0.07
689	| 8.21	| 8.07	| 8.17	| 0.14
690	| 16.48	| 16.55	| 16.34	| 0.21
691	| 4.98	| 5.03	| 5.13	| 0.15
692	| 16.25	| 16.33	| 16.53	| 0.28
693	| 18.01	| 18.15	| 18.28	| 0.27
694	| 17.16	| 16.96	| 17.10	| 0.21
695	| 12.80	| 12.54	| 12.71	| 0.27
696	| 8.53	| 8.66	| 8.62	| 0.13
697	| 1.90	| 1.93	| 1.89	| 0.04
698	| 8.21	| 8.41	| 8.39	| 0.20
699	| 9.29	| 9.29	| 9.23	| 0.07
700	| 14.25	| 14.12	| 14.15	| 0.14
701	| 13.74	| 13.88	| 13.85	| 0.14
702	| 11.25	| 11.25	| 11.42	| 0.18
703	| 18.35	| 18.27	| 18.25	| 0.11
704	| 17.97	| 17.94	| 18.14	| 0.20
705	| 13.75	| 13.67	| 13.75	| 0.08
706	| 7.95	| 7.95	| 8.06	| 0.12
707	| 15.00	| 14.84	| 14.74	| 0.26
708	| 12.20	| 12.18	| 11.97	| 0.23
709	| 12.31	| 12.46	| 12.33	| 0.15
710	| 15.15	| 15.04	| 14.93	| 0.23
711	| 18.47	| 18.49	| 18.46	| 0.03
712	| 17.93	| 17.71	| 17.67	| 0.26
713	| 17.88	| 17.64	| 17.70	| 0.24
714	| 13.41	| 13.42	| 13.47	| 0.06
715	| 16.95	| 17.37	| 16.83	| 0.54
716	| 18.96	| 18.67	| 18.81	| 0.30
717	| 2.24	| 2.29	| 2.31	| 0.07
718	| 17.99	| 18.30	| 18.06	| 0.31
719	| 14.28	| 14.24	| 14.31	| 0.07
720	| 6.80	| 6.87	| 7.04	| 0.24
721	| 7.39	| 7.26	| 7.20	| 0.19
722	| 1.46	| 1.44	| 1.46	| 0.03
723	| 7.45	| 7.49	| 7.43	| 0.06
724	| 2.13	| 2.15	| 2.16	| 0.03
725	| 5.02	| 5.02	| 5.07	| 0.05
726	| 8.98	| 9.09	| 9.12	| 0.15
727	| 12.20	| 11.96	| 12.07	| 0.24
728	| 2.13	| 2.11	| 2.10	| 0.04
729	| 6.71	| 6.67	| 6.55	| 0.15
730	| 16.03	| 15.88	| 16.18	| 0.30
731	| 6.67	| 6.52	| 6.75	| 0.23
732	| 2.64	| 2.62	| 2.69	| 0.06
733	| 1.08	| 1.10	| 1.12	| 0.04
734	| 12.01	| 12.11	| 12.16	| 0.16
735	| 11.51	| 11.67	| 11.74	| 0.23
736	| 4.96	| 5.12	| 5.05	| 0.16
737	| 0.29	| 0.29	| 0.30	| 0.02
738	| 11.47	| 11.40	| 11.37	| 0.10
739	| 10.71	| 10.66	| 10.96	| 0.30
740	| 1.79	| 1.78	| 1.85	| 0.06
741	| 6.46	| 6.33	| 6.21	| 0.25
742	| 11.40	| 11.53	| 11.44	| 0.12
743	| 15.91	| 15.90	| 15.85	| 0.05
744	| 1.26	| 1.26	| 1.29	| 0.03
745	| 1.91	| 1.84	| 1.91	| 0.08
746	| 18.90	| 18.78	| 18.79	| 0.12
747	| 8.98	| 9.02	| 8.82	| 0.20
748	| 8.17	| 8.02	| 8.03	| 0.16
749	| 15.63	| 15.68	| 15.54	| 0.14
750	| 9.36	| 9.24	| 9.00	| 0.36
751	| 8.69	| 8.69	| 8.71	| 0.02
752	| 0.61	| 0.67	| 0.66	| 0.06
753	| 13.71	| 13.69	| 13.57	| 0.14
754	| 4.52	| 4.50	| 4.44	| 0.08
755	| 15.07	| 15.04	| 15.31	| 0.27
756	| 10.67	| 10.62	| 10.90	| 0.29
757	| 13.11	| 13.18	| 13.00	| 0.18
758	| 13.89	| 14.07	| 13.75	| 0.32
759	| 13.20	| 13.13	| 13.19	| 0.07
760	| 16.28	| 16.30	| 16.43	| 0.16
761	| 13.30	| 13.42	| 13.35	| 0.12
762	| 4.37	| 4.33	| 4.42	| 0.09
763	| 4.11	| 4.21	| 4.15	| 0.10
764	| 15.35	| 15.36	| 15.13	| 0.23
765	| 15.74	| 15.58	| 15.83	| 0.25
766	| 9.44	| 9.29	| 9.30	| 0.15
767	| 4.56	| 4.74	| 4.63	| 0.18
768	| 18.41	| 18.54	| 18.19	| 0.35
769	| 17.64	| 17.70	| 17.90	| 0.26
770	| 13.87	| 13.76	| 13.90	| 0.13
771	| 10.14	| 10.08	| 10.05	| 0.09
772	| 7.76	| 7.70	| 7.61	| 0.15
773	| 18.03	| 18.23	| 18.07	| 0.20
774	| 15.90	| 15.91	| 15.99	| 0.09
775	| 4.50	| 4.52	| 4.44	| 0.08
776	| 17.08	| 17.03	| 17.07	| 0.05
777	| 7.21	| 7.26	| 7.08	| 0.18
778	| 7.10	| 7.41	| 7.17	| 0.30
779	| 4.55	| 4.64	| 4.62	| 0.09
780	| 13.12	| 13.12	| 13.05	| 0.07
781	| 13.97	| 13.90	| 14.09	| 0.19
782	| 1.43	| 1.43	| 1.47	| 0.03
783	| 5.48	| 5.47	| 5.47	| 0.01
784	| 4.87	| 4.85	| 4.89	| 0.04
785	| 5.50	| 5.68	| 5.59	| 0.17
786	| 1.54	| 1.43	| 1.47	| 0.11
787	| 16.58	| 16.53	| 16.65	| 0.12
788	| 7.12	| 7.32	| 7.08	| 0.24
789	| 17.90	| 18.12	| 18.40	| 0.50
790	| 13.37	| 13.39	| 13.20	| 0.18
791	| 10.73	| 10.85	| 11.01	| 0.29
792	| 8.49	| 8.54	| 8.52	| 0.05
793	| 14.28	| 14.31	| 14.29	| 0.03
794	| 14.82	| 14.93	| 14.84	| 0.10
795	| 2.75	| 2.84	| 2.98	| 0.23
796	| 5.16	| 5.23	| 5.27	| 0.11
797	| 0.46	| 0.48	| 0.48	| 0.02
798	| 0.27	| 0.26	| 0.27	| 0.02
799	| 1.76	| 1.79	| 1.75	| 0.04
800	| 15.12	| 14.88	| 14.96	| 0.24
801	| 7.56	| 7.64	| 7.64	| 0.08
802	| 16.45	| 16.37	| 16.25	| 0.20
803	| 18.18	| 18.09	| 18.16	| 0.09
804	| 18.93	| 18.73	| 18.52	| 0.42
805	| 15.50	| 15.64	| 15.62	| 0.13
806	| 0.70	| 0.69	| 0.69	| 0.01
807	| 1.38	| 1.45	| 1.42	| 0.07
808	| 0.49	| 0.50	| 0.53	| 0.04
809	| 16.35	| 16.14	| 16.45	| 0.31
810	| 0.40	| 0.44	| 0.40	| 0.04
811	| 15.56	| 15.36	| 15.53	| 0.20
812	| 11.01	| 10.99	| 11.03	| 0.04
813	| 11.40	| 11.41	| 11.19	| 0.22
814	| 13.68	| 13.80	| 13.69	| 0.12
815	| 1.36	| 1.30	| 1.41	| 0.10
816	| 4.94	| 5.01	| 5.00	| 0.07
817	| 9.22	| 9.07	| 9.14	| 0.14
818	| 12.89	| 13.09	| 13.05	| 0.20
819	| 14.68	| 14.95	| 14.74	| 0.28
820	| 18.29	| 18.01	| 17.99	| 0.29
821	| 6.40	| 6.54	| 6.36	| 0.19
822	| 0.30	| 0.32	| 0.32	| 0.02
823	| 8.39	| 8.49	| 8.30	| 0.19
824	| 1.48	| 1.44	| 1.46	| 0.05
825	| 16.49	| 16.54	| 16.39	| 0.15
826	| 11.70	| 11.64	| 11.47	| 0.23
827	| 1.54	| 1.47	| 1.53	| 0.07
828	| 18.09	| 18.00	| 17.93	| 0.16
829	| 8.99	| 9.21	| 8.99	| 0.22
830	| 15.62	| 15.53	| 15.54	| 0.08
831	| 1.85	| 1.80	| 1.90	| 0.10
832	| 17.75	| 17.59	| 17.41	| 0.34
833	| 14.97	| 14.95	| 14.97	| 0.03
834	| 9.31	| 9.36	| 9.43	| 0.12
835	| 14.85	| 15.02	| 15.11	| 0.26
836	| 3.87	| 3.79	| 3.96	| 0.17
837	| 5.09	| 5.05	| 5.16	| 0.11
838	| 15.06	| 15.10	| 15.18	| 0.12
839	| 18.26	| 18.17	| 18.54	| 0.38
840	| 12.46	| 12.59	| 12.69	| 0.22
841	| 11.92	| 11.73	| 12.00	| 0.27
842	| 4.38	| 4.41	| 4.46	| 0.08
843	| 2.32	| 2.26	| 2.24	| 0.08
844	| 9.01	| 9.18	| 9.12	| 0.17
845	| 5.99	| 6.16	| 5.99	| 0.17
846	| 10.05	| 10.30	| 10.24	| 0.25
847	| 3.92	| 3.94	| 3.89	| 0.05
848	| 4.92	| 4.95	| 5.01	| 0.09
849	| 0.18	| 0.17	| 0.20	| 0.04
850	| 18.40	| 18.61	| 18.50	| 0.20
851	| 5.30	| 5.22	| 5.17	| 0.13
852	| 13.04	| 13.10	| 13.06	| 0.06
853	| 16.26	| 16.00	| 16.16	| 0.25
854	| 5.79	| 5.85	| 5.90	| 0.12
855	| 18.97	| 18.88	| 18.58	| 0.39
856	| 1.71	| 1.72	| 1.72	| 0.01
857	| 16.88	| 16.68	| 16.95	| 0.28
858	| 2.72	| 2.55	| 2.59	| 0.17
859	| 18.90	| 18.99	| 19.03	| 0.13
860	| 6.09	| 6.08	| 5.87	| 0.22
861	| 5.84	| 5.62	| 5.76	| 0.22
862	| 12.90	| 12.84	| 12.78	| 0.13
863	| 16.47	| 16.19	| 16.13	| 0.34
864	| 4.91	| 4.83	| 4.79	| 0.12
865	| 0.57	| 0.56	| 0.54	| 0.02
866	| 4.70	| 4.66	| 4.77	| 0.11
867	| 17.52	| 17.27	| 17.54	| 0.27
868	| 16.93	| 16.96	| 16.74	| 0.23
869	| 13.78	| 13.84	| 13.76	| 0.08
870	| 15.82	| 15.76	| 15.60	| 0.23
871	| 4.06	| 4.00	| 3.84	| 0.22
872	| 15.40	| 15.37	| 15.55	| 0.18
873	| 8.47	| 8.50	| 8.71	| 0.24
874	| 12.09	| 12.16	| 11.94	| 0.22
875	| 13.60	| 13.65	| 13.56	| 0.09
876	| 5.63	| 5.72	| 5.63	| 0.09
877	| 7.17	| 7.07	| 7.18	| 0.11
878	| 15.62	| 15.39	| 15.58	| 0.24
879	| 18.52	| 18.59	| 18.55	| 0.07
880	| 5.23	| 5.14	| 5.38	| 0.23
881	| 16.87	| 16.64	| 16.71	| 0.22
882	| 4.05	| 4.11	| 4.31	| 0.26
883	| 13.03	| 13.24	| 13.15	| 0.21
884	| 16.28	| 16.42	| 16.67	| 0.39
885	| 15.69	| 15.57	| 15.56	| 0.13
886	| 8.79	| 8.69	| 8.74	| 0.10
887	| 12.64	| 12.60	| 12.50	| 0.14
888	| 11.12	| 11.00	| 11.12	| 0.12
889	| 16.58	| 16.83	| 16.70	| 0.25
890	| 10.26	| 10.29	| 10.38	| 0.12
891	| 2.87	| 2.78	| 2.83	| 0.09
892	| 3.85	| 3.65	| 3.68	| 0.20
893	| 0.49	| 0.52	| 0.50	| 0.03
894	| 2.03	| 2.00	| 2.02	| 0.03
895	| 17.77	| 18.08	| 17.78	| 0.31
896	| 5.83	| 5.89	| 5.96	| 0.13
897	| 2.27	| 2.35	| 2.35	| 0.08
898	| 1.74	| 1.76	| 1.68	| 0.08
899	| 4.39	| 4.42	| 4.35	| 0.07
900	| 18.93	| 18.70	| 18.85	| 0.23
901	| 16.04	| 15.92	| 16.07	| 0.14
902	| 9.89	| 9.82	| 9.80	| 0.09
903	| 3.71	| 3.61	| 3.65	| 0.10
904	| 7.60	| 7.65	| 7.42	| 0.23
905	| 2.94	| 2.97	| 2.96	| 0.04
906	| 10.97	| 11.23	| 10.96	| 0.28
907	| 17.17	| 17.03	| 16.92	| 0.25
908	| 12.82	| 12.66	| 12.72	| 0.17
909	| 16.07	| 16.06	| 16.10	| 0.05
910	| 9.74	| 10.08	| 9.97	| 0.33
911	| 5.84	| 5.64	| 5.62	| 0.22
912	| 13.85	| 14.01	| 14.19	| 0.35
913	| 17.86	| 17.77	| 17.59	| 0.27
914	| 16.96	| 16.73	| 16.87	| 0.23
915	| 6.21	| 6.12	| 6.11	| 0.09
916	| 0.86	| 0.76	| 0.85	| 0.10
917	| 11.15	| 11.12	| 11.12	| 0.04
918	| 7.36	| 7.53	| 7.43	| 0.17
919	| 17.38	| 17.40	| 17.30	| 0.10
920	| 6.16	| 6.06	| 6.16	| 0.10
921	| 1.72	| 1.67	| 1.73	| 0.05
922	| 4.79	| 4.85	| 4.89	| 0.10
923	| 3.49	| 3.45	| 3.43	| 0.05
924	| 9.75	| 9.84	| 9.94	| 0.19
925	| 16.44	| 16.36	| 16.22	| 0.22
926	| 2.39	| 2.30	| 2.26	| 0.13
927	| 9.66	| 9.56	| 9.62	| 0.10
928	| 12.14	| 12.29	| 12.25	| 0.15
929	| 14.60	| 14.45	| 14.62	| 0.16
930	| 18.36	| 18.34	| 18.32	| 0.04
931	| 10.61	| 10.66	| 10.81	| 0.20
932	| 0.48	| 0.48	| 0.49	| 0.01
933	| 8.71	| 8.64	| 8.71	| 0.07
934	| 5.83	| 5.64	| 5.68	| 0.19
935	| 2.19	| 2.15	| 2.16	| 0.04
936	| 7.54	| 7.52	| 7.61	| 0.08
937	| 2.48	| 2.50	| 2.54	| 0.05
938	| 5.81	| 5.65	| 5.78	| 0.16
939	| 16.97	| 17.26	| 17.13	| 0.29
940	| 16.06	| 16.05	| 15.93	| 0.13
941	| 17.23	| 16.88	| 16.97	| 0.35
942	| 10.50	| 10.49	| 10.44	| 0.06
943	| 14.79	| 14.65	| 14.79	| 0.14
944	| 3.10	| 3.20	| 3.09	| 0.11
945	| 9.38	| 9.22	| 9.15	| 0.24
946	| 16.90	| 16.98	| 17.02	| 0.12
947	| 13.44	| 13.63	| 13.44	| 0.20
948	| 11.25	| 11.32	| 11.23	| 0.09
949	| 4.01	| 4.00	| 3.95	| 0.06
950	| 7.51	| 7.66	| 7.59	| 0.15
951	| 17.19	| 16.97	| 17.16	| 0.22
952	| 7.35	| 7.13	| 7.23	| 0.22
953	| 8.27	| 8.58	| 8.29	| 0.31
954	| 16.26	| 16.04	| 16.09	| 0.22
955	| 3.37	| 3.39	| 3.40	| 0.03
956	| 18.73	| 18.69	| 18.57	| 0.16
957	| 17.01	| 17.06	| 16.99	| 0.07
958	| 6.18	| 5.82	| 6.16	| 0.36
959	| 5.47	| 5.38	| 5.20	| 0.27
960	| 17.72	| 17.89	| 17.83	| 0.17
961	| 14.24	| 14.48	| 14.38	| 0.24
962	| 7.98	| 7.97	| 8.01	| 0.04
963	| 10.61	| 10.51	| 10.53	| 0.09
964	| 10.69	| 10.60	| 10.48	| 0.21
965	| 2.19	| 2.11	| 2.17	| 0.07
966	| 4.14	| 4.18	| 4.20	| 0.05
967	| 1.88	| 2.00	| 1.95	| 0.11
968	| 3.70	| 3.68	| 3.75	| 0.07
969	| 13.15	| 13.46	| 13.22	| 0.31
970	| 10.85	| 10.86	| 10.93	| 0.08
971	| 10.66	| 10.59	| 10.74	| 0.16
972	| 2.38	| 2.51	| 2.43	| 0.14
973	| 4.34	| 4.25	| 4.41	| 0.16
974	| 17.68	| 17.73	| 17.47	| 0.26
975	| 14.27	| 14.30	| 14.29	| 0.03
976	| 0.13	| 0.14	| 0.13	| 0.01
977	| 10.37	| 10.41	| 10.49	| 0.13
978	| 10.62	| 10.73	| 10.65	| 0.11
979	| 2.00	| 1.97	| 2.05	| 0.08
980	| 1.03	| 0.98	| 0.95	| 0.08
981	| 16.87	| 16.59	| 16.61	| 0.28
982	| 14.49	| 14.52	| 14.56	| 0.07
983	| 3.77	| 3.83	| 3.86	| 0.09
984	| 4.08	| 4.09	| 4.05	| 0.03
985	| 8.20	| 8.00	| 8.06	| 0.19
986	| 1.32	| 1.41	| 1.32	| 0.09
987	| 12.70	| 12.85	| 12.92	| 0.22
988	| 18.01	| 17.75	| 17.87	| 0.27
989	| 17.12	| 16.92	| 17.07	| 0.20
990	| 16.25	| 16.20	| 16.39	| 0.19
991	| 5.63	| 5.63	| 5.72	| 0.09
992	| 1.30	| 1.26	| 1.28	| 0.03
993	| 12.48	| 12.35	| 12.55	| 0.20
994	| 9.23	| 9.11	| 9.10	| 0.13
995	| 3.69	| 3.55	| 3.67	| 0.13
996	| 10.11	| 10.01	| 10.24	| 0.23
997	| 3.17	| 3.04	| 3.21	| 0.17
998	| 5.26	| 5.23	| 5.40	| 0.17
999	| 18.23	| 18.36	| 18.38	| 0.15
