Weighted Random Sampling Comparison on 100000 Trials
---------------------------------------------
Difference is bigger than 1%p in the following indices: []
Elapsed time: Naive: 966.861792ms, Fenwick: 997.026459ms, Python: 28.707154989s

---------------------------------------------
Probability(%) of each element being selected:
Element	| Naive	| Fenw	| Pyth	| Diff(Max-Min)
---------------------------------------------
0	| 0.09	| 0.11	| 0.10	| 0.02
1	| 0.03	| 0.03	| 0.01	| 0.02
2	| 0.25	| 0.25	| 0.27	| 0.02
3	| 0.00	| 0.01	| 0.01	| 0.00
4	| 0.21	| 0.21	| 0.22	| 0.01
5	| 0.14	| 0.14	| 0.13	| 0.00
6	| 0.16	| 0.20	| 0.19	| 0.04
7	| 0.29	| 0.32	| 0.31	| 0.03
8	| 0.27	| 0.30	| 0.27	| 0.03
9	| 0.15	| 0.18	| 0.18	| 0.03
10	| 0.05	| 0.04	| 0.04	| 0.01
11	| 0.12	| 0.11	| 0.11	| 0.02
12	| 0.12	| 0.13	| 0.14	| 0.02
13	| 0.36	| 0.35	| 0.33	| 0.03
14	| 0.34	| 0.32	| 0.30	| 0.03
15	| 0.13	| 0.14	| 0.14	| 0.01
16	| 0.24	| 0.22	| 0.22	| 0.02
17	| 0.18	| 0.17	| 0.16	| 0.02
18	| 0.03	| 0.03	| 0.03	| 0.01
19	| 0.25	| 0.22	| 0.25	| 0.03
20	| 0.01	| 0.01	| 0.01	| 0.00
21	| 0.18	| 0.18	| 0.19	| 0.01
22	| 0.31	| 0.31	| 0.29	| 0.02
23	| 0.11	| 0.11	| 0.10	| 0.01
24	| 0.27	| 0.22	| 0.21	| 0.05
25	| 0.24	| 0.21	| 0.22	| 0.03
26	| 0.18	| 0.19	| 0.23	| 0.04
27	| 0.27	| 0.26	| 0.29	| 0.02
28	| 0.07	| 0.07	| 0.08	| 0.02
29	| 0.16	| 0.15	| 0.19	| 0.04
30	| 0.27	| 0.30	| 0.27	| 0.03
31	| 0.06	| 0.06	| 0.05	| 0.01
32	| 0.01	| 0.01	| 0.01	| 0.00
33	| 0.19	| 0.20	| 0.21	| 0.03
34	| 0.15	| 0.15	| 0.17	| 0.02
35	| 0.20	| 0.23	| 0.22	| 0.03
36	| 0.16	| 0.16	| 0.16	| 0.00
37	| 0.35	| 0.33	| 0.33	| 0.02
38	| 0.11	| 0.10	| 0.10	| 0.01
39	| 0.02	| 0.02	| 0.02	| 0.01
40	| 0.30	| 0.34	| 0.33	| 0.04
41	| 0.04	| 0.03	| 0.03	| 0.01
42	| 0.24	| 0.24	| 0.26	| 0.02
43	| 0.06	| 0.05	| 0.05	| 0.01
44	| 0.19	| 0.18	| 0.18	| 0.01
45	| 0.06	| 0.08	| 0.06	| 0.02
46	| 0.02	| 0.02	| 0.01	| 0.01
47	| 0.25	| 0.28	| 0.25	| 0.03
48	| 0.24	| 0.21	| 0.22	| 0.02
49	| 0.30	| 0.30	| 0.30	| 0.01
50	| 0.01	| 0.01	| 0.02	| 0.01
51	| 0.06	| 0.06	| 0.06	| 0.01
52	| 0.19	| 0.20	| 0.20	| 0.01
53	| 0.23	| 0.25	| 0.21	| 0.03
54	| 0.19	| 0.20	| 0.21	| 0.02
55	| 0.19	| 0.18	| 0.17	| 0.03
56	| 0.13	| 0.14	| 0.14	| 0.01
57	| 0.01	| 0.01	| 0.00	| 0.01
58	| 0.17	| 0.21	| 0.18	| 0.03
59	| 0.13	| 0.14	| 0.11	| 0.02
60	| 0.27	| 0.32	| 0.26	| 0.06
61	| 0.21	| 0.20	| 0.24	| 0.04
62	| 0.02	| 0.02	| 0.02	| 0.01
63	| 0.24	| 0.23	| 0.23	| 0.01
64	| 0.21	| 0.22	| 0.23	| 0.02
65	| 0.32	| 0.30	| 0.31	| 0.02
66	| 0.03	| 0.02	| 0.03	| 0.01
67	| 0.00	| 0.00	| 0.00	| 0.00
68	| 0.07	| 0.06	| 0.07	| 0.01
69	| 0.07	| 0.07	| 0.06	| 0.01
70	| 0.11	| 0.11	| 0.08	| 0.03
71	| 0.15	| 0.15	| 0.15	| 0.00
72	| 0.08	| 0.09	| 0.08	| 0.01
73	| 0.21	| 0.20	| 0.20	| 0.01
74	| 0.16	| 0.15	| 0.16	| 0.01
75	| 0.08	| 0.11	| 0.12	| 0.04
76	| 0.25	| 0.24	| 0.28	| 0.04
77	| 0.09	| 0.09	| 0.08	| 0.01
78	| 0.11	| 0.10	| 0.12	| 0.02
79	| 0.20	| 0.18	| 0.21	| 0.03
80	| 0.21	| 0.22	| 0.20	| 0.02
81	| 0.19	| 0.20	| 0.19	| 0.02
82	| 0.23	| 0.24	| 0.21	| 0.03
83	| 0.14	| 0.12	| 0.13	| 0.02
84	| 0.10	| 0.09	| 0.09	| 0.01
85	| 0.01	| 0.02	| 0.02	| 0.01
86	| 0.10	| 0.10	| 0.10	| 0.01
87	| 0.17	| 0.17	| 0.16	| 0.01
88	| 0.34	| 0.33	| 0.32	| 0.02
89	| 0.01	| 0.01	| 0.01	| 0.00
90	| 0.27	| 0.25	| 0.28	| 0.03
91	| 0.05	| 0.05	| 0.06	| 0.01
92	| 0.10	| 0.11	| 0.12	| 0.02
93	| 0.19	| 0.21	| 0.19	| 0.02
94	| 0.14	| 0.13	| 0.13	| 0.02
95	| 0.29	| 0.26	| 0.26	| 0.03
96	| 0.24	| 0.21	| 0.22	| 0.03
97	| 0.13	| 0.14	| 0.13	| 0.01
98	| 0.33	| 0.32	| 0.32	| 0.02
99	| 0.22	| 0.23	| 0.23	| 0.01
100	| 0.05	| 0.03	| 0.03	| 0.02
101	| 0.23	| 0.27	| 0.25	| 0.04
102	| 0.32	| 0.32	| 0.31	| 0.01
103	| 0.29	| 0.33	| 0.28	| 0.05
104	| 0.11	| 0.13	| 0.18	| 0.07
105	| 0.04	| 0.03	| 0.03	| 0.01
106	| 0.13	| 0.11	| 0.15	| 0.04
107	| 0.05	| 0.05	| 0.05	| 0.00
108	| 0.10	| 0.11	| 0.11	| 0.02
109	| 0.14	| 0.11	| 0.13	| 0.03
110	| 0.06	| 0.07	| 0.07	| 0.01
111	| 0.17	| 0.17	| 0.16	| 0.01
112	| 0.07	| 0.08	| 0.07	| 0.01
113	| 0.25	| 0.24	| 0.23	| 0.03
114	| 0.21	| 0.22	| 0.21	| 0.01
115	| 0.21	| 0.21	| 0.22	| 0.02
116	| 0.14	| 0.12	| 0.13	| 0.02
117	| 0.31	| 0.29	| 0.30	| 0.02
118	| 0.23	| 0.23	| 0.20	| 0.03
119	| 0.18	| 0.17	| 0.20	| 0.02
120	| 0.14	| 0.13	| 0.13	| 0.01
121	| 0.28	| 0.29	| 0.26	| 0.03
122	| 0.23	| 0.24	| 0.22	| 0.02
123	| 0.09	| 0.08	| 0.10	| 0.01
124	| 0.22	| 0.25	| 0.24	| 0.02
125	| 0.02	| 0.01	| 0.01	| 0.01
126	| 0.04	| 0.04	| 0.03	| 0.01
127	| 0.22	| 0.20	| 0.23	| 0.03
128	| 0.30	| 0.30	| 0.30	| 0.01
129	| 0.09	| 0.06	| 0.08	| 0.02
130	| 0.02	| 0.02	| 0.03	| 0.01
131	| 0.21	| 0.20	| 0.18	| 0.02
132	| 0.27	| 0.27	| 0.29	| 0.02
133	| 0.10	| 0.10	| 0.09	| 0.00
134	| 0.32	| 0.29	| 0.30	| 0.03
135	| 0.04	| 0.04	| 0.04	| 0.00
136	| 0.20	| 0.18	| 0.19	| 0.02
137	| 0.00	| 0.00	| 0.00	| 0.00
138	| 0.31	| 0.29	| 0.29	| 0.02
139	| 0.21	| 0.21	| 0.22	| 0.02
140	| 0.14	| 0.15	| 0.16	| 0.01
141	| 0.18	| 0.20	| 0.17	| 0.03
142	| 0.16	| 0.16	| 0.17	| 0.01
143	| 0.14	| 0.10	| 0.13	| 0.04
144	| 0.17	| 0.19	| 0.19	| 0.02
145	| 0.28	| 0.29	| 0.28	| 0.01
146	| 0.13	| 0.12	| 0.11	| 0.02
147	| 0.04	| 0.03	| 0.04	| 0.01
148	| 0.33	| 0.33	| 0.34	| 0.01
149	| 0.02	| 0.02	| 0.01	| 0.01
150	| 0.06	| 0.08	| 0.07	| 0.02
151	| 0.14	| 0.13	| 0.14	| 0.01
152	| 0.13	| 0.12	| 0.12	| 0.01
153	| 0.11	| 0.12	| 0.10	| 0.02
154	| 0.17	| 0.18	| 0.17	| 0.01
155	| 0.25	| 0.25	| 0.25	| 0.00
156	| 0.13	| 0.16	| 0.13	| 0.03
157	| 0.17	| 0.15	| 0.18	| 0.03
158	| 0.12	| 0.13	| 0.12	| 0.01
159	| 0.25	| 0.20	| 0.24	| 0.05
160	| 0.11	| 0.12	| 0.12	| 0.01
161	| 0.07	| 0.08	| 0.07	| 0.01
162	| 0.14	| 0.16	| 0.15	| 0.02
163	| 0.14	| 0.14	| 0.16	| 0.02
164	| 0.25	| 0.24	| 0.26	| 0.01
165	| 0.14	| 0.15	| 0.15	| 0.01
166	| 0.12	| 0.10	| 0.10	| 0.02
167	| 0.08	| 0.07	| 0.07	| 0.02
168	| 0.14	| 0.12	| 0.11	| 0.02
169	| 0.11	| 0.09	| 0.10	| 0.01
170	| 0.35	| 0.32	| 0.35	| 0.04
171	| 0.25	| 0.26	| 0.24	| 0.02
172	| 0.28	| 0.26	| 0.28	| 0.02
173	| 0.30	| 0.33	| 0.34	| 0.04
174	| 0.18	| 0.15	| 0.18	| 0.03
175	| 0.10	| 0.13	| 0.12	| 0.03
176	| 0.19	| 0.21	| 0.21	| 0.02
177	| 0.04	| 0.04	| 0.05	| 0.01
178	| 0.10	| 0.12	| 0.12	| 0.02
179	| 0.22	| 0.18	| 0.19	| 0.04
180	| 0.17	| 0.19	| 0.14	| 0.04
181	| 0.21	| 0.21	| 0.19	| 0.03
182	| 0.06	| 0.06	| 0.08	| 0.02
183	| 0.14	| 0.13	| 0.12	| 0.02
184	| 0.02	| 0.02	| 0.03	| 0.01
185	| 0.01	| 0.01	| 0.01	| 0.00
186	| 0.28	| 0.32	| 0.28	| 0.04
187	| 0.15	| 0.17	| 0.17	| 0.02
188	| 0.25	| 0.23	| 0.24	| 0.02
189	| 0.26	| 0.27	| 0.24	| 0.03
190	| 0.17	| 0.18	| 0.17	| 0.02
191	| 0.32	| 0.30	| 0.31	| 0.02
192	| 0.20	| 0.22	| 0.20	| 0.02
193	| 0.04	| 0.04	| 0.03	| 0.01
194	| 0.29	| 0.32	| 0.29	| 0.03
195	| 0.31	| 0.30	| 0.30	| 0.01
196	| 0.05	| 0.05	| 0.06	| 0.01
197	| 0.03	| 0.05	| 0.04	| 0.02
198	| 0.08	| 0.07	| 0.08	| 0.02
199	| 0.03	| 0.03	| 0.02	| 0.01
200	| 0.16	| 0.20	| 0.18	| 0.04
201	| 0.16	| 0.15	| 0.18	| 0.03
202	| 0.01	| 0.02	| 0.01	| 0.01
203	| 0.14	| 0.11	| 0.13	| 0.02
204	| 0.22	| 0.27	| 0.24	| 0.05
205	| 0.01	| 0.00	| 0.01	| 0.01
206	| 0.03	| 0.04	| 0.05	| 0.01
207	| 0.02	| 0.02	| 0.03	| 0.01
208	| 0.21	| 0.24	| 0.26	| 0.05
209	| 0.21	| 0.17	| 0.21	| 0.04
210	| 0.21	| 0.23	| 0.23	| 0.02
211	| 0.22	| 0.22	| 0.20	| 0.02
212	| 0.09	| 0.11	| 0.11	| 0.02
213	| 0.06	| 0.06	| 0.06	| 0.01
214	| 0.26	| 0.32	| 0.31	| 0.06
215	| 0.09	| 0.08	| 0.08	| 0.01
216	| 0.29	| 0.29	| 0.29	| 0.00
217	| 0.06	| 0.07	| 0.05	| 0.02
218	| 0.03	| 0.03	| 0.03	| 0.01
219	| 0.12	| 0.13	| 0.14	| 0.01
220	| 0.20	| 0.18	| 0.18	| 0.02
221	| 0.03	| 0.03	| 0.03	| 0.01
222	| 0.21	| 0.21	| 0.18	| 0.03
223	| 0.33	| 0.31	| 0.33	| 0.02
224	| 0.01	| 0.01	| 0.01	| 0.00
225	| 0.29	| 0.27	| 0.29	| 0.02
226	| 0.03	| 0.03	| 0.02	| 0.01
227	| 0.17	| 0.18	| 0.20	| 0.03
228	| 0.28	| 0.26	| 0.30	| 0.04
229	| 0.09	| 0.10	| 0.09	| 0.01
230	| 0.14	| 0.12	| 0.13	| 0.01
231	| 0.08	| 0.08	| 0.08	| 0.00
232	| 0.23	| 0.23	| 0.23	| 0.01
233	| 0.26	| 0.29	| 0.28	| 0.04
234	| 0.05	| 0.06	| 0.06	| 0.01
235	| 0.10	| 0.12	| 0.09	| 0.03
236	| 0.30	| 0.29	| 0.29	| 0.01
237	| 0.08	| 0.10	| 0.09	| 0.02
238	| 0.32	| 0.31	| 0.29	| 0.03
239	| 0.09	| 0.12	| 0.12	| 0.03
240	| 0.19	| 0.24	| 0.23	| 0.05
241	| 0.12	| 0.14	| 0.13	| 0.02
242	| 0.05	| 0.06	| 0.05	| 0.00
243	| 0.15	| 0.14	| 0.16	| 0.02
244	| 0.05	| 0.05	| 0.04	| 0.01
245	| 0.31	| 0.31	| 0.34	| 0.03
246	| 0.04	| 0.05	| 0.05	| 0.01
247	| 0.06	| 0.04	| 0.05	| 0.02
248	| 0.29	| 0.30	| 0.33	| 0.04
249	| 0.17	| 0.14	| 0.15	| 0.02
250	| 0.13	| 0.17	| 0.15	| 0.04
251	| 0.28	| 0.31	| 0.30	| 0.03
252	| 0.15	| 0.13	| 0.17	| 0.03
253	| 0.02	| 0.02	| 0.02	| 0.00
254	| 0.18	| 0.19	| 0.19	| 0.01
255	| 0.34	| 0.30	| 0.32	| 0.03
256	| 0.12	| 0.15	| 0.15	| 0.03
257	| 0.19	| 0.17	| 0.18	| 0.02
258	| 0.07	| 0.06	| 0.06	| 0.01
259	| 0.20	| 0.21	| 0.18	| 0.02
260	| 0.13	| 0.14	| 0.14	| 0.01
261	| 0.21	| 0.19	| 0.22	| 0.03
262	| 0.04	| 0.04	| 0.05	| 0.01
263	| 0.22	| 0.21	| 0.21	| 0.01
264	| 0.26	| 0.27	| 0.24	| 0.03
265	| 0.22	| 0.21	| 0.27	| 0.06
266	| 0.20	| 0.21	| 0.17	| 0.03
267	| 0.10	| 0.10	| 0.10	| 0.01
268	| 0.06	| 0.06	| 0.06	| 0.00
269	| 0.20	| 0.20	| 0.18	| 0.02
270	| 0.04	| 0.03	| 0.03	| 0.01
271	| 0.07	| 0.06	| 0.08	| 0.01
272	| 0.31	| 0.29	| 0.32	| 0.03
273	| 0.24	| 0.28	| 0.29	| 0.05
274	| 0.13	| 0.14	| 0.13	| 0.01
275	| 0.25	| 0.23	| 0.26	| 0.03
276	| 0.33	| 0.34	| 0.33	| 0.02
277	| 0.17	| 0.18	| 0.17	| 0.01
278	| 0.30	| 0.31	| 0.35	| 0.04
279	| 0.18	| 0.18	| 0.16	| 0.02
280	| 0.25	| 0.24	| 0.22	| 0.03
281	| 0.32	| 0.36	| 0.34	| 0.04
282	| 0.07	| 0.10	| 0.08	| 0.03
283	| 0.23	| 0.22	| 0.21	| 0.01
284	| 0.22	| 0.22	| 0.23	| 0.02
285	| 0.15	| 0.13	| 0.14	| 0.02
286	| 0.13	| 0.11	| 0.13	| 0.02
287	| 0.25	| 0.25	| 0.28	| 0.04
288	| 0.07	| 0.07	| 0.09	| 0.01
289	| 0.12	| 0.12	| 0.14	| 0.03
290	| 0.18	| 0.16	| 0.19	| 0.03
291	| 0.17	| 0.17	| 0.18	| 0.01
292	| 0.03	| 0.03	| 0.04	| 0.00
293	| 0.04	| 0.04	| 0.03	| 0.01
294	| 0.19	| 0.15	| 0.16	| 0.04
295	| 0.31	| 0.29	| 0.28	| 0.04
296	| 0.28	| 0.24	| 0.27	| 0.04
297	| 0.02	| 0.01	| 0.01	| 0.01
298	| 0.23	| 0.22	| 0.25	| 0.03
299	| 0.11	| 0.09	| 0.10	| 0.02
300	| 0.09	| 0.09	| 0.09	| 0.01
301	| 0.07	| 0.10	| 0.08	| 0.02
302	| 0.08	| 0.08	| 0.09	| 0.01
303	| 0.06	| 0.06	| 0.06	| 0.00
304	| 0.26	| 0.25	| 0.27	| 0.02
305	| 0.24	| 0.29	| 0.26	| 0.04
306	| 0.31	| 0.28	| 0.29	| 0.03
307	| 0.06	| 0.06	| 0.05	| 0.01
308	| 0.27	| 0.31	| 0.28	| 0.03
309	| 0.32	| 0.29	| 0.27	| 0.05
310	| 0.18	| 0.17	| 0.19	| 0.02
311	| 0.32	| 0.32	| 0.30	| 0.01
312	| 0.09	| 0.08	| 0.10	| 0.02
313	| 0.13	| 0.13	| 0.11	| 0.02
314	| 0.27	| 0.27	| 0.30	| 0.03
315	| 0.29	| 0.31	| 0.29	| 0.02
316	| 0.10	| 0.11	| 0.11	| 0.02
317	| 0.16	| 0.15	| 0.15	| 0.01
318	| 0.05	| 0.05	| 0.07	| 0.02
319	| 0.30	| 0.28	| 0.27	| 0.03
320	| 0.08	| 0.08	| 0.09	| 0.01
321	| 0.06	| 0.06	| 0.07	| 0.01
322	| 0.24	| 0.26	| 0.22	| 0.04
323	| 0.31	| 0.32	| 0.35	| 0.04
324	| 0.00	| 0.00	| 0.00	| 0.00
325	| 0.19	| 0.20	| 0.17	| 0.03
326	| 0.11	| 0.08	| 0.09	| 0.02
327	| 0.12	| 0.13	| 0.14	| 0.01
328	| 0.33	| 0.33	| 0.32	| 0.02
329	| 0.08	| 0.09	| 0.10	| 0.02
330	| 0.10	| 0.12	| 0.13	| 0.02
331	| 0.33	| 0.33	| 0.35	| 0.02
332	| 0.28	| 0.26	| 0.27	| 0.02
333	| 0.23	| 0.23	| 0.24	| 0.01
334	| 0.16	| 0.14	| 0.16	| 0.02
335	| 0.11	| 0.13	| 0.14	| 0.02
336	| 0.25	| 0.20	| 0.21	| 0.05
337	| 0.08	| 0.06	| 0.07	| 0.01
338	| 0.24	| 0.21	| 0.24	| 0.03
339	| 0.03	| 0.02	| 0.03	| 0.01
340	| 0.04	| 0.03	| 0.04	| 0.01
341	| 0.14	| 0.13	| 0.11	| 0.03
342	| 0.08	| 0.08	| 0.08	| 0.00
343	| 0.11	| 0.12	| 0.12	| 0.01
344	| 0.02	| 0.02	| 0.03	| 0.01
345	| 0.04	| 0.05	| 0.05	| 0.01
346	| 0.23	| 0.23	| 0.23	| 0.00
347	| 0.13	| 0.14	| 0.13	| 0.01
348	| 0.26	| 0.29	| 0.29	| 0.03
349	| 0.00	| 0.00	| 0.01	| 0.01
350	| 0.03	| 0.04	| 0.04	| 0.01
351	| 0.05	| 0.04	| 0.06	| 0.01
352	| 0.13	| 0.16	| 0.19	| 0.06
353	| 0.33	| 0.30	| 0.29	| 0.04
354	| 0.06	| 0.07	| 0.07	| 0.01
355	| 0.31	| 0.32	| 0.33	| 0.03
356	| 0.28	| 0.27	| 0.30	| 0.03
357	| 0.15	| 0.14	| 0.16	| 0.01
358	| 0.13	| 0.14	| 0.14	| 0.01
359	| 0.01	| 0.01	| 0.01	| 0.01
360	| 0.15	| 0.14	| 0.14	| 0.01
361	| 0.09	| 0.11	| 0.08	| 0.03
362	| 0.23	| 0.20	| 0.18	| 0.04
363	| 0.29	| 0.31	| 0.30	| 0.02
364	| 0.20	| 0.16	| 0.15	| 0.05
365	| 0.17	| 0.21	| 0.21	| 0.04
366	| 0.14	| 0.10	| 0.13	| 0.04
367	| 0.01	| 0.00	| 0.01	| 0.01
368	| 0.14	| 0.12	| 0.13	| 0.02
369	| 0.32	| 0.32	| 0.27	| 0.05
370	| 0.04	| 0.06	| 0.04	| 0.02
371	| 0.01	| 0.00	| 0.01	| 0.01
372	| 0.11	| 0.11	| 0.10	| 0.00
373	| 0.08	| 0.07	| 0.07	| 0.01
374	| 0.17	| 0.18	| 0.15	| 0.03
375	| 0.31	| 0.32	| 0.35	| 0.04
376	| 0.08	| 0.06	| 0.06	| 0.03
377	| 0.24	| 0.23	| 0.22	| 0.02
378	| 0.08	| 0.08	| 0.06	| 0.03
379	| 0.01	| 0.01	| 0.01	| 0.00
380	| 0.25	| 0.26	| 0.23	| 0.04
381	| 0.08	| 0.06	| 0.05	| 0.03
382	| 0.29	| 0.26	| 0.25	| 0.04
383	| 0.04	| 0.05	| 0.05	| 0.02
384	| 0.10	| 0.08	| 0.08	| 0.02
385	| 0.32	| 0.35	| 0.34	| 0.03
386	| 0.15	| 0.15	| 0.16	| 0.02
387	| 0.17	| 0.18	| 0.18	| 0.00
388	| 0.01	| 0.01	| 0.01	| 0.01
389	| 0.32	| 0.31	| 0.34	| 0.03
390	| 0.11	| 0.12	| 0.14	| 0.03
391	| 0.33	| 0.33	| 0.33	| 0.01
392	| 0.23	| 0.22	| 0.20	| 0.03
393	| 0.06	| 0.07	| 0.07	| 0.01
394	| 0.19	| 0.16	| 0.19	| 0.03
395	| 0.14	| 0.14	| 0.14	| 0.00
396	| 0.13	| 0.14	| 0.14	| 0.02
397	| 0.29	| 0.30	| 0.28	| 0.02
398	| 0.17	| 0.18	| 0.17	| 0.01
399	| 0.07	| 0.07	| 0.07	| 0.00
400	| 0.04	| 0.04	| 0.04	| 0.00
401	| 0.29	| 0.30	| 0.31	| 0.02
402	| 0.16	| 0.14	| 0.16	| 0.02
403	| 0.08	| 0.09	| 0.10	| 0.02
404	| 0.18	| 0.18	| 0.18	| 0.01
405	| 0.30	| 0.29	| 0.29	| 0.02
406	| 0.17	| 0.15	| 0.18	| 0.02
407	| 0.20	| 0.17	| 0.16	| 0.04
408	| 0.18	| 0.20	| 0.21	| 0.03
409	| 0.10	| 0.11	| 0.10	| 0.01
410	| 0.21	| 0.18	| 0.21	| 0.03
411	| 0.06	| 0.07	| 0.05	| 0.02
412	| 0.18	| 0.18	| 0.21	| 0.03
413	| 0.22	| 0.20	| 0.21	| 0.02
414	| 0.31	| 0.32	| 0.28	| 0.04
415	| 0.07	| 0.06	| 0.06	| 0.00
416	| 0.11	| 0.15	| 0.14	| 0.05
417	| 0.10	| 0.09	| 0.10	| 0.01
418	| 0.18	| 0.17	| 0.17	| 0.01
419	| 0.29	| 0.30	| 0.28	| 0.02
420	| 0.11	| 0.13	| 0.13	| 0.02
421	| 0.30	| 0.29	| 0.31	| 0.02
422	| 0.12	| 0.12	| 0.13	| 0.01
423	| 0.03	| 0.03	| 0.03	| 0.01
424	| 0.23	| 0.21	| 0.21	| 0.02
425	| 0.11	| 0.10	| 0.09	| 0.01
426	| 0.27	| 0.27	| 0.25	| 0.02
427	| 0.00	| 0.00	| 0.00	| 0.00
428	| 0.11	| 0.14	| 0.13	| 0.02
429	| 0.29	| 0.30	| 0.28	| 0.02
430	| 0.28	| 0.31	| 0.30	| 0.03
431	| 0.13	| 0.12	| 0.12	| 0.01
432	| 0.31	| 0.27	| 0.25	| 0.06
433	| 0.18	| 0.20	| 0.19	| 0.01
434	| 0.02	| 0.02	| 0.03	| 0.01
435	| 0.07	| 0.08	| 0.06	| 0.02
436	| 0.21	| 0.18	| 0.18	| 0.03
437	| 0.20	| 0.18	| 0.21	| 0.03
438	| 0.21	| 0.18	| 0.18	| 0.03
439	| 0.21	| 0.18	| 0.19	| 0.02
440	| 0.12	| 0.18	| 0.16	| 0.05
441	| 0.24	| 0.26	| 0.26	| 0.02
442	| 0.26	| 0.27	| 0.26	| 0.01
443	| 0.07	| 0.05	| 0.06	| 0.02
444	| 0.04	| 0.05	| 0.04	| 0.01
445	| 0.07	| 0.07	| 0.09	| 0.02
446	| 0.24	| 0.20	| 0.19	| 0.04
447	| 0.04	| 0.04	| 0.03	| 0.01
448	| 0.03	| 0.03	| 0.03	| 0.00
449	| 0.18	| 0.16	| 0.15	| 0.03
450	| 0.30	| 0.26	| 0.29	| 0.04
451	| 0.09	| 0.09	| 0.09	| 0.01
452	| 0.13	| 0.13	| 0.12	| 0.01
453	| 0.18	| 0.17	| 0.17	| 0.01
454	| 0.03	| 0.03	| 0.03	| 0.01
455	| 0.33	| 0.31	| 0.29	| 0.03
456	| 0.15	| 0.13	| 0.13	| 0.02
457	| 0.16	| 0.16	| 0.13	| 0.03
458	| 0.09	| 0.11	| 0.09	| 0.02
459	| 0.08	| 0.08	| 0.09	| 0.01
460	| 0.25	| 0.25	| 0.25	| 0.00
461	| 0.26	| 0.25	| 0.29	| 0.04
462	| 0.08	| 0.07	| 0.06	| 0.02
463	| 0.10	| 0.12	| 0.11	| 0.02
464	| 0.01	| 0.01	| 0.02	| 0.01
465	| 0.18	| 0.18	| 0.19	| 0.02
466	| 0.30	| 0.29	| 0.30	| 0.01
467	| 0.31	| 0.35	| 0.32	| 0.03
468	| 0.18	| 0.15	| 0.16	| 0.02
469	| 0.15	| 0.17	| 0.16	| 0.02
470	| 0.06	| 0.04	| 0.06	| 0.02
471	| 0.08	| 0.11	| 0.09	| 0.03
472	| 0.13	| 0.12	| 0.14	| 0.01
473	| 0.21	| 0.21	| 0.19	| 0.02
474	| 0.33	| 0.31	| 0.26	| 0.07
475	| 0.32	| 0.36	| 0.32	| 0.04
476	| 0.10	| 0.10	| 0.09	| 0.01
477	| 0.13	| 0.13	| 0.14	| 0.01
478	| 0.33	| 0.34	| 0.35	| 0.02
479	| 0.04	| 0.03	| 0.04	| 0.01
480	| 0.09	| 0.08	| 0.07	| 0.02
481	| 0.03	| 0.03	| 0.04	| 0.01
482	| 0.04	| 0.05	| 0.06	| 0.01
483	| 0.05	| 0.06	| 0.07	| 0.02
484	| 0.34	| 0.31	| 0.29	| 0.04
485	| 0.28	| 0.23	| 0.26	| 0.04
486	| 0.27	| 0.28	| 0.27	| 0.01
487	| 0.23	| 0.21	| 0.24	| 0.03
488	| 0.21	| 0.23	| 0.19	| 0.04
489	| 0.07	| 0.08	| 0.05	| 0.03
490	| 0.14	| 0.14	| 0.13	| 0.01
491	| 0.05	| 0.05	| 0.04	| 0.01
492	| 0.08	| 0.07	| 0.08	| 0.02
493	| 0.24	| 0.24	| 0.22	| 0.02
494	| 0.22	| 0.21	| 0.25	| 0.04
495	| 0.00	| 0.00	| 0.00	| 0.00
496	| 0.03	| 0.02	| 0.03	| 0.01
497	| 0.17	| 0.16	| 0.19	| 0.03
498	| 0.28	| 0.31	| 0.32	| 0.03
499	| 0.00	| 0.00	| 0.00	| 0.00
500	| 0.25	| 0.25	| 0.24	| 0.01
501	| 0.26	| 0.26	| 0.27	| 0.01
502	| 0.06	| 0.07	| 0.08	| 0.01
503	| 0.16	| 0.14	| 0.12	| 0.03
504	| 0.15	| 0.14	| 0.17	| 0.03
505	| 0.09	| 0.09	| 0.09	| 0.00
506	| 0.17	| 0.18	| 0.17	| 0.02
507	| 0.34	| 0.33	| 0.35	| 0.02
508	| 0.04	| 0.03	| 0.03	| 0.01
509	| 0.19	| 0.18	| 0.21	| 0.03
510	| 0.07	| 0.07	| 0.06	| 0.01
511	| 0.07	| 0.07	| 0.08	| 0.00
512	| 0.28	| 0.28	| 0.28	| 0.00
513	| 0.29	| 0.28	| 0.27	| 0.02
514	| 0.08	| 0.08	| 0.08	| 0.00
515	| 0.10	| 0.10	| 0.11	| 0.01
516	| 0.20	| 0.23	| 0.22	| 0.03
517	| 0.26	| 0.27	| 0.27	| 0.01
518	| 0.33	| 0.30	| 0.30	| 0.03
519	| 0.16	| 0.13	| 0.14	| 0.03
520	| 0.17	| 0.15	| 0.16	| 0.02
521	| 0.19	| 0.19	| 0.17	| 0.02
522	| 0.21	| 0.19	| 0.21	| 0.03
523	| 0.15	| 0.17	| 0.19	| 0.04
524	| 0.10	| 0.09	| 0.10	| 0.01
525	| 0.29	| 0.26	| 0.24	| 0.05
526	| 0.29	| 0.34	| 0.31	| 0.05
527	| 0.29	| 0.27	| 0.26	| 0.03
528	| 0.14	| 0.14	| 0.13	| 0.01
529	| 0.22	| 0.22	| 0.21	| 0.01
530	| 0.35	| 0.34	| 0.29	| 0.07
531	| 0.21	| 0.23	| 0.22	| 0.03
532	| 0.00	| 0.00	| 0.01	| 0.00
533	| 0.34	| 0.34	| 0.32	| 0.02
534	| 0.09	| 0.10	| 0.08	| 0.01
535	| 0.06	| 0.05	| 0.05	| 0.01
536	| 0.05	| 0.06	| 0.05	| 0.01
537	| 0.10	| 0.11	| 0.10	| 0.01
538	| 0.11	| 0.11	| 0.10	| 0.01
539	| 0.26	| 0.21	| 0.23	| 0.05
540	| 0.17	| 0.15	| 0.14	| 0.03
541	| 0.20	| 0.18	| 0.21	| 0.03
542	| 0.08	| 0.11	| 0.08	| 0.03
543	| 0.16	| 0.14	| 0.15	| 0.02
544	| 0.34	| 0.34	| 0.31	| 0.03
545	| 0.00	| 0.00	| 0.00	| 0.00
546	| 0.11	| 0.12	| 0.14	| 0.02
547	| 0.26	| 0.32	| 0.31	| 0.06
548	| 0.01	| 0.00	| 0.00	| 0.01
549	| 0.31	| 0.34	| 0.36	| 0.05
550	| 0.06	| 0.08	| 0.06	| 0.01
551	| 0.22	| 0.22	| 0.21	| 0.01
552	| 0.13	| 0.12	| 0.13	| 0.01
553	| 0.25	| 0.24	| 0.24	| 0.01
554	| 0.03	| 0.06	| 0.04	| 0.03
555	| 0.34	| 0.30	| 0.28	| 0.07
556	| 0.12	| 0.14	| 0.12	| 0.02
557	| 0.24	| 0.24	| 0.25	| 0.01
558	| 0.00	| 0.00	| 0.00	| 0.00
559	| 0.08	| 0.07	| 0.06	| 0.01
560	| 0.09	| 0.08	| 0.09	| 0.02
561	| 0.18	| 0.14	| 0.15	| 0.04
562	| 0.27	| 0.25	| 0.28	| 0.03
563	| 0.00	| 0.01	| 0.00	| 0.00
564	| 0.16	| 0.20	| 0.23	| 0.07
565	| 0.29	| 0.31	| 0.29	| 0.01
566	| 0.03	| 0.04	| 0.04	| 0.01
567	| 0.09	| 0.10	| 0.10	| 0.01
568	| 0.17	| 0.14	| 0.16	| 0.03
569	| 0.18	| 0.18	| 0.16	| 0.02
570	| 0.06	| 0.06	| 0.05	| 0.01
571	| 0.19	| 0.20	| 0.19	| 0.02
572	| 0.03	| 0.03	| 0.04	| 0.01
573	| 0.07	| 0.06	| 0.06	| 0.02
574	| 0.08	| 0.08	| 0.10	| 0.02
575	| 0.21	| 0.23	| 0.19	| 0.03
576	| 0.06	| 0.06	| 0.06	| 0.01
577	| 0.28	| 0.30	| 0.29	| 0.01
578	| 0.24	| 0.23	| 0.25	| 0.01
579	| 0.03	| 0.02	| 0.02	| 0.01
580	| 0.13	| 0.11	| 0.14	| 0.02
581	| 0.22	| 0.21	| 0.25	| 0.03
582	| 0.01	| 0.01	| 0.01	| 0.01
583	| 0.08	| 0.05	| 0.07	| 0.03
584	| 0.25	| 0.28	| 0.29	| 0.03
585	| 0.14	| 0.18	| 0.14	| 0.04
586	| 0.21	| 0.21	| 0.20	| 0.01
587	| 0.31	| 0.32	| 0.27	| 0.05
588	| 0.06	| 0.06	| 0.05	| 0.01
589	| 0.10	| 0.12	| 0.11	| 0.02
590	| 0.24	| 0.23	| 0.22	| 0.02
591	| 0.27	| 0.29	| 0.26	| 0.03
592	| 0.01	| 0.01	| 0.01	| 0.01
593	| 0.24	| 0.21	| 0.23	| 0.02
594	| 0.17	| 0.18	| 0.14	| 0.04
595	| 0.26	| 0.26	| 0.24	| 0.02
596	| 0.31	| 0.30	| 0.32	| 0.02
597	| 0.11	| 0.13	| 0.11	| 0.03
598	| 0.28	| 0.33	| 0.27	| 0.05
599	| 0.34	| 0.31	| 0.30	| 0.04
600	| 0.14	| 0.11	| 0.11	| 0.03
601	| 0.30	| 0.30	| 0.32	| 0.02
602	| 0.27	| 0.28	| 0.27	| 0.02
603	| 0.20	| 0.20	| 0.21	| 0.01
604	| 0.32	| 0.31	| 0.32	| 0.01
605	| 0.32	| 0.34	| 0.30	| 0.04
606	| 0.05	| 0.07	| 0.05	| 0.02
607	| 0.13	| 0.15	| 0.14	| 0.02
608	| 0.17	| 0.20	| 0.18	| 0.03
609	| 0.24	| 0.28	| 0.27	| 0.04
610	| 0.09	| 0.09	| 0.07	| 0.02
611	| 0.02	| 0.02	| 0.02	| 0.00
612	| 0.30	| 0.26	| 0.25	| 0.05
613	| 0.01	| 0.01	| 0.01	| 0.00
614	| 0.25	| 0.24	| 0.23	| 0.02
615	| 0.23	| 0.22	| 0.24	| 0.01
616	| 0.18	| 0.21	| 0.19	| 0.02
617	| 0.13	| 0.13	| 0.12	| 0.01
618	| 0.11	| 0.10	| 0.10	| 0.02
619	| 0.05	| 0.06	| 0.05	| 0.01
620	| 0.27	| 0.26	| 0.27	| 0.01
621	| 0.02	| 0.01	| 0.01	| 0.00
622	| 0.16	| 0.15	| 0.20	| 0.04
623	| 0.06	| 0.08	| 0.08	| 0.02
624	| 0.05	| 0.05	| 0.06	| 0.01
625	| 0.10	| 0.09	| 0.10	| 0.01
626	| 0.23	| 0.20	| 0.21	| 0.03
627	| 0.36	| 0.31	| 0.34	| 0.05
628	| 0.08	| 0.08	| 0.07	| 0.01
629	| 0.33	| 0.35	| 0.33	| 0.02
630	| 0.20	| 0.20	| 0.17	| 0.03
631	| 0.27	| 0.23	| 0.26	| 0.03
632	| 0.14	| 0.15	| 0.13	| 0.02
633	| 0.04	| 0.04	| 0.04	| 0.00
634	| 0.04	| 0.03	| 0.03	| 0.01
635	| 0.08	| 0.11	| 0.08	| 0.03
636	| 0.05	| 0.05	| 0.04	| 0.00
637	| 0.25	| 0.25	| 0.26	| 0.02
638	| 0.02	| 0.03	| 0.02	| 0.00
639	| 0.14	| 0.12	| 0.14	| 0.02
640	| 0.08	| 0.07	| 0.09	| 0.02
641	| 0.20	| 0.22	| 0.24	| 0.04
642	| 0.17	| 0.16	| 0.18	| 0.02
643	| 0.30	| 0.30	| 0.29	| 0.01
644	| 0.04	| 0.03	| 0.04	| 0.01
645	| 0.28	| 0.29	| 0.29	| 0.01
646	| 0.26	| 0.26	| 0.24	| 0.01
647	| 0.27	| 0.25	| 0.29	| 0.04
648	| 0.15	| 0.15	| 0.16	| 0.01
649	| 0.01	| 0.01	| 0.01	| 0.00
650	| 0.18	| 0.18	| 0.19	| 0.01
651	| 0.22	| 0.22	| 0.21	| 0.02
652	| 0.24	| 0.28	| 0.24	| 0.05
653	| 0.24	| 0.25	| 0.22	| 0.03
654	| 0.16	| 0.17	| 0.16	| 0.01
655	| 0.19	| 0.20	| 0.22	| 0.03
656	| 0.27	| 0.23	| 0.26	| 0.04
657	| 0.13	| 0.14	| 0.16	| 0.03
658	| 0.31	| 0.32	| 0.33	| 0.02
659	| 0.24	| 0.23	| 0.19	| 0.05
660	| 0.30	| 0.27	| 0.26	| 0.04
661	| 0.17	| 0.14	| 0.15	| 0.03
662	| 0.17	| 0.18	| 0.21	| 0.04
663	| 0.14	| 0.15	| 0.16	| 0.02
664	| 0.09	| 0.11	| 0.10	| 0.02
665	| 0.32	| 0.33	| 0.28	| 0.04
666	| 0.29	| 0.30	| 0.28	| 0.02
667	| 0.19	| 0.19	| 0.19	| 0.00
668	| 0.29	| 0.29	| 0.29	| 0.00
669	| 0.01	| 0.00	| 0.01	| 0.00
670	| 0.04	| 0.04	| 0.05	| 0.01
671	| 0.16	| 0.12	| 0.14	| 0.04
672	| 0.07	| 0.06	| 0.07	| 0.01
673	| 0.21	| 0.24	| 0.21	| 0.02
674	| 0.22	| 0.22	| 0.24	| 0.02
675	| 0.29	| 0.28	| 0.26	| 0.03
676	| 0.30	| 0.29	| 0.27	| 0.03
677	| 0.10	| 0.11	| 0.11	| 0.00
678	| 0.01	| 0.01	| 0.01	| 0.00
679	| 0.29	| 0.28	| 0.28	| 0.01
680	| 0.18	| 0.17	| 0.18	| 0.01
681	| 0.04	| 0.04	| 0.04	| 0.01
682	| 0.12	| 0.12	| 0.12	| 0.00
683	| 0.20	| 0.23	| 0.24	| 0.04
684	| 0.16	| 0.18	| 0.17	| 0.02
685	| 0.15	| 0.15	| 0.15	| 0.00
686	| 0.24	| 0.22	| 0.26	| 0.05
687	| 0.05	| 0.04	| 0.04	| 0.01
688	| 0.14	| 0.14	| 0.15	| 0.01
689	| 0.09	| 0.08	| 0.09	| 0.01
690	| 0.32	| 0.29	| 0.33	| 0.04
691	| 0.29	| 0.27	| 0.26	| 0.03
692	| 0.03	| 0.02	| 0.02	| 0.01
693	| 0.02	| 0.02	| 0.02	| 0.01
694	| 0.25	| 0.27	| 0.26	| 0.02
695	| 0.31	| 0.33	| 0.28	| 0.05
696	| 0.04	| 0.04	| 0.03	| 0.01
697	| 0.07	| 0.09	| 0.07	| 0.02
698	| 0.18	| 0.16	| 0.19	| 0.02
699	| 0.11	| 0.08	| 0.08	| 0.03
700	| 0.13	| 0.13	| 0.15	| 0.03
701	| 0.29	| 0.27	| 0.25	| 0.04
702	| 0.23	| 0.24	| 0.21	| 0.03
703	| 0.26	| 0.32	| 0.34	| 0.08
704	| 0.26	| 0.26	| 0.27	| 0.01
705	| 0.29	| 0.28	| 0.28	| 0.02
706	| 0.20	| 0.20	| 0.23	| 0.03
707	| 0.34	| 0.33	| 0.30	| 0.04
708	| 0.09	| 0.10	| 0.08	| 0.01
709	| 0.23	| 0.26	| 0.26	| 0.03
710	| 0.18	| 0.18	| 0.17	| 0.01
711	| 0.30	| 0.34	| 0.29	| 0.04
712	| 0.17	| 0.15	| 0.16	| 0.02
713	| 0.15	| 0.14	| 0.14	| 0.02
714	| 0.15	| 0.15	| 0.18	| 0.03
715	| 0.30	| 0.30	| 0.28	| 0.02
716	| 0.31	| 0.29	| 0.28	| 0.03
717	| 0.18	| 0.15	| 0.16	| 0.02
718	| 0.05	| 0.05	| 0.04	| 0.00
719	| 0.02	| 0.03	| 0.03	| 0.00
720	| 0.04	| 0.06	| 0.05	| 0.01
721	| 0.14	| 0.12	| 0.12	| 0.02
722	| 0.27	| 0.29	| 0.26	| 0.04
723	| 0.22	| 0.21	| 0.24	| 0.02
724	| 0.32	| 0.29	| 0.27	| 0.05
725	| 0.02	| 0.04	| 0.02	| 0.02
726	| 0.10	| 0.12	| 0.11	| 0.02
727	| 0.14	| 0.14	| 0.15	| 0.01
728	| 0.19	| 0.19	| 0.20	| 0.01
729	| 0.15	| 0.15	| 0.16	| 0.01
730	| 0.18	| 0.21	| 0.18	| 0.03
731	| 0.34	| 0.33	| 0.34	| 0.01
732	| 0.20	| 0.22	| 0.17	| 0.05
733	| 0.30	| 0.26	| 0.27	| 0.03
734	| 0.03	| 0.02	| 0.01	| 0.01
735	| 0.13	| 0.12	| 0.14	| 0.01
736	| 0.27	| 0.30	| 0.28	| 0.03
737	| 0.28	| 0.28	| 0.27	| 0.01
738	| 0.03	| 0.03	| 0.03	| 0.01
739	| 0.12	| 0.11	| 0.12	| 0.01
740	| 0.32	| 0.25	| 0.27	| 0.07
741	| 0.20	| 0.19	| 0.18	| 0.02
742	| 0.09	| 0.10	| 0.08	| 0.01
743	| 0.04	| 0.05	| 0.05	| 0.01
744	| 0.03	| 0.02	| 0.03	| 0.00
745	| 0.33	| 0.30	| 0.33	| 0.03
746	| 0.20	| 0.21	| 0.21	| 0.01
747	| 0.17	| 0.18	| 0.18	| 0.02
748	| 0.24	| 0.21	| 0.20	| 0.04
749	| 0.08	| 0.08	| 0.06	| 0.02
750	| 0.03	| 0.02	| 0.02	| 0.01
751	| 0.13	| 0.12	| 0.12	| 0.01
752	| 0.10	| 0.12	| 0.13	| 0.03
753	| 0.05	| 0.06	| 0.05	| 0.01
754	| 0.10	| 0.08	| 0.09	| 0.01
755	| 0.11	| 0.09	| 0.10	| 0.02
756	| 0.15	| 0.16	| 0.16	| 0.01
757	| 0.11	| 0.14	| 0.15	| 0.03
758	| 0.13	| 0.17	| 0.12	| 0.04
759	| 0.15	| 0.17	| 0.15	| 0.02
760	| 0.12	| 0.14	| 0.13	| 0.02
761	| 0.00	| 0.00	| 0.00	| 0.00
762	| 0.15	| 0.16	| 0.17	| 0.02
763	| 0.11	| 0.10	| 0.11	| 0.01
764	| 0.03	| 0.03	| 0.04	| 0.01
765	| 0.25	| 0.24	| 0.27	| 0.03
766	| 0.30	| 0.28	| 0.27	| 0.03
767	| 0.00	| 0.00	| 0.00	| 0.00
768	| 0.29	| 0.32	| 0.37	| 0.08
769	| 0.03	| 0.03	| 0.02	| 0.01
770	| 0.34	| 0.32	| 0.28	| 0.06
771	| 0.26	| 0.25	| 0.25	| 0.01
772	| 0.18	| 0.18	| 0.18	| 0.00
773	| 0.06	| 0.06	| 0.06	| 0.01
774	| 0.29	| 0.30	| 0.28	| 0.01
775	| 0.23	| 0.24	| 0.26	| 0.03
776	| 0.15	| 0.14	| 0.15	| 0.02
777	| 0.09	| 0.08	| 0.11	| 0.02
778	| 0.30	| 0.29	| 0.26	| 0.03
779	| 0.29	| 0.35	| 0.29	| 0.06
780	| 0.17	| 0.21	| 0.18	| 0.03
781	| 0.08	| 0.08	| 0.08	| 0.00
782	| 0.19	| 0.21	| 0.19	| 0.02
783	| 0.15	| 0.18	| 0.17	| 0.03
784	| 0.18	| 0.21	| 0.21	| 0.02
785	| 0.08	| 0.11	| 0.09	| 0.03
786	| 0.23	| 0.24	| 0.22	| 0.01
787	| 0.08	| 0.06	| 0.06	| 0.02
788	| 0.30	| 0.33	| 0.32	| 0.03
789	| 0.06	| 0.09	| 0.10	| 0.04
790	| 0.09	| 0.10	| 0.11	| 0.03
791	| 0.06	| 0.05	| 0.06	| 0.01
792	| 0.21	| 0.24	| 0.23	| 0.03
793	| 0.26	| 0.26	| 0.26	| 0.01
794	| 0.22	| 0.26	| 0.22	| 0.04
795	| 0.16	| 0.18	| 0.20	| 0.04
796	| 0.34	| 0.32	| 0.30	| 0.03
797	| 0.26	| 0.29	| 0.26	| 0.03
798	| 0.26	| 0.25	| 0.22	| 0.03
799	| 0.20	| 0.20	| 0.20	| 0.00
800	| 0.29	| 0.29	| 0.29	| 0.01
801	| 0.12	| 0.12	| 0.11	| 0.01
802	| 0.18	| 0.18	| 0.17	| 0.01
803	| 0.19	| 0.18	| 0.19	| 0.02
804	| 0.26	| 0.25	| 0.25	| 0.01
805	| 0.15	| 0.19	| 0.19	| 0.04
806	| 0.02	| 0.02	| 0.03	| 0.01
807	| 0.10	| 0.10	| 0.08	| 0.02
808	| 0.19	| 0.19	| 0.19	| 0.00
809	| 0.04	| 0.04	| 0.05	| 0.01
810	| 0.14	| 0.15	| 0.15	| 0.02
811	| 0.30	| 0.32	| 0.31	| 0.02
812	| 0.33	| 0.30	| 0.34	| 0.03
813	| 0.26	| 0.22	| 0.26	| 0.04
814	| 0.03	| 0.03	| 0.03	| 0.01
815	| 0.15	| 0.18	| 0.17	| 0.03
816	| 0.24	| 0.30	| 0.26	| 0.06
817	| 0.22	| 0.22	| 0.21	| 0.02
818	| 0.32	| 0.32	| 0.31	| 0.00
819	| 0.02	| 0.02	| 0.03	| 0.00
820	| 0.07	| 0.07	| 0.06	| 0.01
821	| 0.25	| 0.26	| 0.31	| 0.06
822	| 0.24	| 0.25	| 0.27	| 0.03
823	| 0.21	| 0.23	| 0.22	| 0.01
824	| 0.12	| 0.11	| 0.10	| 0.02
825	| 0.24	| 0.25	| 0.26	| 0.01
826	| 0.26	| 0.31	| 0.29	| 0.05
827	| 0.30	| 0.31	| 0.32	| 0.02
828	| 0.11	| 0.11	| 0.10	| 0.01
829	| 0.31	| 0.29	| 0.31	| 0.02
830	| 0.27	| 0.34	| 0.30	| 0.07
831	| 0.20	| 0.24	| 0.20	| 0.04
832	| 0.26	| 0.22	| 0.28	| 0.06
833	| 0.04	| 0.05	| 0.04	| 0.01
834	| 0.08	| 0.07	| 0.07	| 0.01
835	| 0.29	| 0.30	| 0.26	| 0.04
836	| 0.27	| 0.28	| 0.23	| 0.04
837	| 0.11	| 0.10	| 0.10	| 0.01
838	| 0.15	| 0.16	| 0.15	| 0.01
839	| 0.00	| 0.00	| 0.00	| 0.00
840	| 0.28	| 0.28	| 0.30	| 0.02
841	| 0.21	| 0.19	| 0.15	| 0.06
842	| 0.10	| 0.11	| 0.08	| 0.03
843	| 0.30	| 0.31	| 0.28	| 0.03
844	| 0.08	| 0.09	| 0.07	| 0.01
845	| 0.14	| 0.12	| 0.12	| 0.02
846	| 0.15	| 0.15	| 0.16	| 0.01
847	| 0.28	| 0.28	| 0.28	| 0.00
848	| 0.21	| 0.22	| 0.23	| 0.02
849	| 0.26	| 0.24	| 0.24	| 0.02
850	| 0.31	| 0.29	| 0.32	| 0.03
851	| 0.16	| 0.16	| 0.18	| 0.01
852	| 0.32	| 0.31	| 0.33	| 0.02
853	| 0.30	| 0.33	| 0.27	| 0.06
854	| 0.24	| 0.23	| 0.25	| 0.01
855	| 0.29	| 0.31	| 0.28	| 0.02
856	| 0.26	| 0.26	| 0.29	| 0.04
857	| 0.11	| 0.10	| 0.11	| 0.01
858	| 0.18	| 0.14	| 0.16	| 0.04
859	| 0.01	| 0.01	| 0.01	| 0.01
860	| 0.03	| 0.02	| 0.02	| 0.01
861	| 0.10	| 0.10	| 0.10	| 0.01
862	| 0.07	| 0.07	| 0.06	| 0.02
863	| 0.30	| 0.32	| 0.29	| 0.03
864	| 0.16	| 0.12	| 0.15	| 0.04
865	| 0.21	| 0.22	| 0.18	| 0.04
866	| 0.31	| 0.33	| 0.34	| 0.04
867	| 0.30	| 0.34	| 0.32	| 0.04
868	| 0.18	| 0.19	| 0.19	| 0.02
869	| 0.20	| 0.17	| 0.20	| 0.03
870	| 0.19	| 0.20	| 0.21	| 0.02
871	| 0.18	| 0.17	| 0.16	| 0.02
872	| 0.24	| 0.24	| 0.22	| 0.02
873	| 0.14	| 0.15	| 0.16	| 0.02
874	| 0.07	| 0.06	| 0.06	| 0.01
875	| 0.07	| 0.06	| 0.07	| 0.01
876	| 0.04	| 0.04	| 0.03	| 0.01
877	| 0.09	| 0.11	| 0.09	| 0.02
878	| 0.07	| 0.06	| 0.06	| 0.01
879	| 0.18	| 0.19	| 0.17	| 0.02
880	| 0.09	| 0.09	| 0.08	| 0.01
881	| 0.12	| 0.11	| 0.13	| 0.02
882	| 0.31	| 0.33	| 0.31	| 0.02
883	| 0.13	| 0.12	| 0.12	| 0.01
884	| 0.30	| 0.31	| 0.29	| 0.03
885	| 0.10	| 0.10	| 0.12	| 0.02
886	| 0.13	| 0.15	| 0.11	| 0.04
887	| 0.05	| 0.04	| 0.07	| 0.03
888	| 0.04	| 0.06	| 0.05	| 0.02
889	| 0.22	| 0.19	| 0.19	| 0.03
890	| 0.24	| 0.22	| 0.25	| 0.04
891	| 0.29	| 0.29	| 0.28	| 0.01
892	| 0.03	| 0.05	| 0.05	| 0.01
893	| 0.31	| 0.31	| 0.33	| 0.02
894	| 0.31	| 0.33	| 0.30	| 0.03
895	| 0.28	| 0.27	| 0.31	| 0.04
896	| 0.09	| 0.09	| 0.09	| 0.01
897	| 0.09	| 0.10	| 0.11	| 0.01
898	| 0.13	| 0.12	| 0.17	| 0.05
899	| 0.25	| 0.31	| 0.29	| 0.07
900	| 0.33	| 0.33	| 0.26	| 0.08
901	| 0.18	| 0.17	| 0.19	| 0.02
902	| 0.10	| 0.09	| 0.10	| 0.02
903	| 0.08	| 0.08	| 0.09	| 0.01
904	| 0.08	| 0.07	| 0.07	| 0.01
905	| 0.09	| 0.08	| 0.06	| 0.02
906	| 0.07	| 0.08	| 0.05	| 0.03
907	| 0.06	| 0.06	| 0.07	| 0.01
908	| 0.30	| 0.32	| 0.32	| 0.02
909	| 0.10	| 0.08	| 0.09	| 0.01
910	| 0.30	| 0.33	| 0.40	| 0.10
911	| 0.22	| 0.20	| 0.22	| 0.02
912	| 0.07	| 0.06	| 0.07	| 0.01
913	| 0.20	| 0.21	| 0.19	| 0.02
914	| 0.10	| 0.08	| 0.08	| 0.02
915	| 0.03	| 0.03	| 0.03	| 0.00
916	| 0.22	| 0.22	| 0.21	| 0.01
917	| 0.29	| 0.26	| 0.27	| 0.03
918	| 0.03	| 0.03	| 0.02	| 0.00
919	| 0.22	| 0.20	| 0.24	| 0.04
920	| 0.15	| 0.16	| 0.16	| 0.01
921	| 0.01	| 0.01	| 0.01	| 0.01
922	| 0.24	| 0.21	| 0.22	| 0.03
923	| 0.00	| 0.01	| 0.01	| 0.00
924	| 0.30	| 0.29	| 0.31	| 0.03
925	| 0.14	| 0.14	| 0.15	| 0.01
926	| 0.04	| 0.05	| 0.04	| 0.01
927	| 0.09	| 0.07	| 0.07	| 0.03
928	| 0.00	| 0.00	| 0.00	| 0.00
929	| 0.26	| 0.30	| 0.29	| 0.04
930	| 0.17	| 0.15	| 0.18	| 0.03
931	| 0.32	| 0.30	| 0.29	| 0.03
932	| 0.13	| 0.16	| 0.15	| 0.03
933	| 0.33	| 0.33	| 0.31	| 0.03
934	| 0.04	| 0.04	| 0.04	| 0.00
935	| 0.27	| 0.26	| 0.22	| 0.05
936	| 0.35	| 0.32	| 0.32	| 0.03
937	| 0.20	| 0.18	| 0.20	| 0.03
938	| 0.15	| 0.14	| 0.14	| 0.01
939	| 0.02	| 0.01	| 0.02	| 0.01
940	| 0.14	| 0.14	| 0.14	| 0.00
941	| 0.15	| 0.17	| 0.20	| 0.05
942	| 0.29	| 0.30	| 0.28	| 0.01
943	| 0.05	| 0.05	| 0.06	| 0.01
944	| 0.00	| 0.00	| 0.00	| 0.00
945	| 0.25	| 0.24	| 0.26	| 0.02
946	| 0.17	| 0.20	| 0.15	| 0.05
947	| 0.22	| 0.24	| 0.27	| 0.04
948	| 0.08	| 0.08	| 0.08	| 0.01
949	| 0.30	| 0.29	| 0.27	| 0.04
950	| 0.13	| 0.11	| 0.12	| 0.02
951	| 0.05	| 0.04	| 0.03	| 0.02
952	| 0.07	| 0.10	| 0.08	| 0.03
953	| 0.28	| 0.26	| 0.29	| 0.03
954	| 0.16	| 0.16	| 0.15	| 0.02
955	| 0.06	| 0.08	| 0.06	| 0.02
956	| 0.11	| 0.11	| 0.10	| 0.01
957	| 0.06	| 0.05	| 0.06	| 0.01
958	| 0.09	| 0.10	| 0.09	| 0.02
959	| 0.04	| 0.04	| 0.05	| 0.01
960	| 0.08	| 0.10	| 0.09	| 0.01
961	| 0.24	| 0.30	| 0.27	| 0.06
962	| 0.14	| 0.14	| 0.15	| 0.01
963	| 0.01	| 0.02	| 0.02	| 0.01
964	| 0.15	| 0.17	| 0.17	| 0.02
965	| 0.27	| 0.29	| 0.28	| 0.02
966	| 0.17	| 0.15	| 0.17	| 0.01
967	| 0.18	| 0.17	| 0.18	| 0.01
968	| 0.00	| 0.00	| 0.00	| 0.00
969	| 0.01	| 0.01	| 0.01	| 0.00
970	| 0.33	| 0.31	| 0.35	| 0.04
971	| 0.05	| 0.04	| 0.03	| 0.01
972	| 0.28	| 0.25	| 0.26	| 0.03
973	| 0.23	| 0.26	| 0.22	| 0.04
974	| 0.19	| 0.18	| 0.18	| 0.01
975	| 0.26	| 0.26	| 0.29	| 0.03
976	| 0.25	| 0.24	| 0.24	| 0.02
977	| 0.23	| 0.18	| 0.20	| 0.05
978	| 0.29	| 0.29	| 0.28	| 0.02
979	| 0.01	| 0.02	| 0.02	| 0.01
980	| 0.23	| 0.22	| 0.23	| 0.01
981	| 0.10	| 0.11	| 0.12	| 0.02
982	| 0.31	| 0.31	| 0.30	| 0.01
983	| 0.24	| 0.25	| 0.23	| 0.01
984	| 0.03	| 0.06	| 0.04	| 0.03
985	| 0.10	| 0.12	| 0.12	| 0.02
986	| 0.10	| 0.08	| 0.09	| 0.02
987	| 0.01	| 0.01	| 0.01	| 0.01
988	| 0.00	| 0.00	| 0.00	| 0.00
989	| 0.26	| 0.23	| 0.27	| 0.04
990	| 0.32	| 0.29	| 0.34	| 0.05
991	| 0.21	| 0.21	| 0.20	| 0.01
992	| 0.20	| 0.21	| 0.20	| 0.02
993	| 0.12	| 0.14	| 0.15	| 0.03
994	| 0.25	| 0.23	| 0.24	| 0.02
995	| 0.25	| 0.26	| 0.25	| 0.02
996	| 0.19	| 0.18	| 0.19	| 0.01
997	| 0.23	| 0.21	| 0.22	| 0.02
998	| 0.23	| 0.26	| 0.24	| 0.03
999	| 0.27	| 0.23	| 0.23	| 0.04
1000	| 0.02	| 0.03	| 0.02	| 0.01
1001	| 0.20	| 0.22	| 0.22	| 0.03
1002	| 0.13	| 0.12	| 0.13	| 0.01
1003	| 0.04	| 0.04	| 0.04	| 0.00
1004	| 0.10	| 0.09	| 0.11	| 0.02
1005	| 0.15	| 0.14	| 0.13	| 0.03
1006	| 0.22	| 0.20	| 0.18	| 0.04
1007	| 0.01	| 0.01	| 0.01	| 0.01
1008	| 0.24	| 0.28	| 0.23	| 0.04
1009	| 0.11	| 0.14	| 0.14	| 0.03
1010	| 0.33	| 0.32	| 0.29	| 0.04
1011	| 0.22	| 0.22	| 0.24	| 0.03
1012	| 0.13	| 0.11	| 0.12	| 0.02
1013	| 0.12	| 0.12	| 0.11	| 0.01
1014	| 0.07	| 0.07	| 0.07	| 0.00
1015	| 0.06	| 0.05	| 0.04	| 0.02
1016	| 0.04	| 0.04	| 0.06	| 0.02
1017	| 0.15	| 0.15	| 0.16	| 0.02
1018	| 0.01	| 0.01	| 0.01	| 0.00
1019	| 0.03	| 0.03	| 0.03	| 0.01
1020	| 0.07	| 0.07	| 0.09	| 0.01
1021	| 0.37	| 0.34	| 0.34	| 0.03
1022	| 0.16	| 0.14	| 0.13	| 0.03
1023	| 0.16	| 0.16	| 0.17	| 0.01
1024	| 0.03	| 0.05	| 0.04	| 0.01
1025	| 0.04	| 0.03	| 0.03	| 0.01
1026	| 0.03	| 0.04	| 0.04	| 0.01
1027	| 0.16	| 0.18	| 0.17	| 0.02
1028	| 0.01	| 0.01	| 0.01	| 0.00
1029	| 0.02	| 0.03	| 0.03	| 0.01
1030	| 0.03	| 0.02	| 0.03	| 0.01
1031	| 0.23	| 0.24	| 0.23	| 0.01
1032	| 0.26	| 0.31	| 0.30	| 0.05
1033	| 0.33	| 0.32	| 0.34	| 0.02
1034	| 0.23	| 0.24	| 0.25	| 0.02
1035	| 0.30	| 0.32	| 0.33	| 0.03
1036	| 0.31	| 0.30	| 0.31	| 0.01
1037	| 0.03	| 0.03	| 0.03	| 0.00
1038	| 0.07	| 0.08	| 0.08	| 0.01
1039	| 0.20	| 0.17	| 0.20	| 0.03
1040	| 0.04	| 0.04	| 0.04	| 0.01
1041	| 0.07	| 0.06	| 0.07	| 0.01
1042	| 0.01	| 0.02	| 0.01	| 0.01
1043	| 0.26	| 0.23	| 0.24	| 0.03
1044	| 0.06	| 0.07	| 0.04	| 0.02
1045	| 0.34	| 0.33	| 0.33	| 0.01
1046	| 0.17	| 0.15	| 0.15	| 0.02
1047	| 0.09	| 0.10	| 0.09	| 0.01
1048	| 0.11	| 0.10	| 0.12	| 0.01
1049	| 0.23	| 0.22	| 0.21	| 0.01
1050	| 0.13	| 0.16	| 0.17	| 0.04
1051	| 0.01	| 0.01	| 0.01	| 0.00
1052	| 0.06	| 0.06	| 0.07	| 0.01
1053	| 0.33	| 0.35	| 0.31	| 0.04
1054	| 0.17	| 0.17	| 0.16	| 0.01
1055	| 0.27	| 0.28	| 0.26	| 0.02
1056	| 0.07	| 0.07	| 0.07	| 0.00
1057	| 0.10	| 0.09	| 0.10	| 0.02
1058	| 0.24	| 0.27	| 0.26	| 0.03
1059	| 0.02	| 0.03	| 0.02	| 0.00
1060	| 0.22	| 0.23	| 0.25	| 0.04
1061	| 0.28	| 0.26	| 0.25	| 0.03
1062	| 0.03	| 0.03	| 0.03	| 0.01
1063	| 0.28	| 0.28	| 0.33	| 0.05
1064	| 0.01	| 0.01	| 0.01	| 0.01
1065	| 0.12	| 0.13	| 0.14	| 0.02
1066	| 0.03	| 0.03	| 0.02	| 0.00
1067	| 0.18	| 0.17	| 0.16	| 0.02
1068	| 0.08	| 0.08	| 0.08	| 0.00
1069	| 0.04	| 0.04	| 0.05	| 0.01
1070	| 0.32	| 0.33	| 0.33	| 0.01
1071	| 0.25	| 0.24	| 0.22	| 0.02
1072	| 0.01	| 0.01	| 0.01	| 0.00
1073	| 0.18	| 0.18	| 0.20	| 0.02
1074	| 0.06	| 0.05	| 0.06	| 0.01
1075	| 0.13	| 0.11	| 0.11	| 0.01
1076	| 0.31	| 0.33	| 0.33	| 0.02
1077	| 0.32	| 0.31	| 0.31	| 0.00
1078	| 0.14	| 0.14	| 0.13	| 0.01
1079	| 0.30	| 0.31	| 0.30	| 0.01
1080	| 0.03	| 0.03	| 0.03	| 0.00
1081	| 0.24	| 0.28	| 0.27	| 0.04
1082	| 0.17	| 0.17	| 0.18	| 0.01
1083	| 0.24	| 0.21	| 0.21	| 0.03
1084	| 0.04	| 0.04	| 0.03	| 0.01
1085	| 0.05	| 0.05	| 0.05	| 0.01
1086	| 0.06	| 0.05	| 0.05	| 0.01
1087	| 0.32	| 0.31	| 0.28	| 0.04
1088	| 0.18	| 0.14	| 0.17	| 0.04
1089	| 0.27	| 0.32	| 0.32	| 0.05
1090	| 0.16	| 0.18	| 0.17	| 0.02
1091	| 0.22	| 0.25	| 0.21	| 0.04
1092	| 0.00	| 0.00	| 0.01	| 0.01
1093	| 0.11	| 0.10	| 0.10	| 0.02
1094	| 0.03	| 0.02	| 0.03	| 0.01
1095	| 0.16	| 0.18	| 0.17	| 0.01
1096	| 0.05	| 0.05	| 0.05	| 0.01
1097	| 0.21	| 0.21	| 0.23	| 0.02
1098	| 0.16	| 0.15	| 0.17	| 0.02
1099	| 0.05	| 0.05	| 0.06	| 0.01
1100	| 0.24	| 0.23	| 0.24	| 0.01
1101	| 0.06	| 0.06	| 0.06	| 0.00
1102	| 0.07	| 0.08	| 0.10	| 0.02
1103	| 0.09	| 0.09	| 0.08	| 0.01
1104	| 0.12	| 0.09	| 0.08	| 0.04
1105	| 0.16	| 0.16	| 0.15	| 0.01
1106	| 0.03	| 0.04	| 0.04	| 0.01
1107	| 0.26	| 0.26	| 0.26	| 0.01
1108	| 0.25	| 0.27	| 0.27	| 0.02
1109	| 0.10	| 0.11	| 0.09	| 0.02
1110	| 0.02	| 0.01	| 0.01	| 0.01
1111	| 0.07	| 0.06	| 0.07	| 0.01
1112	| 0.20	| 0.20	| 0.21	| 0.01
1113	| 0.22	| 0.27	| 0.26	| 0.05
1114	| 0.32	| 0.28	| 0.28	| 0.04
1115	| 0.13	| 0.13	| 0.14	| 0.02
1116	| 0.19	| 0.20	| 0.22	| 0.02
1117	| 0.25	| 0.27	| 0.26	| 0.03
1118	| 0.11	| 0.11	| 0.11	| 0.00
1119	| 0.32	| 0.28	| 0.30	| 0.04
1120	| 0.12	| 0.13	| 0.11	| 0.02
1121	| 0.09	| 0.08	| 0.10	| 0.02
1122	| 0.30	| 0.30	| 0.32	| 0.03
1123	| 0.30	| 0.28	| 0.29	| 0.02
1124	| 0.24	| 0.22	| 0.22	| 0.02
1125	| 0.17	| 0.15	| 0.17	| 0.02
1126	| 0.15	| 0.14	| 0.15	| 0.01
1127	| 0.22	| 0.21	| 0.22	| 0.01
1128	| 0.01	| 0.01	| 0.01	| 0.00
1129	| 0.31	| 0.31	| 0.31	| 0.00
1130	| 0.11	| 0.14	| 0.14	| 0.03
1131	| 0.00	| 0.00	| 0.00	| 0.00
1132	| 0.04	| 0.05	| 0.05	| 0.01
1133	| 0.04	| 0.05	| 0.04	| 0.01
1134	| 0.33	| 0.33	| 0.30	| 0.02
1135	| 0.24	| 0.22	| 0.21	| 0.02
1136	| 0.06	| 0.07	| 0.07	| 0.01
1137	| 0.12	| 0.12	| 0.13	| 0.01
1138	| 0.33	| 0.31	| 0.34	| 0.02
1139	| 0.29	| 0.30	| 0.32	| 0.03
1140	| 0.04	| 0.04	| 0.06	| 0.01
1141	| 0.14	| 0.15	| 0.13	| 0.02
1142	| 0.20	| 0.21	| 0.19	| 0.02
1143	| 0.03	| 0.03	| 0.04	| 0.01
1144	| 0.10	| 0.10	| 0.13	| 0.03
1145	| 0.19	| 0.17	| 0.18	| 0.02
1146	| 0.22	| 0.23	| 0.22	| 0.01
1147	| 0.03	| 0.03	| 0.02	| 0.00
1148	| 0.11	| 0.12	| 0.12	| 0.01
1149	| 0.04	| 0.03	| 0.02	| 0.02
1150	| 0.13	| 0.11	| 0.13	| 0.02
1151	| 0.01	| 0.01	| 0.01	| 0.01
1152	| 0.24	| 0.17	| 0.20	| 0.07
1153	| 0.07	| 0.08	| 0.07	| 0.01
1154	| 0.23	| 0.27	| 0.27	| 0.04
1155	| 0.08	| 0.07	| 0.07	| 0.00
1156	| 0.22	| 0.25	| 0.25	| 0.03
1157	| 0.07	| 0.07	| 0.06	| 0.01
1158	| 0.33	| 0.31	| 0.31	| 0.02
1159	| 0.08	| 0.09	| 0.09	| 0.01
1160	| 0.22	| 0.20	| 0.23	| 0.03
1161	| 0.02	| 0.04	| 0.02	| 0.02
1162	| 0.32	| 0.33	| 0.34	| 0.02
1163	| 0.23	| 0.21	| 0.22	| 0.03
1164	| 0.12	| 0.11	| 0.10	| 0.02
1165	| 0.33	| 0.32	| 0.34	| 0.02
1166	| 0.17	| 0.15	| 0.18	| 0.02
1167	| 0.03	| 0.03	| 0.02	| 0.01
1168	| 0.07	| 0.06	| 0.08	| 0.02
1169	| 0.13	| 0.15	| 0.13	| 0.02
1170	| 0.33	| 0.33	| 0.35	| 0.02
1171	| 0.31	| 0.29	| 0.31	| 0.02
1172	| 0.31	| 0.33	| 0.33	| 0.02
1173	| 0.03	| 0.03	| 0.04	| 0.00
1174	| 0.08	| 0.07	| 0.08	| 0.01
1175	| 0.07	| 0.08	| 0.08	| 0.01
1176	| 0.29	| 0.34	| 0.31	| 0.05
1177	| 0.05	| 0.05	| 0.04	| 0.00
1178	| 0.11	| 0.12	| 0.10	| 0.02
1179	| 0.26	| 0.29	| 0.26	| 0.03
1180	| 0.31	| 0.32	| 0.34	| 0.03
1181	| 0.04	| 0.03	| 0.04	| 0.00
1182	| 0.10	| 0.11	| 0.10	| 0.01
1183	| 0.26	| 0.28	| 0.26	| 0.02
1184	| 0.04	| 0.05	| 0.04	| 0.01
1185	| 0.34	| 0.35	| 0.36	| 0.02
1186	| 0.06	| 0.05	| 0.07	| 0.02
1187	| 0.16	| 0.14	| 0.17	| 0.02
1188	| 0.28	| 0.27	| 0.32	| 0.04
1189	| 0.28	| 0.27	| 0.27	| 0.02
1190	| 0.01	| 0.01	| 0.01	| 0.01
1191	| 0.10	| 0.09	| 0.09	| 0.01
1192	| 0.17	| 0.18	| 0.14	| 0.03
1193	| 0.17	| 0.15	| 0.18	| 0.02
1194	| 0.23	| 0.21	| 0.27	| 0.05
1195	| 0.26	| 0.27	| 0.31	| 0.04
1196	| 0.27	| 0.27	| 0.30	| 0.03
1197	| 0.04	| 0.05	| 0.04	| 0.01
1198	| 0.02	| 0.03	| 0.02	| 0.01
1199	| 0.04	| 0.04	| 0.05	| 0.01
1200	| 0.21	| 0.22	| 0.21	| 0.01
1201	| 0.11	| 0.12	| 0.11	| 0.01
1202	| 0.16	| 0.17	| 0.15	| 0.02
1203	| 0.26	| 0.27	| 0.28	| 0.02
1204	| 0.04	| 0.04	| 0.05	| 0.01
1205	| 0.29	| 0.29	| 0.32	| 0.04
1206	| 0.14	| 0.11	| 0.11	| 0.03
1207	| 0.22	| 0.19	| 0.21	| 0.03
1208	| 0.32	| 0.32	| 0.30	| 0.03
1209	| 0.27	| 0.29	| 0.33	| 0.07
1210	| 0.22	| 0.18	| 0.19	| 0.04
1211	| 0.08	| 0.07	| 0.09	| 0.02
1212	| 0.34	| 0.33	| 0.32	| 0.02
1213	| 0.26	| 0.27	| 0.29	| 0.02
1214	| 0.10	| 0.11	| 0.08	| 0.04
1215	| 0.17	| 0.14	| 0.17	| 0.02
1216	| 0.06	| 0.05	| 0.05	| 0.01
1217	| 0.14	| 0.12	| 0.11	| 0.03
1218	| 0.30	| 0.29	| 0.30	| 0.02
1219	| 0.06	| 0.07	| 0.06	| 0.02
1220	| 0.17	| 0.19	| 0.18	| 0.02
1221	| 0.08	| 0.07	| 0.08	| 0.01
1222	| 0.04	| 0.04	| 0.03	| 0.01
1223	| 0.10	| 0.09	| 0.08	| 0.02
1224	| 0.20	| 0.17	| 0.17	| 0.03
1225	| 0.08	| 0.08	| 0.09	| 0.01
1226	| 0.04	| 0.04	| 0.05	| 0.01
1227	| 0.24	| 0.22	| 0.26	| 0.04
1228	| 0.23	| 0.24	| 0.24	| 0.01
1229	| 0.34	| 0.31	| 0.30	| 0.04
1230	| 0.28	| 0.31	| 0.25	| 0.06
1231	| 0.25	| 0.21	| 0.23	| 0.04
1232	| 0.09	| 0.10	| 0.12	| 0.03
1233	| 0.12	| 0.12	| 0.12	| 0.00
1234	| 0.04	| 0.04	| 0.05	| 0.01
1235	| 0.06	| 0.07	| 0.07	| 0.01
1236	| 0.10	| 0.09	| 0.10	| 0.01
1237	| 0.20	| 0.19	| 0.18	| 0.02
1238	| 0.32	| 0.35	| 0.30	| 0.05
1239	| 0.33	| 0.33	| 0.33	| 0.00
1240	| 0.03	| 0.03	| 0.03	| 0.01
1241	| 0.20	| 0.22	| 0.19	| 0.03
1242	| 0.18	| 0.14	| 0.16	| 0.04
1243	| 0.28	| 0.26	| 0.27	| 0.02
1244	| 0.07	| 0.05	| 0.08	| 0.03
1245	| 0.32	| 0.30	| 0.30	| 0.02
1246	| 0.00	| 0.01	| 0.00	| 0.00
1247	| 0.08	| 0.08	| 0.09	| 0.01
1248	| 0.25	| 0.26	| 0.26	| 0.02
1249	| 0.01	| 0.01	| 0.00	| 0.00
1250	| 0.03	| 0.03	| 0.03	| 0.01
1251	| 0.18	| 0.17	| 0.14	| 0.05
1252	| 0.24	| 0.27	| 0.27	| 0.04
1253	| 0.17	| 0.17	| 0.18	| 0.01
1254	| 0.27	| 0.27	| 0.29	| 0.02
1255	| 0.31	| 0.32	| 0.28	| 0.04
1256	| 0.12	| 0.11	| 0.12	| 0.02
1257	| 0.26	| 0.26	| 0.24	| 0.02
1258	| 0.04	| 0.05	| 0.04	| 0.01
1259	| 0.28	| 0.31	| 0.27	| 0.03
1260	| 0.25	| 0.26	| 0.24	| 0.02
1261	| 0.07	| 0.05	| 0.06	| 0.02
1262	| 0.06	| 0.08	| 0.08	| 0.02
1263	| 0.09	| 0.10	| 0.09	| 0.01
1264	| 0.19	| 0.19	| 0.21	| 0.02
1265	| 0.21	| 0.18	| 0.19	| 0.03
1266	| 0.18	| 0.21	| 0.19	| 0.02
1267	| 0.23	| 0.21	| 0.23	| 0.02
1268	| 0.30	| 0.31	| 0.28	| 0.03
1269	| 0.34	| 0.33	| 0.30	| 0.04
1270	| 0.02	| 0.01	| 0.02	| 0.02
1271	| 0.20	| 0.19	| 0.19	| 0.02
1272	| 0.10	| 0.08	| 0.10	| 0.01
1273	| 0.27	| 0.28	| 0.28	| 0.01
1274	| 0.10	| 0.09	| 0.10	| 0.01
1275	| 0.21	| 0.20	| 0.22	| 0.02
1276	| 0.31	| 0.32	| 0.30	| 0.02
1277	| 0.29	| 0.26	| 0.29	| 0.03
1278	| 0.19	| 0.18	| 0.19	| 0.02
1279	| 0.35	| 0.32	| 0.33	| 0.04
1280	| 0.07	| 0.05	| 0.04	| 0.02
1281	| 0.29	| 0.33	| 0.34	| 0.04
1282	| 0.30	| 0.36	| 0.33	| 0.05
1283	| 0.27	| 0.29	| 0.28	| 0.02
1284	| 0.03	| 0.03	| 0.03	| 0.00
1285	| 0.04	| 0.04	| 0.03	| 0.01
1286	| 0.17	| 0.16	| 0.18	| 0.01
1287	| 0.29	| 0.36	| 0.34	| 0.07
1288	| 0.20	| 0.17	| 0.17	| 0.03
1289	| 0.19	| 0.19	| 0.18	| 0.01
1290	| 0.15	| 0.16	| 0.16	| 0.01
1291	| 0.19	| 0.19	| 0.20	| 0.02
1292	| 0.24	| 0.23	| 0.20	| 0.03
1293	| 0.29	| 0.28	| 0.32	| 0.03
1294	| 0.20	| 0.17	| 0.16	| 0.04
1295	| 0.15	| 0.15	| 0.17	| 0.02
1296	| 0.10	| 0.11	| 0.13	| 0.04
1297	| 0.13	| 0.14	| 0.12	| 0.02
1298	| 0.05	| 0.07	| 0.07	| 0.02
1299	| 0.02	| 0.02	| 0.01	| 0.01
1300	| 0.08	| 0.08	| 0.08	| 0.00
1301	| 0.07	| 0.07	| 0.07	| 0.01
1302	| 0.13	| 0.14	| 0.13	| 0.02
1303	| 0.11	| 0.09	| 0.08	| 0.03
1304	| 0.16	| 0.19	| 0.17	| 0.03
1305	| 0.15	| 0.18	| 0.18	| 0.02
1306	| 0.03	| 0.03	| 0.03	| 0.00
1307	| 0.16	| 0.20	| 0.16	| 0.04
1308	| 0.28	| 0.26	| 0.26	| 0.02
1309	| 0.24	| 0.22	| 0.25	| 0.03
1310	| 0.04	| 0.04	| 0.03	| 0.01
1311	| 0.08	| 0.07	| 0.08	| 0.01
1312	| 0.02	| 0.03	| 0.02	| 0.01
1313	| 0.05	| 0.03	| 0.04	| 0.01
1314	| 0.12	| 0.10	| 0.12	| 0.01
1315	| 0.01	| 0.01	| 0.01	| 0.01
1316	| 0.18	| 0.18	| 0.17	| 0.02
1317	| 0.08	| 0.09	| 0.08	| 0.01
1318	| 0.16	| 0.16	| 0.18	| 0.01
1319	| 0.32	| 0.34	| 0.34	| 0.02
1320	| 0.25	| 0.27	| 0.27	| 0.02
1321	| 0.32	| 0.31	| 0.33	| 0.03
1322	| 0.29	| 0.31	| 0.28	| 0.03
1323	| 0.19	| 0.19	| 0.20	| 0.01
1324	| 0.27	| 0.27	| 0.27	| 0.01
1325	| 0.05	| 0.04	| 0.06	| 0.02
1326	| 0.03	| 0.03	| 0.03	| 0.01
1327	| 0.03	| 0.03	| 0.03	| 0.00
1328	| 0.11	| 0.13	| 0.12	| 0.02
1329	| 0.05	| 0.04	| 0.05	| 0.01
1330	| 0.27	| 0.23	| 0.24	| 0.04
1331	| 0.07	| 0.07	| 0.07	| 0.00
1332	| 0.12	| 0.12	| 0.14	| 0.01
1333	| 0.26	| 0.24	| 0.22	| 0.04
1334	| 0.26	| 0.27	| 0.32	| 0.06
1335	| 0.21	| 0.22	| 0.20	| 0.02
1336	| 0.08	| 0.08	| 0.09	| 0.01
1337	| 0.17	| 0.17	| 0.17	| 0.00
1338	| 0.06	| 0.08	| 0.07	| 0.02
1339	| 0.14	| 0.13	| 0.12	| 0.02
1340	| 0.19	| 0.19	| 0.19	| 0.00
1341	| 0.18	| 0.18	| 0.20	| 0.02
1342	| 0.26	| 0.26	| 0.23	| 0.02
1343	| 0.26	| 0.26	| 0.28	| 0.02
1344	| 0.01	| 0.01	| 0.01	| 0.00
1345	| 0.25	| 0.32	| 0.27	| 0.07
1346	| 0.34	| 0.33	| 0.33	| 0.02
1347	| 0.28	| 0.23	| 0.25	| 0.04
1348	| 0.29	| 0.28	| 0.32	| 0.04
1349	| 0.24	| 0.26	| 0.22	| 0.04
1350	| 0.29	| 0.30	| 0.31	| 0.02
1351	| 0.28	| 0.25	| 0.25	| 0.03
1352	| 0.11	| 0.11	| 0.11	| 0.00
1353	| 0.32	| 0.33	| 0.31	| 0.02
1354	| 0.09	| 0.09	| 0.08	| 0.00
1355	| 0.22	| 0.25	| 0.22	| 0.03
1356	| 0.11	| 0.12	| 0.12	| 0.01
1357	| 0.17	| 0.17	| 0.15	| 0.01
1358	| 0.02	| 0.01	| 0.02	| 0.01
1359	| 0.13	| 0.12	| 0.11	| 0.02
1360	| 0.14	| 0.15	| 0.17	| 0.02
1361	| 0.32	| 0.29	| 0.33	| 0.03
1362	| 0.22	| 0.21	| 0.21	| 0.01
1363	| 0.00	| 0.00	| 0.01	| 0.00
1364	| 0.04	| 0.04	| 0.05	| 0.01
1365	| 0.07	| 0.07	| 0.07	| 0.00
1366	| 0.23	| 0.24	| 0.25	| 0.02
1367	| 0.28	| 0.29	| 0.26	| 0.03
1368	| 0.06	| 0.07	| 0.06	| 0.01
1369	| 0.29	| 0.27	| 0.28	| 0.02
1370	| 0.13	| 0.11	| 0.11	| 0.02
1371	| 0.02	| 0.02	| 0.02	| 0.01
1372	| 0.17	| 0.18	| 0.15	| 0.02
1373	| 0.13	| 0.12	| 0.11	| 0.03
1374	| 0.31	| 0.31	| 0.32	| 0.01
1375	| 0.19	| 0.19	| 0.21	| 0.02
1376	| 0.16	| 0.18	| 0.17	| 0.01
1377	| 0.08	| 0.07	| 0.09	| 0.02
1378	| 0.11	| 0.10	| 0.11	| 0.01
1379	| 0.23	| 0.22	| 0.23	| 0.01
1380	| 0.03	| 0.04	| 0.04	| 0.00
1381	| 0.26	| 0.23	| 0.25	| 0.03
1382	| 0.32	| 0.30	| 0.27	| 0.05
1383	| 0.16	| 0.21	| 0.19	| 0.05
1384	| 0.33	| 0.34	| 0.31	| 0.04
1385	| 0.14	| 0.13	| 0.14	| 0.01
1386	| 0.06	| 0.06	| 0.06	| 0.00
1387	| 0.07	| 0.07	| 0.07	| 0.01
1388	| 0.19	| 0.20	| 0.19	| 0.01
1389	| 0.23	| 0.20	| 0.21	| 0.02
1390	| 0.10	| 0.10	| 0.10	| 0.00
1391	| 0.12	| 0.12	| 0.11	| 0.02
1392	| 0.21	| 0.20	| 0.24	| 0.04
1393	| 0.13	| 0.12	| 0.15	| 0.02
1394	| 0.31	| 0.27	| 0.29	| 0.04
1395	| 0.16	| 0.14	| 0.15	| 0.02
1396	| 0.32	| 0.29	| 0.34	| 0.05
1397	| 0.27	| 0.28	| 0.23	| 0.04
1398	| 0.31	| 0.34	| 0.33	| 0.03
1399	| 0.28	| 0.28	| 0.29	| 0.02
1400	| 0.21	| 0.22	| 0.23	| 0.01
1401	| 0.20	| 0.21	| 0.20	| 0.01
1402	| 0.21	| 0.19	| 0.22	| 0.03
1403	| 0.19	| 0.23	| 0.22	| 0.04
1404	| 0.18	| 0.17	| 0.19	| 0.02
1405	| 0.23	| 0.25	| 0.22	| 0.03
1406	| 0.24	| 0.26	| 0.25	| 0.03
1407	| 0.18	| 0.19	| 0.20	| 0.02
1408	| 0.15	| 0.14	| 0.15	| 0.01
1409	| 0.01	| 0.01	| 0.01	| 0.00
1410	| 0.11	| 0.10	| 0.10	| 0.01
1411	| 0.22	| 0.18	| 0.21	| 0.04
1412	| 0.29	| 0.29	| 0.30	| 0.01
1413	| 0.20	| 0.16	| 0.19	| 0.03
1414	| 0.27	| 0.25	| 0.29	| 0.04
1415	| 0.12	| 0.14	| 0.13	| 0.01
1416	| 0.32	| 0.31	| 0.31	| 0.01
1417	| 0.31	| 0.33	| 0.30	| 0.03
1418	| 0.31	| 0.31	| 0.31	| 0.00
1419	| 0.25	| 0.29	| 0.26	| 0.04
1420	| 0.22	| 0.25	| 0.22	| 0.03
1421	| 0.19	| 0.21	| 0.20	| 0.02
1422	| 0.15	| 0.14	| 0.16	| 0.02
1423	| 0.12	| 0.12	| 0.13	| 0.01
1424	| 0.17	| 0.15	| 0.16	| 0.02
1425	| 0.19	| 0.19	| 0.17	| 0.02
1426	| 0.15	| 0.14	| 0.13	| 0.02
1427	| 0.06	| 0.06	| 0.05	| 0.01
1428	| 0.26	| 0.29	| 0.29	| 0.03
1429	| 0.29	| 0.25	| 0.29	| 0.04
1430	| 0.32	| 0.30	| 0.29	| 0.03
1431	| 0.24	| 0.23	| 0.22	| 0.01
1432	| 0.06	| 0.07	| 0.04	| 0.03
1433	| 0.14	| 0.15	| 0.13	| 0.02
1434	| 0.15	| 0.14	| 0.17	| 0.02
1435	| 0.31	| 0.31	| 0.31	| 0.01
1436	| 0.31	| 0.30	| 0.31	| 0.00
1437	| 0.13	| 0.13	| 0.14	| 0.01
1438	| 0.07	| 0.07	| 0.07	| 0.01
1439	| 0.29	| 0.28	| 0.26	| 0.03
1440	| 0.11	| 0.12	| 0.10	| 0.02
1441	| 0.10	| 0.12	| 0.14	| 0.04
1442	| 0.33	| 0.29	| 0.33	| 0.03
1443	| 0.14	| 0.14	| 0.15	| 0.01
1444	| 0.10	| 0.10	| 0.10	| 0.00
1445	| 0.02	| 0.03	| 0.02	| 0.01
1446	| 0.02	| 0.01	| 0.02	| 0.01
1447	| 0.25	| 0.24	| 0.24	| 0.01
1448	| 0.19	| 0.20	| 0.22	| 0.03
1449	| 0.18	| 0.17	| 0.17	| 0.02
1450	| 0.00	| 0.00	| 0.00	| 0.00
1451	| 0.30	| 0.26	| 0.30	| 0.04
1452	| 0.24	| 0.31	| 0.24	| 0.07
1453	| 0.24	| 0.27	| 0.25	| 0.03
1454	| 0.30	| 0.33	| 0.32	| 0.03
1455	| 0.09	| 0.10	| 0.08	| 0.02
1456	| 0.12	| 0.13	| 0.12	| 0.01
1457	| 0.26	| 0.29	| 0.29	| 0.03
1458	| 0.30	| 0.31	| 0.30	| 0.02
1459	| 0.21	| 0.21	| 0.22	| 0.01
1460	| 0.31	| 0.32	| 0.33	| 0.02
1461	| 0.08	| 0.10	| 0.09	| 0.02
1462	| 0.06	| 0.07	| 0.08	| 0.02
1463	| 0.13	| 0.12	| 0.11	| 0.02
1464	| 0.21	| 0.21	| 0.22	| 0.02
1465	| 0.20	| 0.18	| 0.16	| 0.04
1466	| 0.02	| 0.02	| 0.02	| 0.01
1467	| 0.15	| 0.15	| 0.17	| 0.02
1468	| 0.07	| 0.09	| 0.09	| 0.02
1469	| 0.22	| 0.22	| 0.21	| 0.01
1470	| 0.11	| 0.11	| 0.11	| 0.01
1471	| 0.19	| 0.17	| 0.19	| 0.02
1472	| 0.29	| 0.27	| 0.29	| 0.03
1473	| 0.20	| 0.20	| 0.21	| 0.01
1474	| 0.01	| 0.01	| 0.02	| 0.01
1475	| 0.19	| 0.20	| 0.20	| 0.01
1476	| 0.13	| 0.15	| 0.15	| 0.01
1477	| 0.09	| 0.07	| 0.09	| 0.02
1478	| 0.11	| 0.10	| 0.12	| 0.02
1479	| 0.15	| 0.13	| 0.15	| 0.01
1480	| 0.12	| 0.12	| 0.14	| 0.01
1481	| 0.01	| 0.01	| 0.01	| 0.01
1482	| 0.12	| 0.15	| 0.14	| 0.03
1483	| 0.36	| 0.33	| 0.36	| 0.04
1484	| 0.04	| 0.04	| 0.04	| 0.00
1485	| 0.06	| 0.05	| 0.06	| 0.01
1486	| 0.09	| 0.08	| 0.09	| 0.01
1487	| 0.03	| 0.02	| 0.03	| 0.01
1488	| 0.28	| 0.27	| 0.27	| 0.02
1489	| 0.06	| 0.06	| 0.06	| 0.00
1490	| 0.03	| 0.03	| 0.03	| 0.00
1491	| 0.16	| 0.17	| 0.16	| 0.01
1492	| 0.29	| 0.30	| 0.27	| 0.02
1493	| 0.30	| 0.32	| 0.32	| 0.02
1494	| 0.17	| 0.15	| 0.17	| 0.02
1495	| 0.13	| 0.16	| 0.14	| 0.03
1496	| 0.27	| 0.26	| 0.26	| 0.02
1497	| 0.04	| 0.03	| 0.06	| 0.02
1498	| 0.06	| 0.03	| 0.04	| 0.02
1499	| 0.07	| 0.07	| 0.08	| 0.01
1500	| 0.13	| 0.16	| 0.14	| 0.03
1501	| 0.24	| 0.23	| 0.23	| 0.02
1502	| 0.24	| 0.27	| 0.24	| 0.03
1503	| 0.14	| 0.16	| 0.14	| 0.03
1504	| 0.30	| 0.34	| 0.33	| 0.04
1505	| 0.15	| 0.14	| 0.18	| 0.03
1506	| 0.01	| 0.01	| 0.01	| 0.00
1507	| 0.23	| 0.20	| 0.18	| 0.05
1508	| 0.15	| 0.15	| 0.17	| 0.02
1509	| 0.17	| 0.18	| 0.14	| 0.03
1510	| 0.13	| 0.15	| 0.12	| 0.03
1511	| 0.04	| 0.04	| 0.06	| 0.01
1512	| 0.24	| 0.24	| 0.21	| 0.04
1513	| 0.21	| 0.18	| 0.21	| 0.03
1514	| 0.14	| 0.15	| 0.14	| 0.01
1515	| 0.31	| 0.33	| 0.31	| 0.02
1516	| 0.30	| 0.29	| 0.27	| 0.03
1517	| 0.02	| 0.01	| 0.02	| 0.01
1518	| 0.21	| 0.24	| 0.23	| 0.03
1519	| 0.26	| 0.28	| 0.29	| 0.03
1520	| 0.09	| 0.08	| 0.08	| 0.01
1521	| 0.30	| 0.25	| 0.30	| 0.05
1522	| 0.00	| 0.01	| 0.00	| 0.00
1523	| 0.06	| 0.06	| 0.07	| 0.01
1524	| 0.26	| 0.27	| 0.27	| 0.00
1525	| 0.15	| 0.18	| 0.17	| 0.04
1526	| 0.22	| 0.19	| 0.24	| 0.04
1527	| 0.29	| 0.26	| 0.29	| 0.03
1528	| 0.01	| 0.01	| 0.00	| 0.00
1529	| 0.32	| 0.33	| 0.33	| 0.01
1530	| 0.15	| 0.16	| 0.16	| 0.01
1531	| 0.21	| 0.17	| 0.19	| 0.04
1532	| 0.32	| 0.31	| 0.29	| 0.03
1533	| 0.29	| 0.29	| 0.26	| 0.03
1534	| 0.01	| 0.01	| 0.01	| 0.00
1535	| 0.24	| 0.26	| 0.24	| 0.02
1536	| 0.02	| 0.03	| 0.02	| 0.01
1537	| 0.04	| 0.03	| 0.04	| 0.01
1538	| 0.07	| 0.06	| 0.08	| 0.02
1539	| 0.16	| 0.17	| 0.15	| 0.01
1540	| 0.24	| 0.24	| 0.21	| 0.02
1541	| 0.08	| 0.07	| 0.08	| 0.01
1542	| 0.06	| 0.06	| 0.06	| 0.00
1543	| 0.29	| 0.32	| 0.29	| 0.04
1544	| 0.28	| 0.24	| 0.27	| 0.04
1545	| 0.02	| 0.02	| 0.02	| 0.00
1546	| 0.17	| 0.15	| 0.15	| 0.02
1547	| 0.32	| 0.28	| 0.30	| 0.04
1548	| 0.27	| 0.27	| 0.27	| 0.01
1549	| 0.10	| 0.10	| 0.09	| 0.01
1550	| 0.04	| 0.04	| 0.04	| 0.00
1551	| 0.33	| 0.30	| 0.28	| 0.05
1552	| 0.28	| 0.26	| 0.29	| 0.03
1553	| 0.07	| 0.08	| 0.06	| 0.02
1554	| 0.04	| 0.03	| 0.03	| 0.01
1555	| 0.32	| 0.33	| 0.29	| 0.04
1556	| 0.05	| 0.05	| 0.04	| 0.01
1557	| 0.20	| 0.20	| 0.19	| 0.01
1558	| 0.21	| 0.23	| 0.27	| 0.05
1559	| 0.04	| 0.05	| 0.06	| 0.01
1560	| 0.14	| 0.17	| 0.16	| 0.02
1561	| 0.11	| 0.10	| 0.09	| 0.02
1562	| 0.06	| 0.08	| 0.06	| 0.02
1563	| 0.23	| 0.24	| 0.26	| 0.03
1564	| 0.03	| 0.03	| 0.02	| 0.01
1565	| 0.18	| 0.16	| 0.19	| 0.03
1566	| 0.13	| 0.13	| 0.12	| 0.01
1567	| 0.08	| 0.07	| 0.07	| 0.01
1568	| 0.14	| 0.12	| 0.12	| 0.02
1569	| 0.12	| 0.14	| 0.12	| 0.02
1570	| 0.28	| 0.29	| 0.27	| 0.02
1571	| 0.13	| 0.15	| 0.13	| 0.02
1572	| 0.23	| 0.22	| 0.28	| 0.06
1573	| 0.03	| 0.03	| 0.03	| 0.01
1574	| 0.30	| 0.29	| 0.27	| 0.03
1575	| 0.29	| 0.26	| 0.31	| 0.05
1576	| 0.20	| 0.17	| 0.15	| 0.04
1577	| 0.08	| 0.07	| 0.07	| 0.01
1578	| 0.19	| 0.18	| 0.21	| 0.02
1579	| 0.10	| 0.10	| 0.11	| 0.02
1580	| 0.03	| 0.04	| 0.06	| 0.03
1581	| 0.08	| 0.09	| 0.11	| 0.03
1582	| 0.06	| 0.06	| 0.06	| 0.00
1583	| 0.36	| 0.35	| 0.34	| 0.02
1584	| 0.04	| 0.05	| 0.05	| 0.01
1585	| 0.08	| 0.07	| 0.08	| 0.01
1586	| 0.28	| 0.27	| 0.34	| 0.07
1587	| 0.10	| 0.09	| 0.10	| 0.01
1588	| 0.06	| 0.07	| 0.06	| 0.00
1589	| 0.18	| 0.18	| 0.19	| 0.01
1590	| 0.21	| 0.20	| 0.19	| 0.02
1591	| 0.14	| 0.15	| 0.14	| 0.01
1592	| 0.21	| 0.17	| 0.16	| 0.05
1593	| 0.07	| 0.07	| 0.07	| 0.01
1594	| 0.04	| 0.06	| 0.06	| 0.02
1595	| 0.09	| 0.11	| 0.09	| 0.02
1596	| 0.29	| 0.31	| 0.31	| 0.02
1597	| 0.10	| 0.10	| 0.10	| 0.01
1598	| 0.08	| 0.08	| 0.08	| 0.01
1599	| 0.32	| 0.34	| 0.32	| 0.02
1600	| 0.19	| 0.18	| 0.18	| 0.02
1601	| 0.24	| 0.22	| 0.25	| 0.02
1602	| 0.03	| 0.04	| 0.03	| 0.01
1603	| 0.10	| 0.11	| 0.10	| 0.01
1604	| 0.05	| 0.07	| 0.06	| 0.02
1605	| 0.10	| 0.09	| 0.11	| 0.02
1606	| 0.10	| 0.10	| 0.11	| 0.01
1607	| 0.34	| 0.33	| 0.31	| 0.03
1608	| 0.23	| 0.24	| 0.22	| 0.02
1609	| 0.07	| 0.11	| 0.10	| 0.03
1610	| 0.15	| 0.17	| 0.15	| 0.02
1611	| 0.02	| 0.03	| 0.04	| 0.01
1612	| 0.25	| 0.27	| 0.24	| 0.02
1613	| 0.32	| 0.29	| 0.29	| 0.04
1614	| 0.32	| 0.28	| 0.34	| 0.06
1615	| 0.01	| 0.01	| 0.01	| 0.00
1616	| 0.28	| 0.26	| 0.24	| 0.04
1617	| 0.27	| 0.27	| 0.25	| 0.02
1618	| 0.00	| 0.01	| 0.00	| 0.01
1619	| 0.17	| 0.14	| 0.16	| 0.03
1620	| 0.06	| 0.07	| 0.05	| 0.01
1621	| 0.29	| 0.29	| 0.33	| 0.04
1622	| 0.08	| 0.09	| 0.10	| 0.02
1623	| 0.10	| 0.10	| 0.10	| 0.01
1624	| 0.10	| 0.10	| 0.12	| 0.02
1625	| 0.28	| 0.30	| 0.28	| 0.02
1626	| 0.23	| 0.21	| 0.23	| 0.03
1627	| 0.22	| 0.21	| 0.22	| 0.01
1628	| 0.14	| 0.15	| 0.15	| 0.01
1629	| 0.15	| 0.19	| 0.18	| 0.05
1630	| 0.27	| 0.28	| 0.26	| 0.03
1631	| 0.05	| 0.06	| 0.06	| 0.01
1632	| 0.07	| 0.09	| 0.08	| 0.01
1633	| 0.25	| 0.27	| 0.29	| 0.05
1634	| 0.02	| 0.02	| 0.02	| 0.00
1635	| 0.13	| 0.14	| 0.11	| 0.02
1636	| 0.35	| 0.35	| 0.28	| 0.07
1637	| 0.04	| 0.05	| 0.04	| 0.01
1638	| 0.28	| 0.29	| 0.28	| 0.01
1639	| 0.14	| 0.12	| 0.13	| 0.02
1640	| 0.27	| 0.29	| 0.26	| 0.04
1641	| 0.23	| 0.23	| 0.21	| 0.02
1642	| 0.18	| 0.20	| 0.18	| 0.02
1643	| 0.19	| 0.22	| 0.20	| 0.03
1644	| 0.08	| 0.08	| 0.09	| 0.01
1645	| 0.33	| 0.36	| 0.32	| 0.04
1646	| 0.01	| 0.01	| 0.01	| 0.00
1647	| 0.24	| 0.26	| 0.25	| 0.02
1648	| 0.21	| 0.22	| 0.22	| 0.01
1649	| 0.11	| 0.13	| 0.10	| 0.03
1650	| 0.31	| 0.34	| 0.35	| 0.05
1651	| 0.02	| 0.03	| 0.03	| 0.02
1652	| 0.25	| 0.24	| 0.26	| 0.02
1653	| 0.27	| 0.27	| 0.29	| 0.03
1654	| 0.14	| 0.15	| 0.15	| 0.01
1655	| 0.18	| 0.16	| 0.21	| 0.05
1656	| 0.30	| 0.33	| 0.30	| 0.03
1657	| 0.21	| 0.21	| 0.19	| 0.02
1658	| 0.12	| 0.12	| 0.11	| 0.01
1659	| 0.31	| 0.33	| 0.33	| 0.02
1660	| 0.32	| 0.32	| 0.30	| 0.03
1661	| 0.08	| 0.07	| 0.07	| 0.01
1662	| 0.27	| 0.29	| 0.30	| 0.03
1663	| 0.21	| 0.24	| 0.25	| 0.04
1664	| 0.04	| 0.04	| 0.03	| 0.01
1665	| 0.09	| 0.09	| 0.07	| 0.02
1666	| 0.13	| 0.11	| 0.13	| 0.02
1667	| 0.22	| 0.19	| 0.21	| 0.03
1668	| 0.06	| 0.06	| 0.06	| 0.01
1669	| 0.10	| 0.12	| 0.11	| 0.02
1670	| 0.17	| 0.17	| 0.16	| 0.00
1671	| 0.26	| 0.28	| 0.24	| 0.04
1672	| 0.11	| 0.11	| 0.11	| 0.00
1673	| 0.17	| 0.19	| 0.21	| 0.04
1674	| 0.07	| 0.06	| 0.06	| 0.01
1675	| 0.20	| 0.19	| 0.22	| 0.03
1676	| 0.24	| 0.25	| 0.24	| 0.01
1677	| 0.06	| 0.07	| 0.07	| 0.01
1678	| 0.23	| 0.26	| 0.26	| 0.03
1679	| 0.26	| 0.34	| 0.33	| 0.08
1680	| 0.32	| 0.29	| 0.31	| 0.03
1681	| 0.31	| 0.32	| 0.32	| 0.01
1682	| 0.12	| 0.13	| 0.12	| 0.02
1683	| 0.09	| 0.08	| 0.09	| 0.01
1684	| 0.23	| 0.26	| 0.26	| 0.04
1685	| 0.23	| 0.27	| 0.23	| 0.04
1686	| 0.24	| 0.24	| 0.19	| 0.04
1687	| 0.33	| 0.33	| 0.34	| 0.01
1688	| 0.21	| 0.25	| 0.26	| 0.04
1689	| 0.29	| 0.32	| 0.34	| 0.04
1690	| 0.26	| 0.21	| 0.25	| 0.05
1691	| 0.07	| 0.07	| 0.07	| 0.01
1692	| 0.14	| 0.16	| 0.14	| 0.02
1693	| 0.04	| 0.03	| 0.04	| 0.00
1694	| 0.13	| 0.18	| 0.16	| 0.04
1695	| 0.06	| 0.07	| 0.07	| 0.01
1696	| 0.20	| 0.19	| 0.19	| 0.02
1697	| 0.19	| 0.21	| 0.19	| 0.02
1698	| 0.29	| 0.29	| 0.28	| 0.01
1699	| 0.26	| 0.26	| 0.26	| 0.00
1700	| 0.28	| 0.29	| 0.26	| 0.03
1701	| 0.10	| 0.08	| 0.10	| 0.02
1702	| 0.11	| 0.12	| 0.10	| 0.03
1703	| 0.21	| 0.19	| 0.18	| 0.03
1704	| 0.01	| 0.01	| 0.00	| 0.00
1705	| 0.14	| 0.15	| 0.13	| 0.02
1706	| 0.23	| 0.23	| 0.25	| 0.02
1707	| 0.28	| 0.27	| 0.25	| 0.03
1708	| 0.08	| 0.08	| 0.10	| 0.02
1709	| 0.33	| 0.27	| 0.30	| 0.06
1710	| 0.21	| 0.19	| 0.19	| 0.02
1711	| 0.06	| 0.05	| 0.05	| 0.01
1712	| 0.08	| 0.11	| 0.09	| 0.02
1713	| 0.20	| 0.22	| 0.18	| 0.04
1714	| 0.18	| 0.19	| 0.17	| 0.02
1715	| 0.31	| 0.29	| 0.32	| 0.03
1716	| 0.30	| 0.28	| 0.31	| 0.03
1717	| 0.05	| 0.07	| 0.07	| 0.02
1718	| 0.34	| 0.34	| 0.33	| 0.01
1719	| 0.24	| 0.27	| 0.26	| 0.03
1720	| 0.20	| 0.20	| 0.20	| 0.00
1721	| 0.29	| 0.27	| 0.26	| 0.03
1722	| 0.28	| 0.28	| 0.28	| 0.00
1723	| 0.08	| 0.08	| 0.09	| 0.01
1724	| 0.27	| 0.26	| 0.27	| 0.01
1725	| 0.23	| 0.17	| 0.19	| 0.05
1726	| 0.10	| 0.08	| 0.09	| 0.02
1727	| 0.07	| 0.05	| 0.06	| 0.01
1728	| 0.31	| 0.30	| 0.25	| 0.07
1729	| 0.22	| 0.20	| 0.19	| 0.03
1730	| 0.07	| 0.07	| 0.07	| 0.01
1731	| 0.31	| 0.34	| 0.32	| 0.04
1732	| 0.21	| 0.19	| 0.21	| 0.02
1733	| 0.04	| 0.04	| 0.05	| 0.01
1734	| 0.32	| 0.26	| 0.29	| 0.06
1735	| 0.01	| 0.01	| 0.01	| 0.00
1736	| 0.06	| 0.06	| 0.06	| 0.01
1737	| 0.03	| 0.01	| 0.02	| 0.01
1738	| 0.11	| 0.15	| 0.12	| 0.04
1739	| 0.09	| 0.09	| 0.08	| 0.01
1740	| 0.05	| 0.06	| 0.06	| 0.01
1741	| 0.09	| 0.10	| 0.11	| 0.02
1742	| 0.12	| 0.14	| 0.14	| 0.01
1743	| 0.14	| 0.11	| 0.11	| 0.03
1744	| 0.11	| 0.12	| 0.10	| 0.01
1745	| 0.03	| 0.02	| 0.02	| 0.00
1746	| 0.16	| 0.18	| 0.17	| 0.02
1747	| 0.03	| 0.04	| 0.03	| 0.01
1748	| 0.30	| 0.28	| 0.27	| 0.03
1749	| 0.13	| 0.12	| 0.11	| 0.02
1750	| 0.05	| 0.06	| 0.06	| 0.00
1751	| 0.23	| 0.22	| 0.21	| 0.02
1752	| 0.27	| 0.29	| 0.28	| 0.02
1753	| 0.10	| 0.12	| 0.10	| 0.02
1754	| 0.28	| 0.26	| 0.27	| 0.03
1755	| 0.28	| 0.26	| 0.27	| 0.02
1756	| 0.18	| 0.20	| 0.19	| 0.02
1757	| 0.17	| 0.17	| 0.20	| 0.03
1758	| 0.31	| 0.30	| 0.33	| 0.03
1759	| 0.31	| 0.32	| 0.31	| 0.01
1760	| 0.17	| 0.17	| 0.15	| 0.02
1761	| 0.23	| 0.25	| 0.24	| 0.02
1762	| 0.20	| 0.21	| 0.20	| 0.02
1763	| 0.06	| 0.06	| 0.04	| 0.03
1764	| 0.13	| 0.17	| 0.12	| 0.05
1765	| 0.29	| 0.30	| 0.30	| 0.01
1766	| 0.07	| 0.06	| 0.08	| 0.02
1767	| 0.28	| 0.26	| 0.28	| 0.02
1768	| 0.29	| 0.25	| 0.24	| 0.05
1769	| 0.08	| 0.07	| 0.07	| 0.01
1770	| 0.31	| 0.34	| 0.34	| 0.03
1771	| 0.17	| 0.17	| 0.14	| 0.03
1772	| 0.06	| 0.05	| 0.05	| 0.01
1773	| 0.28	| 0.30	| 0.30	| 0.03
1774	| 0.06	| 0.08	| 0.05	| 0.03
1775	| 0.31	| 0.27	| 0.33	| 0.05
1776	| 0.28	| 0.27	| 0.27	| 0.01
1777	| 0.23	| 0.22	| 0.22	| 0.01
1778	| 0.23	| 0.20	| 0.22	| 0.03
1779	| 0.18	| 0.21	| 0.19	| 0.02
1780	| 0.30	| 0.25	| 0.26	| 0.05
1781	| 0.18	| 0.18	| 0.17	| 0.01
1782	| 0.20	| 0.19	| 0.21	| 0.01
1783	| 0.02	| 0.02	| 0.01	| 0.01
1784	| 0.24	| 0.25	| 0.26	| 0.01
1785	| 0.01	| 0.01	| 0.01	| 0.01
1786	| 0.22	| 0.21	| 0.20	| 0.02
1787	| 0.26	| 0.24	| 0.24	| 0.02
1788	| 0.29	| 0.30	| 0.26	| 0.03
1789	| 0.01	| 0.01	| 0.01	| 0.00
1790	| 0.09	| 0.10	| 0.09	| 0.01
1791	| 0.04	| 0.04	| 0.06	| 0.02
1792	| 0.30	| 0.29	| 0.32	| 0.03
1793	| 0.14	| 0.15	| 0.14	| 0.01
1794	| 0.25	| 0.23	| 0.25	| 0.02
1795	| 0.12	| 0.11	| 0.11	| 0.01
1796	| 0.28	| 0.28	| 0.29	| 0.01
1797	| 0.32	| 0.32	| 0.35	| 0.03
1798	| 0.24	| 0.28	| 0.23	| 0.05
1799	| 0.24	| 0.26	| 0.28	| 0.04
1800	| 0.31	| 0.30	| 0.31	| 0.02
1801	| 0.26	| 0.27	| 0.26	| 0.01
1802	| 0.16	| 0.18	| 0.15	| 0.03
1803	| 0.18	| 0.15	| 0.16	| 0.02
1804	| 0.11	| 0.08	| 0.09	| 0.03
1805	| 0.29	| 0.32	| 0.30	| 0.03
1806	| 0.11	| 0.12	| 0.13	| 0.02
1807	| 0.31	| 0.28	| 0.33	| 0.05
1808	| 0.14	| 0.15	| 0.12	| 0.02
1809	| 0.01	| 0.02	| 0.02	| 0.00
1810	| 0.26	| 0.26	| 0.26	| 0.00
1811	| 0.01	| 0.01	| 0.01	| 0.01
1812	| 0.10	| 0.10	| 0.11	| 0.02
1813	| 0.02	| 0.03	| 0.03	| 0.01
1814	| 0.24	| 0.23	| 0.24	| 0.01
1815	| 0.31	| 0.33	| 0.32	| 0.02
1816	| 0.10	| 0.11	| 0.09	| 0.02
1817	| 0.19	| 0.21	| 0.21	| 0.02
1818	| 0.16	| 0.18	| 0.17	| 0.02
1819	| 0.24	| 0.21	| 0.26	| 0.05
1820	| 0.06	| 0.06	| 0.05	| 0.01
1821	| 0.02	| 0.04	| 0.04	| 0.02
1822	| 0.12	| 0.12	| 0.12	| 0.01
1823	| 0.03	| 0.02	| 0.01	| 0.02
1824	| 0.22	| 0.23	| 0.23	| 0.02
1825	| 0.26	| 0.24	| 0.24	| 0.02
1826	| 0.21	| 0.19	| 0.21	| 0.02
1827	| 0.22	| 0.22	| 0.22	| 0.01
1828	| 0.11	| 0.13	| 0.11	| 0.02
1829	| 0.33	| 0.34	| 0.32	| 0.02
1830	| 0.09	| 0.12	| 0.10	| 0.03
1831	| 0.27	| 0.31	| 0.30	| 0.04
1832	| 0.18	| 0.20	| 0.18	| 0.02
1833	| 0.32	| 0.27	| 0.29	| 0.05
1834	| 0.02	| 0.01	| 0.02	| 0.01
1835	| 0.30	| 0.33	| 0.33	| 0.04
1836	| 0.10	| 0.11	| 0.10	| 0.01
1837	| 0.16	| 0.17	| 0.16	| 0.01
1838	| 0.17	| 0.21	| 0.18	| 0.04
1839	| 0.30	| 0.31	| 0.29	| 0.02
1840	| 0.04	| 0.04	| 0.04	| 0.00
1841	| 0.29	| 0.26	| 0.29	| 0.04
1842	| 0.32	| 0.30	| 0.28	| 0.04
1843	| 0.27	| 0.22	| 0.27	| 0.05
1844	| 0.10	| 0.08	| 0.09	| 0.01
1845	| 0.02	| 0.02	| 0.03	| 0.01
1846	| 0.05	| 0.05	| 0.07	| 0.02
1847	| 0.20	| 0.22	| 0.21	| 0.01
1848	| 0.23	| 0.21	| 0.23	| 0.01
1849	| 0.09	| 0.09	| 0.06	| 0.03
1850	| 0.05	| 0.04	| 0.05	| 0.01
1851	| 0.30	| 0.28	| 0.26	| 0.03
1852	| 0.29	| 0.23	| 0.27	| 0.06
1853	| 0.05	| 0.06	| 0.06	| 0.01
1854	| 0.10	| 0.08	| 0.10	| 0.02
1855	| 0.01	| 0.01	| 0.01	| 0.00
1856	| 0.28	| 0.28	| 0.31	| 0.03
1857	| 0.04	| 0.03	| 0.04	| 0.01
1858	| 0.21	| 0.19	| 0.21	| 0.02
1859	| 0.34	| 0.33	| 0.32	| 0.02
1860	| 0.11	| 0.13	| 0.11	| 0.03
1861	| 0.10	| 0.09	| 0.09	| 0.01
1862	| 0.12	| 0.11	| 0.12	| 0.01
1863	| 0.22	| 0.22	| 0.23	| 0.01
1864	| 0.19	| 0.18	| 0.19	| 0.01
1865	| 0.06	| 0.06	| 0.06	| 0.00
1866	| 0.18	| 0.17	| 0.17	| 0.01
1867	| 0.33	| 0.30	| 0.33	| 0.03
1868	| 0.18	| 0.23	| 0.21	| 0.05
1869	| 0.00	| 0.01	| 0.01	| 0.01
1870	| 0.30	| 0.30	| 0.31	| 0.01
1871	| 0.18	| 0.24	| 0.24	| 0.05
1872	| 0.01	| 0.01	| 0.01	| 0.01
1873	| 0.01	| 0.01	| 0.01	| 0.00
1874	| 0.03	| 0.03	| 0.02	| 0.01
1875	| 0.31	| 0.27	| 0.28	| 0.04
1876	| 0.03	| 0.03	| 0.03	| 0.01
1877	| 0.04	| 0.05	| 0.03	| 0.02
1878	| 0.04	| 0.02	| 0.03	| 0.02
1879	| 0.02	| 0.02	| 0.03	| 0.01
1880	| 0.06	| 0.05	| 0.06	| 0.01
1881	| 0.33	| 0.30	| 0.29	| 0.04
1882	| 0.02	| 0.03	| 0.03	| 0.01
1883	| 0.04	| 0.04	| 0.04	| 0.00
1884	| 0.27	| 0.28	| 0.24	| 0.03
1885	| 0.20	| 0.19	| 0.19	| 0.02
1886	| 0.18	| 0.17	| 0.16	| 0.02
1887	| 0.00	| 0.00	| 0.00	| 0.00
1888	| 0.21	| 0.22	| 0.21	| 0.01
1889	| 0.20	| 0.20	| 0.17	| 0.03
1890	| 0.10	| 0.12	| 0.12	| 0.02
1891	| 0.23	| 0.22	| 0.23	| 0.02
1892	| 0.26	| 0.24	| 0.25	| 0.02
1893	| 0.27	| 0.25	| 0.23	| 0.03
1894	| 0.04	| 0.03	| 0.04	| 0.00
1895	| 0.26	| 0.27	| 0.26	| 0.01
1896	| 0.16	| 0.18	| 0.18	| 0.02
1897	| 0.03	| 0.03	| 0.03	| 0.01
1898	| 0.16	| 0.15	| 0.15	| 0.01
1899	| 0.18	| 0.18	| 0.21	| 0.03
1900	| 0.30	| 0.34	| 0.29	| 0.04
1901	| 0.06	| 0.08	| 0.07	| 0.01
1902	| 0.04	| 0.04	| 0.04	| 0.00
1903	| 0.13	| 0.12	| 0.12	| 0.01
1904	| 0.12	| 0.13	| 0.11	| 0.02
1905	| 0.06	| 0.07	| 0.04	| 0.03
1906	| 0.13	| 0.13	| 0.11	| 0.02
1907	| 0.24	| 0.24	| 0.24	| 0.00
1908	| 0.30	| 0.32	| 0.31	| 0.02
1909	| 0.05	| 0.05	| 0.06	| 0.01
1910	| 0.21	| 0.17	| 0.18	| 0.03
1911	| 0.33	| 0.31	| 0.31	| 0.02
1912	| 0.32	| 0.31	| 0.31	| 0.02
1913	| 0.01	| 0.01	| 0.01	| 0.00
1914	| 0.20	| 0.20	| 0.21	| 0.01
1915	| 0.04	| 0.05	| 0.06	| 0.01
1916	| 0.02	| 0.02	| 0.03	| 0.01
1917	| 0.20	| 0.23	| 0.18	| 0.05
1918	| 0.22	| 0.21	| 0.25	| 0.04
1919	| 0.22	| 0.19	| 0.19	| 0.02
1920	| 0.09	| 0.08	| 0.09	| 0.01
1921	| 0.33	| 0.30	| 0.32	| 0.03
1922	| 0.09	| 0.07	| 0.07	| 0.02
1923	| 0.24	| 0.29	| 0.24	| 0.05
1924	| 0.30	| 0.32	| 0.30	| 0.02
1925	| 0.16	| 0.17	| 0.17	| 0.01
1926	| 0.12	| 0.09	| 0.10	| 0.03
1927	| 0.16	| 0.17	| 0.17	| 0.01
1928	| 0.27	| 0.29	| 0.28	| 0.02
1929	| 0.06	| 0.06	| 0.07	| 0.01
1930	| 0.23	| 0.23	| 0.24	| 0.01
1931	| 0.10	| 0.12	| 0.12	| 0.02
1932	| 0.29	| 0.31	| 0.29	| 0.02
1933	| 0.08	| 0.08	| 0.09	| 0.01
1934	| 0.28	| 0.26	| 0.26	| 0.02
1935	| 0.18	| 0.20	| 0.18	| 0.02
1936	| 0.19	| 0.19	| 0.18	| 0.01
1937	| 0.26	| 0.27	| 0.31	| 0.05
1938	| 0.35	| 0.33	| 0.37	| 0.04
1939	| 0.01	| 0.02	| 0.01	| 0.01
1940	| 0.08	| 0.10	| 0.10	| 0.02
1941	| 0.10	| 0.11	| 0.08	| 0.03
1942	| 0.17	| 0.16	| 0.15	| 0.02
1943	| 0.31	| 0.29	| 0.29	| 0.02
1944	| 0.07	| 0.07	| 0.07	| 0.01
1945	| 0.25	| 0.25	| 0.27	| 0.02
1946	| 0.22	| 0.25	| 0.22	| 0.03
1947	| 0.13	| 0.13	| 0.14	| 0.01
1948	| 0.12	| 0.11	| 0.11	| 0.01
1949	| 0.17	| 0.18	| 0.20	| 0.03
1950	| 0.27	| 0.22	| 0.32	| 0.09
1951	| 0.10	| 0.10	| 0.09	| 0.01
1952	| 0.30	| 0.34	| 0.31	| 0.04
1953	| 0.11	| 0.08	| 0.08	| 0.02
1954	| 0.08	| 0.11	| 0.11	| 0.03
1955	| 0.20	| 0.18	| 0.22	| 0.03
1956	| 0.12	| 0.10	| 0.12	| 0.02
1957	| 0.01	| 0.03	| 0.01	| 0.01
1958	| 0.09	| 0.10	| 0.09	| 0.02
1959	| 0.15	| 0.15	| 0.16	| 0.02
1960	| 0.29	| 0.26	| 0.27	| 0.03
1961	| 0.01	| 0.01	| 0.00	| 0.00
1962	| 0.28	| 0.34	| 0.31	| 0.06
1963	| 0.12	| 0.15	| 0.15	| 0.03
1964	| 0.24	| 0.21	| 0.23	| 0.03
1965	| 0.12	| 0.11	| 0.12	| 0.01
1966	| 0.05	| 0.04	| 0.04	| 0.01
1967	| 0.19	| 0.23	| 0.21	| 0.03
1968	| 0.09	| 0.07	| 0.10	| 0.03
1969	| 0.26	| 0.28	| 0.31	| 0.05
1970	| 0.15	| 0.16	| 0.15	| 0.01
1971	| 0.25	| 0.26	| 0.26	| 0.01
1972	| 0.24	| 0.22	| 0.21	| 0.03
1973	| 0.25	| 0.22	| 0.25	| 0.03
1974	| 0.19	| 0.18	| 0.19	| 0.02
1975	| 0.16	| 0.15	| 0.14	| 0.01
1976	| 0.12	| 0.13	| 0.14	| 0.02
1977	| 0.18	| 0.18	| 0.19	| 0.01
1978	| 0.25	| 0.24	| 0.28	| 0.04
1979	| 0.15	| 0.12	| 0.12	| 0.03
1980	| 0.24	| 0.22	| 0.23	| 0.02
1981	| 0.16	| 0.18	| 0.19	| 0.03
1982	| 0.05	| 0.05	| 0.05	| 0.01
1983	| 0.01	| 0.01	| 0.01	| 0.01
1984	| 0.09	| 0.09	| 0.11	| 0.02
1985	| 0.28	| 0.25	| 0.22	| 0.06
1986	| 0.19	| 0.18	| 0.18	| 0.01
1987	| 0.14	| 0.11	| 0.11	| 0.03
1988	| 0.07	| 0.07	| 0.08	| 0.01
1989	| 0.31	| 0.30	| 0.28	| 0.03
1990	| 0.17	| 0.18	| 0.19	| 0.02
1991	| 0.30	| 0.33	| 0.32	| 0.03
1992	| 0.16	| 0.15	| 0.14	| 0.01
1993	| 0.12	| 0.12	| 0.12	| 0.00
1994	| 0.03	| 0.04	| 0.05	| 0.02
1995	| 0.30	| 0.32	| 0.27	| 0.05
1996	| 0.29	| 0.29	| 0.27	| 0.02
1997	| 0.01	| 0.01	| 0.01	| 0.00
1998	| 0.16	| 0.14	| 0.15	| 0.02
1999	| 0.30	| 0.27	| 0.31	| 0.04
2000	| 0.25	| 0.24	| 0.21	| 0.04
2001	| 0.21	| 0.18	| 0.19	| 0.03
2002	| 0.27	| 0.26	| 0.28	| 0.01
2003	| 0.16	| 0.14	| 0.15	| 0.02
2004	| 0.30	| 0.34	| 0.34	| 0.04
2005	| 0.03	| 0.03	| 0.04	| 0.01
2006	| 0.31	| 0.32	| 0.32	| 0.02
2007	| 0.27	| 0.29	| 0.26	| 0.03
2008	| 0.09	| 0.08	| 0.07	| 0.02
2009	| 0.05	| 0.06	| 0.06	| 0.01
2010	| 0.08	| 0.08	| 0.09	| 0.01
2011	| 0.09	| 0.10	| 0.10	| 0.01
2012	| 0.18	| 0.16	| 0.22	| 0.05
2013	| 0.19	| 0.17	| 0.19	| 0.02
2014	| 0.30	| 0.32	| 0.30	| 0.01
2015	| 0.04	| 0.03	| 0.05	| 0.02
2016	| 0.08	| 0.10	| 0.07	| 0.03
2017	| 0.17	| 0.15	| 0.19	| 0.04
2018	| 0.05	| 0.05	| 0.04	| 0.01
2019	| 0.14	| 0.14	| 0.14	| 0.01
2020	| 0.10	| 0.09	| 0.09	| 0.01
2021	| 0.19	| 0.19	| 0.19	| 0.01
2022	| 0.06	| 0.07	| 0.06	| 0.02
2023	| 0.09	| 0.10	| 0.09	| 0.01
2024	| 0.21	| 0.22	| 0.20	| 0.03
2025	| 0.31	| 0.28	| 0.33	| 0.05
2026	| 0.23	| 0.24	| 0.21	| 0.03
2027	| 0.15	| 0.17	| 0.16	| 0.02
2028	| 0.24	| 0.22	| 0.21	| 0.03
2029	| 0.14	| 0.15	| 0.14	| 0.01
2030	| 0.24	| 0.28	| 0.26	| 0.04
2031	| 0.12	| 0.10	| 0.12	| 0.03
2032	| 0.30	| 0.32	| 0.29	| 0.03
2033	| 0.12	| 0.13	| 0.10	| 0.03
2034	| 0.17	| 0.16	| 0.16	| 0.02
2035	| 0.04	| 0.04	| 0.05	| 0.00
2036	| 0.07	| 0.07	| 0.07	| 0.00
2037	| 0.16	| 0.17	| 0.16	| 0.01
2038	| 0.01	| 0.01	| 0.01	| 0.00
2039	| 0.29	| 0.31	| 0.36	| 0.06
2040	| 0.27	| 0.27	| 0.27	| 0.01
2041	| 0.33	| 0.32	| 0.35	| 0.03
2042	| 0.16	| 0.17	| 0.18	| 0.02
2043	| 0.17	| 0.18	| 0.17	| 0.02
2044	| 0.13	| 0.15	| 0.13	| 0.02
2045	| 0.24	| 0.23	| 0.24	| 0.01
2046	| 0.18	| 0.20	| 0.20	| 0.02
2047	| 0.15	| 0.15	| 0.14	| 0.02
2048	| 0.28	| 0.27	| 0.34	| 0.06
2049	| 0.28	| 0.24	| 0.23	| 0.05
2050	| 0.28	| 0.29	| 0.28	| 0.01
2051	| 0.18	| 0.19	| 0.21	| 0.03
2052	| 0.17	| 0.17	| 0.16	| 0.01
2053	| 0.15	| 0.15	| 0.16	| 0.01
2054	| 0.10	| 0.10	| 0.10	| 0.00
2055	| 0.28	| 0.27	| 0.32	| 0.04
2056	| 0.11	| 0.13	| 0.15	| 0.03
2057	| 0.21	| 0.19	| 0.18	| 0.03
2058	| 0.21	| 0.19	| 0.18	| 0.02
2059	| 0.22	| 0.21	| 0.24	| 0.03
2060	| 0.12	| 0.11	| 0.11	| 0.01
2061	| 0.20	| 0.18	| 0.17	| 0.03
2062	| 0.28	| 0.30	| 0.26	| 0.04
2063	| 0.14	| 0.17	| 0.15	| 0.03
2064	| 0.29	| 0.29	| 0.30	| 0.02
2065	| 0.28	| 0.27	| 0.34	| 0.07
2066	| 0.05	| 0.03	| 0.02	| 0.02
2067	| 0.08	| 0.07	| 0.07	| 0.01
2068	| 0.10	| 0.10	| 0.12	| 0.02
2069	| 0.30	| 0.29	| 0.30	| 0.01
2070	| 0.01	| 0.01	| 0.00	| 0.00
2071	| 0.16	| 0.21	| 0.19	| 0.04
2072	| 0.06	| 0.03	| 0.05	| 0.02
2073	| 0.02	| 0.02	| 0.02	| 0.01
2074	| 0.18	| 0.15	| 0.18	| 0.03
2075	| 0.18	| 0.21	| 0.22	| 0.04
2076	| 0.14	| 0.12	| 0.10	| 0.04
2077	| 0.18	| 0.17	| 0.14	| 0.05
2078	| 0.08	| 0.10	| 0.10	| 0.02
2079	| 0.11	| 0.10	| 0.11	| 0.01
2080	| 0.08	| 0.07	| 0.09	| 0.02
2081	| 0.02	| 0.03	| 0.02	| 0.02
2082	| 0.12	| 0.13	| 0.16	| 0.05
2083	| 0.21	| 0.19	| 0.21	| 0.02
2084	| 0.25	| 0.27	| 0.26	| 0.02
2085	| 0.02	| 0.02	| 0.02	| 0.00
2086	| 0.22	| 0.25	| 0.27	| 0.04
2087	| 0.06	| 0.05	| 0.07	| 0.02
2088	| 0.17	| 0.19	| 0.16	| 0.03
2089	| 0.07	| 0.09	| 0.07	| 0.02
2090	| 0.32	| 0.32	| 0.33	| 0.02
2091	| 0.34	| 0.33	| 0.34	| 0.01
2092	| 0.20	| 0.20	| 0.19	| 0.01
2093	| 0.12	| 0.10	| 0.11	| 0.02
2094	| 0.00	| 0.01	| 0.01	| 0.01
2095	| 0.30	| 0.30	| 0.30	| 0.00
2096	| 0.22	| 0.18	| 0.23	| 0.06
2097	| 0.12	| 0.12	| 0.13	| 0.01
2098	| 0.05	| 0.03	| 0.06	| 0.03
2099	| 0.23	| 0.23	| 0.25	| 0.02
2100	| 0.11	| 0.09	| 0.09	| 0.01
2101	| 0.32	| 0.32	| 0.34	| 0.02
2102	| 0.15	| 0.15	| 0.16	| 0.01
2103	| 0.20	| 0.19	| 0.19	| 0.02
2104	| 0.28	| 0.27	| 0.27	| 0.02
2105	| 0.30	| 0.33	| 0.34	| 0.04
2106	| 0.23	| 0.25	| 0.24	| 0.03
2107	| 0.11	| 0.09	| 0.07	| 0.04
2108	| 0.16	| 0.17	| 0.16	| 0.01
2109	| 0.16	| 0.16	| 0.17	| 0.01
2110	| 0.24	| 0.24	| 0.24	| 0.00
2111	| 0.34	| 0.33	| 0.33	| 0.01
2112	| 0.34	| 0.32	| 0.32	| 0.02
2113	| 0.13	| 0.09	| 0.08	| 0.04
2114	| 0.24	| 0.19	| 0.21	| 0.05
2115	| 0.24	| 0.24	| 0.24	| 0.00
2116	| 0.27	| 0.25	| 0.24	| 0.03
2117	| 0.22	| 0.24	| 0.22	| 0.02
2118	| 0.07	| 0.08	| 0.07	| 0.01
2119	| 0.27	| 0.28	| 0.26	| 0.02
2120	| 0.20	| 0.20	| 0.19	| 0.01
2121	| 0.06	| 0.06	| 0.07	| 0.01
2122	| 0.25	| 0.27	| 0.27	| 0.03
2123	| 0.06	| 0.08	| 0.09	| 0.03
2124	| 0.11	| 0.11	| 0.10	| 0.01
2125	| 0.30	| 0.33	| 0.34	| 0.04
2126	| 0.32	| 0.34	| 0.36	| 0.04
2127	| 0.13	| 0.12	| 0.11	| 0.02
2128	| 0.36	| 0.34	| 0.34	| 0.02
2129	| 0.01	| 0.01	| 0.01	| 0.00
2130	| 0.16	| 0.15	| 0.15	| 0.01
2131	| 0.01	| 0.01	| 0.00	| 0.01
2132	| 0.14	| 0.13	| 0.15	| 0.02
2133	| 0.03	| 0.03	| 0.02	| 0.01
2134	| 0.29	| 0.29	| 0.28	| 0.01
2135	| 0.26	| 0.24	| 0.25	| 0.02
2136	| 0.29	| 0.28	| 0.23	| 0.05
2137	| 0.31	| 0.29	| 0.30	| 0.02
2138	| 0.34	| 0.30	| 0.33	| 0.04
2139	| 0.07	| 0.08	| 0.06	| 0.02
2140	| 0.33	| 0.33	| 0.32	| 0.01
2141	| 0.01	| 0.01	| 0.01	| 0.01
2142	| 0.24	| 0.24	| 0.24	| 0.00
2143	| 0.03	| 0.03	| 0.03	| 0.01
2144	| 0.26	| 0.23	| 0.27	| 0.04
2145	| 0.03	| 0.03	| 0.01	| 0.01
2146	| 0.21	| 0.19	| 0.16	| 0.06
2147	| 0.32	| 0.36	| 0.36	| 0.04
2148	| 0.28	| 0.32	| 0.28	| 0.04
2149	| 0.22	| 0.24	| 0.26	| 0.04
2150	| 0.02	| 0.02	| 0.03	| 0.01
2151	| 0.06	| 0.07	| 0.06	| 0.01
2152	| 0.29	| 0.28	| 0.29	| 0.02
2153	| 0.09	| 0.08	| 0.08	| 0.01
2154	| 0.03	| 0.03	| 0.03	| 0.01
2155	| 0.20	| 0.19	| 0.20	| 0.01
2156	| 0.04	| 0.04	| 0.04	| 0.00
2157	| 0.01	| 0.01	| 0.01	| 0.00
2158	| 0.02	| 0.01	| 0.02	| 0.01
2159	| 0.11	| 0.15	| 0.13	| 0.04
2160	| 0.12	| 0.10	| 0.10	| 0.02
2161	| 0.04	| 0.04	| 0.04	| 0.00
2162	| 0.12	| 0.13	| 0.10	| 0.03
2163	| 0.22	| 0.19	| 0.23	| 0.03
2164	| 0.11	| 0.12	| 0.10	| 0.02
2165	| 0.17	| 0.21	| 0.17	| 0.04
2166	| 0.26	| 0.26	| 0.29	| 0.04
2167	| 0.08	| 0.08	| 0.10	| 0.02
2168	| 0.01	| 0.01	| 0.01	| 0.00
2169	| 0.08	| 0.11	| 0.09	| 0.04
2170	| 0.22	| 0.20	| 0.23	| 0.03
2171	| 0.18	| 0.15	| 0.16	| 0.03
2172	| 0.09	| 0.10	| 0.10	| 0.01
2173	| 0.09	| 0.11	| 0.09	| 0.02
2174	| 0.33	| 0.30	| 0.31	| 0.02
2175	| 0.07	| 0.07	| 0.06	| 0.01
2176	| 0.16	| 0.17	| 0.13	| 0.04
2177	| 0.33	| 0.34	| 0.34	| 0.02
2178	| 0.01	| 0.01	| 0.01	| 0.00
2179	| 0.15	| 0.14	| 0.14	| 0.01
2180	| 0.33	| 0.32	| 0.31	| 0.02
2181	| 0.08	| 0.09	| 0.08	| 0.02
2182	| 0.24	| 0.26	| 0.24	| 0.02
2183	| 0.32	| 0.30	| 0.33	| 0.03
2184	| 0.29	| 0.30	| 0.32	| 0.03
2185	| 0.27	| 0.26	| 0.24	| 0.04
2186	| 0.20	| 0.22	| 0.20	| 0.03
2187	| 0.30	| 0.28	| 0.30	| 0.02
2188	| 0.11	| 0.11	| 0.10	| 0.01
2189	| 0.08	| 0.07	| 0.07	| 0.01
2190	| 0.27	| 0.22	| 0.25	| 0.05
2191	| 0.24	| 0.22	| 0.22	| 0.02
2192	| 0.11	| 0.09	| 0.09	| 0.02
2193	| 0.02	| 0.02	| 0.03	| 0.01
2194	| 0.07	| 0.06	| 0.06	| 0.00
2195	| 0.03	| 0.01	| 0.02	| 0.01
2196	| 0.17	| 0.21	| 0.20	| 0.04
2197	| 0.18	| 0.18	| 0.18	| 0.01
2198	| 0.18	| 0.15	| 0.17	| 0.03
2199	| 0.21	| 0.20	| 0.19	| 0.02
2200	| 0.05	| 0.04	| 0.04	| 0.01
2201	| 0.08	| 0.06	| 0.07	| 0.01
2202	| 0.12	| 0.11	| 0.11	| 0.02
2203	| 0.31	| 0.28	| 0.27	| 0.04
2204	| 0.02	| 0.03	| 0.02	| 0.01
2205	| 0.11	| 0.12	| 0.11	| 0.01
2206	| 0.21	| 0.20	| 0.18	| 0.03
2207	| 0.22	| 0.22	| 0.21	| 0.01
2208	| 0.05	| 0.06	| 0.06	| 0.01
2209	| 0.10	| 0.07	| 0.08	| 0.04
2210	| 0.30	| 0.28	| 0.29	| 0.02
2211	| 0.32	| 0.33	| 0.32	| 0.01
2212	| 0.02	| 0.02	| 0.03	| 0.01
2213	| 0.03	| 0.03	| 0.03	| 0.01
2214	| 0.33	| 0.31	| 0.32	| 0.02
2215	| 0.01	| 0.01	| 0.01	| 0.01
2216	| 0.32	| 0.33	| 0.34	| 0.02
2217	| 0.32	| 0.34	| 0.31	| 0.02
2218	| 0.13	| 0.13	| 0.13	| 0.00
2219	| 0.29	| 0.34	| 0.30	| 0.06
2220	| 0.09	| 0.09	| 0.07	| 0.02
2221	| 0.08	| 0.07	| 0.08	| 0.01
2222	| 0.11	| 0.10	| 0.12	| 0.02
2223	| 0.17	| 0.19	| 0.18	| 0.02
2224	| 0.18	| 0.19	| 0.19	| 0.02
2225	| 0.20	| 0.22	| 0.21	| 0.02
2226	| 0.27	| 0.29	| 0.26	| 0.03
2227	| 0.09	| 0.10	| 0.07	| 0.03
2228	| 0.21	| 0.22	| 0.22	| 0.01
2229	| 0.06	| 0.06	| 0.05	| 0.01
2230	| 0.31	| 0.29	| 0.31	| 0.02
2231	| 0.19	| 0.21	| 0.18	| 0.03
2232	| 0.25	| 0.25	| 0.26	| 0.01
2233	| 0.01	| 0.01	| 0.01	| 0.00
2234	| 0.19	| 0.20	| 0.21	| 0.02
2235	| 0.27	| 0.26	| 0.25	| 0.02
2236	| 0.03	| 0.04	| 0.05	| 0.01
2237	| 0.02	| 0.03	| 0.02	| 0.01
2238	| 0.22	| 0.21	| 0.24	| 0.03
2239	| 0.12	| 0.15	| 0.13	| 0.03
2240	| 0.13	| 0.13	| 0.13	| 0.01
2241	| 0.07	| 0.07	| 0.09	| 0.02
2242	| 0.23	| 0.22	| 0.22	| 0.01
2243	| 0.11	| 0.13	| 0.12	| 0.01
2244	| 0.21	| 0.22	| 0.20	| 0.02
2245	| 0.25	| 0.26	| 0.25	| 0.01
2246	| 0.00	| 0.00	| 0.01	| 0.01
2247	| 0.09	| 0.09	| 0.09	| 0.01
2248	| 0.08	| 0.09	| 0.10	| 0.02
2249	| 0.34	| 0.31	| 0.36	| 0.05
2250	| 0.23	| 0.23	| 0.23	| 0.00
2251	| 0.05	| 0.04	| 0.05	| 0.01
2252	| 0.19	| 0.20	| 0.20	| 0.01
2253	| 0.21	| 0.20	| 0.19	| 0.01
2254	| 0.35	| 0.33	| 0.35	| 0.02
2255	| 0.05	| 0.05	| 0.05	| 0.00
2256	| 0.15	| 0.14	| 0.14	| 0.01
2257	| 0.06	| 0.07	| 0.07	| 0.01
2258	| 0.28	| 0.26	| 0.26	| 0.02
2259	| 0.24	| 0.24	| 0.21	| 0.03
2260	| 0.32	| 0.33	| 0.33	| 0.01
2261	| 0.22	| 0.21	| 0.20	| 0.02
2262	| 0.07	| 0.07	| 0.09	| 0.02
2263	| 0.29	| 0.27	| 0.31	| 0.04
2264	| 0.24	| 0.23	| 0.20	| 0.04
2265	| 0.20	| 0.15	| 0.17	| 0.05
2266	| 0.29	| 0.32	| 0.31	| 0.03
2267	| 0.29	| 0.32	| 0.30	| 0.03
2268	| 0.12	| 0.11	| 0.12	| 0.01
2269	| 0.13	| 0.12	| 0.16	| 0.05
2270	| 0.14	| 0.13	| 0.14	| 0.01
2271	| 0.30	| 0.29	| 0.31	| 0.02
2272	| 0.19	| 0.19	| 0.19	| 0.00
2273	| 0.33	| 0.32	| 0.31	| 0.01
2274	| 0.11	| 0.09	| 0.10	| 0.02
2275	| 0.13	| 0.10	| 0.11	| 0.03
2276	| 0.16	| 0.20	| 0.19	| 0.04
2277	| 0.11	| 0.10	| 0.11	| 0.01
2278	| 0.30	| 0.33	| 0.28	| 0.04
2279	| 0.11	| 0.13	| 0.14	| 0.03
2280	| 0.22	| 0.22	| 0.20	| 0.02
2281	| 0.12	| 0.13	| 0.12	| 0.01
2282	| 0.15	| 0.14	| 0.13	| 0.02
2283	| 0.18	| 0.19	| 0.16	| 0.03
2284	| 0.00	| 0.00	| 0.00	| 0.00
2285	| 0.10	| 0.10	| 0.10	| 0.00
2286	| 0.08	| 0.09	| 0.08	| 0.01
2287	| 0.11	| 0.09	| 0.10	| 0.02
2288	| 0.25	| 0.29	| 0.30	| 0.04
2289	| 0.25	| 0.26	| 0.23	| 0.02
2290	| 0.12	| 0.13	| 0.11	| 0.03
2291	| 0.01	| 0.01	| 0.01	| 0.01
2292	| 0.22	| 0.24	| 0.20	| 0.04
2293	| 0.24	| 0.27	| 0.24	| 0.03
2294	| 0.07	| 0.05	| 0.06	| 0.01
2295	| 0.19	| 0.21	| 0.18	| 0.03
2296	| 0.20	| 0.21	| 0.20	| 0.01
2297	| 0.16	| 0.15	| 0.18	| 0.03
2298	| 0.15	| 0.15	| 0.15	| 0.00
2299	| 0.02	| 0.01	| 0.02	| 0.01
2300	| 0.14	| 0.16	| 0.15	| 0.02
2301	| 0.11	| 0.11	| 0.11	| 0.01
2302	| 0.05	| 0.05	| 0.04	| 0.01
2303	| 0.30	| 0.30	| 0.30	| 0.01
2304	| 0.33	| 0.30	| 0.35	| 0.05
2305	| 0.22	| 0.22	| 0.22	| 0.01
2306	| 0.26	| 0.27	| 0.28	| 0.03
2307	| 0.23	| 0.22	| 0.24	| 0.02
2308	| 0.23	| 0.19	| 0.22	| 0.04
2309	| 0.22	| 0.16	| 0.18	| 0.06
2310	| 0.18	| 0.15	| 0.17	| 0.03
2311	| 0.11	| 0.11	| 0.10	| 0.01
2312	| 0.21	| 0.22	| 0.21	| 0.01
2313	| 0.08	| 0.09	| 0.08	| 0.01
2314	| 0.17	| 0.16	| 0.16	| 0.01
2315	| 0.25	| 0.26	| 0.24	| 0.02
2316	| 0.33	| 0.30	| 0.34	| 0.04
2317	| 0.33	| 0.29	| 0.34	| 0.05
2318	| 0.27	| 0.27	| 0.25	| 0.02
2319	| 0.31	| 0.26	| 0.25	| 0.06
2320	| 0.09	| 0.07	| 0.07	| 0.02
2321	| 0.21	| 0.18	| 0.20	| 0.03
2322	| 0.05	| 0.04	| 0.03	| 0.02
2323	| 0.29	| 0.27	| 0.28	| 0.01
2324	| 0.16	| 0.14	| 0.16	| 0.01
2325	| 0.25	| 0.24	| 0.22	| 0.03
2326	| 0.31	| 0.30	| 0.32	| 0.01
2327	| 0.18	| 0.16	| 0.17	| 0.02
2328	| 0.04	| 0.04	| 0.05	| 0.01
2329	| 0.13	| 0.12	| 0.11	| 0.03
2330	| 0.17	| 0.19	| 0.16	| 0.03
2331	| 0.33	| 0.31	| 0.30	| 0.03
2332	| 0.21	| 0.22	| 0.22	| 0.01
2333	| 0.11	| 0.10	| 0.11	| 0.02
2334	| 0.17	| 0.14	| 0.12	| 0.05
2335	| 0.04	| 0.04	| 0.05	| 0.01
2336	| 0.08	| 0.09	| 0.07	| 0.02
2337	| 0.25	| 0.26	| 0.25	| 0.01
2338	| 0.20	| 0.21	| 0.21	| 0.01
2339	| 0.07	| 0.06	| 0.07	| 0.02
2340	| 0.15	| 0.15	| 0.14	| 0.01
2341	| 0.03	| 0.04	| 0.04	| 0.01
2342	| 0.32	| 0.31	| 0.33	| 0.02
2343	| 0.24	| 0.20	| 0.24	| 0.04
2344	| 0.36	| 0.32	| 0.30	| 0.06
2345	| 0.09	| 0.09	| 0.08	| 0.01
2346	| 0.29	| 0.26	| 0.29	| 0.04
2347	| 0.06	| 0.06	| 0.06	| 0.01
2348	| 0.16	| 0.14	| 0.14	| 0.02
2349	| 0.01	| 0.01	| 0.01	| 0.00
2350	| 0.00	| 0.01	| 0.01	| 0.01
2351	| 0.16	| 0.18	| 0.21	| 0.05
2352	| 0.20	| 0.20	| 0.19	| 0.01
2353	| 0.23	| 0.20	| 0.22	| 0.02
2354	| 0.13	| 0.14	| 0.14	| 0.01
2355	| 0.29	| 0.31	| 0.32	| 0.03
2356	| 0.10	| 0.12	| 0.12	| 0.02
2357	| 0.25	| 0.26	| 0.27	| 0.02
2358	| 0.00	| 0.00	| 0.00	| 0.00
2359	| 0.14	| 0.17	| 0.14	| 0.03
2360	| 0.26	| 0.24	| 0.24	| 0.02
2361	| 0.17	| 0.16	| 0.16	| 0.01
2362	| 0.11	| 0.08	| 0.10	| 0.03
2363	| 0.18	| 0.17	| 0.17	| 0.01
2364	| 0.23	| 0.27	| 0.28	| 0.05
2365	| 0.04	| 0.03	| 0.03	| 0.01
2366	| 0.08	| 0.10	| 0.09	| 0.02
2367	| 0.29	| 0.31	| 0.31	| 0.02
2368	| 0.10	| 0.10	| 0.14	| 0.04
2369	| 0.06	| 0.08	| 0.06	| 0.02
2370	| 0.32	| 0.34	| 0.32	| 0.02
2371	| 0.07	| 0.08	| 0.07	| 0.01
2372	| 0.08	| 0.06	| 0.08	| 0.03
2373	| 0.16	| 0.15	| 0.15	| 0.01
2374	| 0.17	| 0.16	| 0.17	| 0.01
2375	| 0.14	| 0.15	| 0.15	| 0.01
2376	| 0.21	| 0.21	| 0.24	| 0.03
2377	| 0.26	| 0.25	| 0.29	| 0.04
2378	| 0.03	| 0.03	| 0.04	| 0.01
2379	| 0.29	| 0.32	| 0.29	| 0.03
2380	| 0.10	| 0.10	| 0.11	| 0.01
2381	| 0.09	| 0.11	| 0.10	| 0.02
2382	| 0.03	| 0.02	| 0.03	| 0.01
2383	| 0.26	| 0.23	| 0.25	| 0.02
2384	| 0.12	| 0.11	| 0.11	| 0.01
2385	| 0.18	| 0.17	| 0.17	| 0.01
2386	| 0.21	| 0.24	| 0.24	| 0.03
2387	| 0.10	| 0.11	| 0.13	| 0.03
2388	| 0.32	| 0.30	| 0.33	| 0.03
2389	| 0.16	| 0.16	| 0.18	| 0.03
2390	| 0.10	| 0.09	| 0.10	| 0.01
2391	| 0.08	| 0.10	| 0.09	| 0.02
2392	| 0.01	| 0.01	| 0.01	| 0.00
2393	| 0.01	| 0.01	| 0.00	| 0.00
2394	| 0.18	| 0.16	| 0.18	| 0.02
2395	| 0.17	| 0.17	| 0.14	| 0.04
2396	| 0.28	| 0.28	| 0.31	| 0.03
2397	| 0.07	| 0.08	| 0.07	| 0.01
2398	| 0.12	| 0.13	| 0.10	| 0.03
2399	| 0.09	| 0.07	| 0.08	| 0.02
2400	| 0.09	| 0.09	| 0.09	| 0.01
2401	| 0.29	| 0.30	| 0.27	| 0.03
2402	| 0.13	| 0.13	| 0.13	| 0.01
2403	| 0.14	| 0.14	| 0.14	| 0.00
2404	| 0.18	| 0.19	| 0.20	| 0.02
2405	| 0.14	| 0.16	| 0.15	| 0.02
2406	| 0.26	| 0.33	| 0.28	| 0.07
2407	| 0.16	| 0.15	| 0.16	| 0.02
2408	| 0.02	| 0.02	| 0.02	| 0.00
2409	| 0.12	| 0.13	| 0.12	| 0.02
2410	| 0.13	| 0.15	| 0.15	| 0.02
2411	| 0.23	| 0.23	| 0.23	| 0.01
2412	| 0.06	| 0.06	| 0.05	| 0.01
2413	| 0.22	| 0.23	| 0.25	| 0.03
2414	| 0.03	| 0.06	| 0.05	| 0.02
2415	| 0.21	| 0.22	| 0.19	| 0.03
2416	| 0.27	| 0.21	| 0.25	| 0.05
2417	| 0.17	| 0.16	| 0.17	| 0.02
2418	| 0.31	| 0.28	| 0.29	| 0.03
2419	| 0.04	| 0.03	| 0.04	| 0.01
2420	| 0.13	| 0.14	| 0.13	| 0.01
2421	| 0.06	| 0.05	| 0.06	| 0.01
2422	| 0.09	| 0.10	| 0.09	| 0.01
2423	| 0.09	| 0.10	| 0.10	| 0.01
2424	| 0.28	| 0.29	| 0.29	| 0.01
2425	| 0.12	| 0.14	| 0.11	| 0.02
2426	| 0.13	| 0.10	| 0.12	| 0.03
2427	| 0.21	| 0.21	| 0.16	| 0.05
2428	| 0.30	| 0.32	| 0.30	| 0.02
2429	| 0.05	| 0.05	| 0.05	| 0.00
2430	| 0.29	| 0.30	| 0.30	| 0.01
2431	| 0.00	| 0.00	| 0.01	| 0.00
2432	| 0.21	| 0.22	| 0.25	| 0.04
2433	| 0.32	| 0.31	| 0.33	| 0.01
2434	| 0.09	| 0.07	| 0.07	| 0.02
2435	| 0.06	| 0.06	| 0.07	| 0.02
2436	| 0.28	| 0.29	| 0.28	| 0.01
2437	| 0.23	| 0.22	| 0.26	| 0.04
2438	| 0.06	| 0.04	| 0.08	| 0.04
2439	| 0.17	| 0.16	| 0.16	| 0.00
2440	| 0.07	| 0.05	| 0.06	| 0.02
2441	| 0.19	| 0.16	| 0.16	| 0.03
2442	| 0.16	| 0.14	| 0.15	| 0.02
2443	| 0.35	| 0.33	| 0.32	| 0.03
2444	| 0.07	| 0.07	| 0.09	| 0.03
2445	| 0.26	| 0.24	| 0.27	| 0.02
2446	| 0.13	| 0.20	| 0.16	| 0.07
2447	| 0.20	| 0.20	| 0.21	| 0.01
2448	| 0.16	| 0.18	| 0.19	| 0.03
2449	| 0.28	| 0.27	| 0.25	| 0.02
2450	| 0.35	| 0.33	| 0.32	| 0.03
2451	| 0.29	| 0.25	| 0.27	| 0.04
2452	| 0.23	| 0.25	| 0.24	| 0.02
2453	| 0.03	| 0.02	| 0.03	| 0.01
2454	| 0.07	| 0.06	| 0.06	| 0.01
2455	| 0.24	| 0.25	| 0.23	| 0.01
2456	| 0.01	| 0.01	| 0.01	| 0.01
2457	| 0.12	| 0.13	| 0.12	| 0.01
2458	| 0.30	| 0.31	| 0.32	| 0.01
2459	| 0.17	| 0.15	| 0.18	| 0.02
2460	| 0.14	| 0.14	| 0.15	| 0.01
2461	| 0.11	| 0.12	| 0.10	| 0.02
2462	| 0.13	| 0.12	| 0.12	| 0.01
2463	| 0.10	| 0.12	| 0.10	| 0.01
2464	| 0.08	| 0.08	| 0.07	| 0.01
2465	| 0.12	| 0.10	| 0.10	| 0.02
2466	| 0.08	| 0.09	| 0.08	| 0.01
2467	| 0.22	| 0.21	| 0.24	| 0.03
2468	| 0.27	| 0.29	| 0.29	| 0.02
2469	| 0.31	| 0.28	| 0.31	| 0.03
2470	| 0.18	| 0.16	| 0.16	| 0.01
2471	| 0.24	| 0.21	| 0.22	| 0.03
2472	| 0.34	| 0.32	| 0.29	| 0.05
2473	| 0.28	| 0.30	| 0.29	| 0.02
2474	| 0.29	| 0.30	| 0.28	| 0.02
2475	| 0.06	| 0.04	| 0.06	| 0.01
2476	| 0.12	| 0.13	| 0.11	| 0.02
2477	| 0.18	| 0.16	| 0.17	| 0.01
2478	| 0.18	| 0.15	| 0.16	| 0.02
2479	| 0.21	| 0.17	| 0.18	| 0.04
2480	| 0.29	| 0.31	| 0.34	| 0.06
2481	| 0.04	| 0.05	| 0.03	| 0.01
2482	| 0.17	| 0.15	| 0.17	| 0.03
2483	| 0.12	| 0.15	| 0.14	| 0.03
2484	| 0.18	| 0.18	| 0.17	| 0.02
2485	| 0.23	| 0.29	| 0.29	| 0.06
2486	| 0.18	| 0.16	| 0.17	| 0.01
2487	| 0.22	| 0.25	| 0.24	| 0.03
2488	| 0.16	| 0.15	| 0.17	| 0.02
2489	| 0.28	| 0.26	| 0.28	| 0.03
2490	| 0.06	| 0.04	| 0.04	| 0.01
2491	| 0.20	| 0.20	| 0.20	| 0.01
2492	| 0.00	| 0.00	| 0.00	| 0.00
2493	| 0.13	| 0.13	| 0.14	| 0.01
2494	| 0.20	| 0.20	| 0.22	| 0.02
2495	| 0.01	| 0.02	| 0.01	| 0.00
2496	| 0.24	| 0.25	| 0.22	| 0.03
2497	| 0.24	| 0.26	| 0.24	| 0.02
2498	| 0.06	| 0.05	| 0.04	| 0.02
2499	| 0.30	| 0.28	| 0.30	| 0.02
2500	| 0.01	| 0.01	| 0.01	| 0.00
2501	| 0.29	| 0.33	| 0.29	| 0.04
2502	| 0.28	| 0.27	| 0.26	| 0.02
2503	| 0.28	| 0.29	| 0.31	| 0.04
2504	| 0.18	| 0.18	| 0.20	| 0.02
2505	| 0.20	| 0.19	| 0.23	| 0.03
2506	| 0.36	| 0.30	| 0.36	| 0.05
2507	| 0.23	| 0.21	| 0.24	| 0.03
2508	| 0.28	| 0.25	| 0.26	| 0.03
2509	| 0.09	| 0.09	| 0.08	| 0.01
2510	| 0.07	| 0.08	| 0.09	| 0.02
2511	| 0.06	| 0.07	| 0.07	| 0.01
2512	| 0.29	| 0.29	| 0.29	| 0.01
2513	| 0.31	| 0.30	| 0.32	| 0.02
2514	| 0.27	| 0.26	| 0.26	| 0.01
2515	| 0.25	| 0.26	| 0.27	| 0.02
2516	| 0.28	| 0.24	| 0.24	| 0.04
2517	| 0.21	| 0.16	| 0.19	| 0.05
2518	| 0.29	| 0.30	| 0.25	| 0.05
2519	| 0.28	| 0.26	| 0.29	| 0.03
2520	| 0.12	| 0.12	| 0.13	| 0.01
2521	| 0.32	| 0.33	| 0.33	| 0.02
2522	| 0.24	| 0.27	| 0.23	| 0.04
2523	| 0.30	| 0.31	| 0.26	| 0.04
2524	| 0.05	| 0.05	| 0.05	| 0.01
2525	| 0.10	| 0.09	| 0.08	| 0.01
2526	| 0.17	| 0.18	| 0.17	| 0.01
2527	| 0.00	| 0.00	| 0.01	| 0.00
2528	| 0.18	| 0.15	| 0.17	| 0.02
2529	| 0.19	| 0.18	| 0.19	| 0.01
2530	| 0.15	| 0.15	| 0.14	| 0.01
2531	| 0.12	| 0.12	| 0.11	| 0.01
2532	| 0.30	| 0.27	| 0.29	| 0.02
2533	| 0.04	| 0.04	| 0.04	| 0.01
2534	| 0.09	| 0.07	| 0.10	| 0.03
2535	| 0.01	| 0.01	| 0.01	| 0.00
2536	| 0.01	| 0.01	| 0.02	| 0.00
2537	| 0.22	| 0.27	| 0.23	| 0.05
2538	| 0.04	| 0.03	| 0.03	| 0.01
2539	| 0.06	| 0.07	| 0.06	| 0.01
2540	| 0.07	| 0.07	| 0.07	| 0.00
2541	| 0.30	| 0.31	| 0.31	| 0.01
2542	| 0.07	| 0.08	| 0.08	| 0.01
2543	| 0.33	| 0.29	| 0.34	| 0.05
2544	| 0.26	| 0.26	| 0.23	| 0.03
2545	| 0.19	| 0.22	| 0.18	| 0.04
2546	| 0.09	| 0.08	| 0.11	| 0.02
2547	| 0.31	| 0.30	| 0.27	| 0.04
2548	| 0.14	| 0.16	| 0.17	| 0.03
2549	| 0.23	| 0.20	| 0.20	| 0.03
2550	| 0.26	| 0.29	| 0.27	| 0.03
2551	| 0.07	| 0.06	| 0.06	| 0.01
2552	| 0.23	| 0.23	| 0.24	| 0.00
2553	| 0.10	| 0.11	| 0.11	| 0.01
2554	| 0.27	| 0.28	| 0.27	| 0.01
2555	| 0.30	| 0.30	| 0.31	| 0.01
2556	| 0.25	| 0.26	| 0.25	| 0.01
2557	| 0.29	| 0.27	| 0.27	| 0.02
2558	| 0.23	| 0.26	| 0.26	| 0.03
2559	| 0.18	| 0.18	| 0.17	| 0.01
2560	| 0.08	| 0.08	| 0.07	| 0.01
2561	| 0.17	| 0.20	| 0.17	| 0.03
2562	| 0.14	| 0.17	| 0.16	| 0.03
2563	| 0.02	| 0.03	| 0.03	| 0.01
2564	| 0.02	| 0.02	| 0.03	| 0.01
2565	| 0.15	| 0.16	| 0.14	| 0.02
2566	| 0.09	| 0.08	| 0.08	| 0.01
2567	| 0.20	| 0.19	| 0.20	| 0.00
2568	| 0.08	| 0.08	| 0.08	| 0.00
2569	| 0.07	| 0.06	| 0.07	| 0.01
2570	| 0.00	| 0.01	| 0.00	| 0.00
2571	| 0.08	| 0.09	| 0.09	| 0.01
2572	| 0.29	| 0.29	| 0.28	| 0.01
2573	| 0.18	| 0.12	| 0.12	| 0.06
2574	| 0.02	| 0.03	| 0.03	| 0.01
2575	| 0.24	| 0.22	| 0.22	| 0.02
2576	| 0.14	| 0.13	| 0.11	| 0.02
2577	| 0.21	| 0.24	| 0.21	| 0.03
2578	| 0.33	| 0.30	| 0.29	| 0.04
2579	| 0.09	| 0.07	| 0.08	| 0.02
2580	| 0.34	| 0.34	| 0.30	| 0.04
2581	| 0.16	| 0.16	| 0.16	| 0.01
2582	| 0.04	| 0.06	| 0.05	| 0.01
2583	| 0.08	| 0.09	| 0.07	| 0.02
2584	| 0.28	| 0.26	| 0.28	| 0.02
2585	| 0.07	| 0.07	| 0.08	| 0.01
2586	| 0.03	| 0.02	| 0.03	| 0.01
2587	| 0.16	| 0.14	| 0.16	| 0.02
2588	| 0.25	| 0.23	| 0.27	| 0.04
2589	| 0.32	| 0.28	| 0.30	| 0.05
2590	| 0.23	| 0.23	| 0.24	| 0.01
2591	| 0.06	| 0.07	| 0.07	| 0.01
2592	| 0.02	| 0.02	| 0.03	| 0.01
2593	| 0.24	| 0.28	| 0.27	| 0.04
2594	| 0.13	| 0.13	| 0.14	| 0.02
2595	| 0.16	| 0.17	| 0.16	| 0.01
2596	| 0.12	| 0.12	| 0.13	| 0.01
2597	| 0.24	| 0.21	| 0.23	| 0.03
2598	| 0.24	| 0.23	| 0.27	| 0.04
2599	| 0.06	| 0.05	| 0.05	| 0.01
2600	| 0.14	| 0.14	| 0.10	| 0.04
2601	| 0.23	| 0.24	| 0.25	| 0.03
2602	| 0.09	| 0.09	| 0.08	| 0.01
2603	| 0.05	| 0.04	| 0.04	| 0.01
2604	| 0.22	| 0.23	| 0.23	| 0.01
2605	| 0.18	| 0.14	| 0.18	| 0.04
2606	| 0.08	| 0.08	| 0.07	| 0.02
2607	| 0.24	| 0.25	| 0.25	| 0.02
2608	| 0.02	| 0.01	| 0.01	| 0.01
2609	| 0.19	| 0.17	| 0.20	| 0.03
2610	| 0.34	| 0.29	| 0.29	| 0.06
2611	| 0.30	| 0.35	| 0.33	| 0.05
2612	| 0.07	| 0.07	| 0.08	| 0.01
2613	| 0.04	| 0.06	| 0.06	| 0.02
2614	| 0.36	| 0.31	| 0.30	| 0.06
2615	| 0.26	| 0.26	| 0.24	| 0.02
2616	| 0.32	| 0.30	| 0.30	| 0.02
2617	| 0.21	| 0.20	| 0.20	| 0.01
2618	| 0.03	| 0.04	| 0.04	| 0.01
2619	| 0.24	| 0.25	| 0.24	| 0.01
2620	| 0.28	| 0.33	| 0.29	| 0.05
2621	| 0.24	| 0.21	| 0.24	| 0.04
2622	| 0.21	| 0.20	| 0.21	| 0.02
2623	| 0.25	| 0.26	| 0.27	| 0.02
2624	| 0.12	| 0.14	| 0.12	| 0.02
2625	| 0.18	| 0.17	| 0.19	| 0.02
2626	| 0.26	| 0.27	| 0.25	| 0.01
2627	| 0.03	| 0.04	| 0.04	| 0.01
2628	| 0.03	| 0.03	| 0.03	| 0.01
2629	| 0.09	| 0.10	| 0.10	| 0.01
2630	| 0.24	| 0.22	| 0.22	| 0.01
2631	| 0.14	| 0.13	| 0.15	| 0.02
2632	| 0.03	| 0.03	| 0.03	| 0.01
2633	| 0.33	| 0.30	| 0.26	| 0.07
2634	| 0.14	| 0.12	| 0.13	| 0.01
2635	| 0.26	| 0.27	| 0.30	| 0.04
2636	| 0.23	| 0.23	| 0.23	| 0.01
2637	| 0.14	| 0.16	| 0.14	| 0.02
2638	| 0.20	| 0.18	| 0.20	| 0.02
2639	| 0.02	| 0.03	| 0.02	| 0.02
2640	| 0.19	| 0.16	| 0.18	| 0.03
2641	| 0.27	| 0.28	| 0.24	| 0.05
2642	| 0.29	| 0.30	| 0.30	| 0.01
2643	| 0.19	| 0.20	| 0.21	| 0.02
2644	| 0.30	| 0.30	| 0.31	| 0.01
2645	| 0.08	| 0.08	| 0.09	| 0.01
2646	| 0.32	| 0.26	| 0.30	| 0.06
2647	| 0.27	| 0.28	| 0.28	| 0.01
2648	| 0.15	| 0.18	| 0.17	| 0.02
2649	| 0.15	| 0.18	| 0.16	| 0.03
2650	| 0.04	| 0.06	| 0.04	| 0.02
2651	| 0.04	| 0.07	| 0.06	| 0.02
2652	| 0.12	| 0.13	| 0.13	| 0.01
2653	| 0.16	| 0.16	| 0.17	| 0.01
2654	| 0.03	| 0.04	| 0.04	| 0.01
2655	| 0.18	| 0.19	| 0.17	| 0.02
2656	| 0.20	| 0.21	| 0.18	| 0.03
2657	| 0.16	| 0.14	| 0.15	| 0.02
2658	| 0.00	| 0.01	| 0.00	| 0.00
2659	| 0.16	| 0.18	| 0.17	| 0.02
2660	| 0.00	| 0.00	| 0.00	| 0.00
2661	| 0.06	| 0.04	| 0.05	| 0.01
2662	| 0.31	| 0.33	| 0.28	| 0.05
2663	| 0.25	| 0.26	| 0.24	| 0.01
2664	| 0.23	| 0.25	| 0.23	| 0.02
2665	| 0.17	| 0.22	| 0.18	| 0.05
2666	| 0.22	| 0.24	| 0.25	| 0.03
2667	| 0.08	| 0.11	| 0.09	| 0.03
2668	| 0.15	| 0.14	| 0.12	| 0.03
2669	| 0.19	| 0.20	| 0.19	| 0.01
2670	| 0.27	| 0.24	| 0.22	| 0.05
2671	| 0.27	| 0.28	| 0.28	| 0.02
2672	| 0.11	| 0.11	| 0.10	| 0.02
2673	| 0.10	| 0.10	| 0.09	| 0.02
2674	| 0.06	| 0.05	| 0.09	| 0.04
2675	| 0.32	| 0.36	| 0.32	| 0.04
2676	| 0.15	| 0.13	| 0.11	| 0.05
2677	| 0.10	| 0.10	| 0.09	| 0.01
2678	| 0.09	| 0.08	| 0.09	| 0.01
2679	| 0.00	| 0.00	| 0.00	| 0.00
2680	| 0.26	| 0.27	| 0.27	| 0.01
2681	| 0.20	| 0.19	| 0.17	| 0.02
2682	| 0.06	| 0.05	| 0.05	| 0.01
2683	| 0.20	| 0.19	| 0.19	| 0.01
2684	| 0.03	| 0.03	| 0.04	| 0.01
2685	| 0.16	| 0.17	| 0.18	| 0.02
2686	| 0.24	| 0.25	| 0.24	| 0.01
2687	| 0.07	| 0.06	| 0.07	| 0.01
2688	| 0.28	| 0.28	| 0.28	| 0.01
2689	| 0.21	| 0.19	| 0.21	| 0.02
2690	| 0.17	| 0.20	| 0.18	| 0.03
2691	| 0.16	| 0.17	| 0.17	| 0.01
2692	| 0.19	| 0.21	| 0.24	| 0.05
2693	| 0.13	| 0.12	| 0.10	| 0.02
2694	| 0.34	| 0.34	| 0.32	| 0.02
2695	| 0.17	| 0.17	| 0.17	| 0.00
2696	| 0.13	| 0.15	| 0.15	| 0.02
2697	| 0.05	| 0.05	| 0.07	| 0.02
2698	| 0.08	| 0.06	| 0.08	| 0.01
2699	| 0.34	| 0.33	| 0.34	| 0.02
2700	| 0.01	| 0.00	| 0.00	| 0.01
2701	| 0.21	| 0.19	| 0.21	| 0.01
2702	| 0.12	| 0.12	| 0.12	| 0.00
2703	| 0.17	| 0.16	| 0.15	| 0.01
2704	| 0.24	| 0.22	| 0.24	| 0.02
2705	| 0.14	| 0.15	| 0.14	| 0.00
2706	| 0.01	| 0.01	| 0.01	| 0.00
2707	| 0.28	| 0.29	| 0.31	| 0.03
2708	| 0.07	| 0.04	| 0.06	| 0.02
2709	| 0.18	| 0.16	| 0.19	| 0.03
2710	| 0.14	| 0.17	| 0.16	| 0.04
2711	| 0.01	| 0.01	| 0.01	| 0.00
2712	| 0.22	| 0.22	| 0.24	| 0.02
2713	| 0.30	| 0.26	| 0.30	| 0.04
2714	| 0.15	| 0.18	| 0.13	| 0.05
2715	| 0.32	| 0.32	| 0.35	| 0.03
2716	| 0.12	| 0.13	| 0.14	| 0.01
2717	| 0.22	| 0.23	| 0.21	| 0.02
2718	| 0.13	| 0.11	| 0.12	| 0.02
2719	| 0.13	| 0.15	| 0.17	| 0.04
2720	| 0.18	| 0.17	| 0.18	| 0.01
2721	| 0.33	| 0.32	| 0.31	| 0.02
2722	| 0.24	| 0.24	| 0.24	| 0.00
2723	| 0.21	| 0.24	| 0.25	| 0.04
2724	| 0.30	| 0.29	| 0.32	| 0.03
2725	| 0.14	| 0.12	| 0.13	| 0.02
2726	| 0.33	| 0.34	| 0.31	| 0.03
2727	| 0.14	| 0.18	| 0.16	| 0.04
2728	| 0.04	| 0.06	| 0.06	| 0.01
2729	| 0.08	| 0.09	| 0.07	| 0.02
2730	| 0.27	| 0.24	| 0.26	| 0.03
2731	| 0.29	| 0.30	| 0.27	| 0.03
2732	| 0.13	| 0.17	| 0.15	| 0.04
2733	| 0.10	| 0.09	| 0.10	| 0.01
2734	| 0.10	| 0.13	| 0.11	| 0.03
2735	| 0.10	| 0.09	| 0.10	| 0.01
2736	| 0.30	| 0.29	| 0.29	| 0.01
2737	| 0.04	| 0.04	| 0.05	| 0.01
2738	| 0.23	| 0.24	| 0.23	| 0.01
2739	| 0.27	| 0.25	| 0.32	| 0.07
2740	| 0.27	| 0.25	| 0.24	| 0.02
2741	| 0.17	| 0.17	| 0.14	| 0.03
2742	| 0.29	| 0.31	| 0.33	| 0.04
2743	| 0.29	| 0.31	| 0.30	| 0.02
2744	| 0.32	| 0.30	| 0.31	| 0.02
2745	| 0.19	| 0.18	| 0.18	| 0.01
2746	| 0.06	| 0.05	| 0.06	| 0.01
2747	| 0.09	| 0.07	| 0.09	| 0.02
2748	| 0.21	| 0.21	| 0.21	| 0.00
2749	| 0.22	| 0.26	| 0.23	| 0.04
2750	| 0.05	| 0.03	| 0.04	| 0.02
2751	| 0.16	| 0.16	| 0.15	| 0.01
2752	| 0.07	| 0.07	| 0.05	| 0.02
2753	| 0.36	| 0.33	| 0.30	| 0.06
2754	| 0.21	| 0.21	| 0.22	| 0.02
2755	| 0.21	| 0.20	| 0.22	| 0.02
2756	| 0.22	| 0.20	| 0.19	| 0.04
2757	| 0.06	| 0.04	| 0.05	| 0.01
2758	| 0.18	| 0.17	| 0.19	| 0.02
2759	| 0.17	| 0.13	| 0.16	| 0.04
2760	| 0.15	| 0.16	| 0.16	| 0.01
2761	| 0.24	| 0.25	| 0.25	| 0.01
2762	| 0.33	| 0.30	| 0.33	| 0.03
2763	| 0.29	| 0.33	| 0.29	| 0.04
2764	| 0.26	| 0.26	| 0.26	| 0.01
2765	| 0.07	| 0.07	| 0.06	| 0.01
2766	| 0.02	| 0.03	| 0.02	| 0.01
2767	| 0.24	| 0.23	| 0.24	| 0.01
2768	| 0.06	| 0.05	| 0.06	| 0.01
2769	| 0.09	| 0.09	| 0.10	| 0.01
2770	| 0.29	| 0.33	| 0.32	| 0.04
2771	| 0.17	| 0.18	| 0.19	| 0.02
2772	| 0.01	| 0.02	| 0.03	| 0.01
2773	| 0.31	| 0.29	| 0.32	| 0.02
2774	| 0.20	| 0.18	| 0.20	| 0.02
2775	| 0.11	| 0.13	| 0.14	| 0.03
2776	| 0.30	| 0.32	| 0.27	| 0.05
2777	| 0.27	| 0.28	| 0.29	| 0.01
2778	| 0.22	| 0.22	| 0.21	| 0.01
2779	| 0.03	| 0.03	| 0.03	| 0.01
2780	| 0.13	| 0.13	| 0.10	| 0.04
2781	| 0.33	| 0.35	| 0.34	| 0.01
2782	| 0.16	| 0.18	| 0.20	| 0.04
2783	| 0.21	| 0.22	| 0.21	| 0.01
2784	| 0.01	| 0.02	| 0.01	| 0.01
2785	| 0.35	| 0.32	| 0.32	| 0.03
2786	| 0.02	| 0.01	| 0.01	| 0.01
2787	| 0.18	| 0.20	| 0.20	| 0.03
2788	| 0.04	| 0.05	| 0.05	| 0.01
2789	| 0.08	| 0.06	| 0.07	| 0.02
2790	| 0.01	| 0.01	| 0.02	| 0.01
2791	| 0.22	| 0.24	| 0.25	| 0.03
2792	| 0.17	| 0.18	| 0.19	| 0.01
2793	| 0.29	| 0.25	| 0.26	| 0.04
2794	| 0.17	| 0.16	| 0.17	| 0.01
2795	| 0.06	| 0.06	| 0.06	| 0.01
2796	| 0.19	| 0.18	| 0.20	| 0.02
2797	| 0.04	| 0.04	| 0.05	| 0.02
2798	| 0.27	| 0.25	| 0.28	| 0.03
2799	| 0.20	| 0.25	| 0.22	| 0.04
2800	| 0.07	| 0.09	| 0.08	| 0.02
2801	| 0.12	| 0.10	| 0.13	| 0.03
2802	| 0.09	| 0.08	| 0.07	| 0.02
2803	| 0.15	| 0.14	| 0.17	| 0.03
2804	| 0.20	| 0.19	| 0.20	| 0.01
2805	| 0.13	| 0.13	| 0.13	| 0.01
2806	| 0.11	| 0.10	| 0.12	| 0.02
2807	| 0.31	| 0.32	| 0.30	| 0.02
2808	| 0.26	| 0.27	| 0.27	| 0.01
2809	| 0.10	| 0.09	| 0.08	| 0.02
2810	| 0.20	| 0.18	| 0.17	| 0.02
2811	| 0.15	| 0.17	| 0.15	| 0.02
2812	| 0.05	| 0.05	| 0.07	| 0.02
2813	| 0.22	| 0.24	| 0.24	| 0.02
2814	| 0.21	| 0.22	| 0.22	| 0.01
2815	| 0.17	| 0.14	| 0.14	| 0.03
2816	| 0.14	| 0.14	| 0.15	| 0.01
2817	| 0.01	| 0.01	| 0.01	| 0.00
2818	| 0.22	| 0.22	| 0.20	| 0.03
2819	| 0.12	| 0.14	| 0.11	| 0.02
2820	| 0.24	| 0.25	| 0.27	| 0.03
2821	| 0.19	| 0.20	| 0.19	| 0.01
2822	| 0.01	| 0.01	| 0.01	| 0.01
2823	| 0.06	| 0.08	| 0.06	| 0.03
2824	| 0.10	| 0.09	| 0.10	| 0.00
2825	| 0.07	| 0.08	| 0.07	| 0.01
2826	| 0.22	| 0.22	| 0.22	| 0.01
2827	| 0.21	| 0.22	| 0.20	| 0.03
2828	| 0.28	| 0.29	| 0.29	| 0.01
2829	| 0.29	| 0.28	| 0.27	| 0.02
2830	| 0.17	| 0.17	| 0.15	| 0.01
2831	| 0.11	| 0.10	| 0.09	| 0.02
2832	| 0.32	| 0.28	| 0.29	| 0.03
2833	| 0.34	| 0.33	| 0.34	| 0.02
2834	| 0.19	| 0.21	| 0.19	| 0.02
2835	| 0.08	| 0.08	| 0.07	| 0.01
2836	| 0.08	| 0.09	| 0.10	| 0.01
2837	| 0.03	| 0.03	| 0.04	| 0.01
2838	| 0.21	| 0.20	| 0.19	| 0.01
2839	| 0.21	| 0.20	| 0.19	| 0.02
2840	| 0.21	| 0.20	| 0.22	| 0.02
2841	| 0.20	| 0.19	| 0.18	| 0.02
2842	| 0.01	| 0.03	| 0.02	| 0.01
2843	| 0.06	| 0.06	| 0.04	| 0.01
2844	| 0.07	| 0.08	| 0.06	| 0.01
2845	| 0.15	| 0.13	| 0.14	| 0.01
2846	| 0.02	| 0.03	| 0.03	| 0.01
2847	| 0.07	| 0.06	| 0.05	| 0.02
2848	| 0.03	| 0.03	| 0.02	| 0.01
2849	| 0.21	| 0.22	| 0.22	| 0.02
2850	| 0.10	| 0.09	| 0.10	| 0.01
2851	| 0.01	| 0.01	| 0.01	| 0.01
2852	| 0.25	| 0.26	| 0.27	| 0.02
2853	| 0.16	| 0.17	| 0.16	| 0.01
2854	| 0.18	| 0.18	| 0.18	| 0.00
2855	| 0.23	| 0.23	| 0.23	| 0.00
2856	| 0.28	| 0.29	| 0.30	| 0.02
2857	| 0.10	| 0.11	| 0.14	| 0.04
2858	| 0.14	| 0.13	| 0.10	| 0.03
2859	| 0.31	| 0.32	| 0.31	| 0.01
2860	| 0.09	| 0.07	| 0.09	| 0.02
2861	| 0.33	| 0.32	| 0.31	| 0.02
2862	| 0.10	| 0.11	| 0.09	| 0.01
2863	| 0.10	| 0.10	| 0.11	| 0.01
2864	| 0.32	| 0.26	| 0.31	| 0.06
2865	| 0.16	| 0.17	| 0.15	| 0.02
2866	| 0.11	| 0.10	| 0.10	| 0.01
2867	| 0.33	| 0.28	| 0.32	| 0.05
2868	| 0.20	| 0.20	| 0.22	| 0.02
2869	| 0.11	| 0.13	| 0.10	| 0.03
2870	| 0.19	| 0.20	| 0.19	| 0.01
2871	| 0.02	| 0.02	| 0.01	| 0.00
2872	| 0.07	| 0.07	| 0.07	| 0.00
2873	| 0.05	| 0.04	| 0.05	| 0.01
2874	| 0.26	| 0.25	| 0.29	| 0.04
2875	| 0.03	| 0.04	| 0.03	| 0.01
2876	| 0.16	| 0.16	| 0.18	| 0.02
2877	| 0.12	| 0.14	| 0.12	| 0.02
2878	| 0.03	| 0.03	| 0.03	| 0.01
2879	| 0.14	| 0.14	| 0.14	| 0.00
2880	| 0.15	| 0.15	| 0.15	| 0.01
2881	| 0.17	| 0.17	| 0.16	| 0.01
2882	| 0.12	| 0.13	| 0.10	| 0.03
2883	| 0.04	| 0.04	| 0.07	| 0.03
2884	| 0.06	| 0.07	| 0.08	| 0.02
2885	| 0.28	| 0.28	| 0.30	| 0.02
2886	| 0.30	| 0.31	| 0.30	| 0.01
2887	| 0.21	| 0.22	| 0.21	| 0.02
2888	| 0.18	| 0.17	| 0.21	| 0.04
2889	| 0.15	| 0.17	| 0.18	| 0.02
2890	| 0.36	| 0.34	| 0.30	| 0.06
2891	| 0.22	| 0.25	| 0.22	| 0.03
2892	| 0.05	| 0.07	| 0.05	| 0.02
2893	| 0.08	| 0.10	| 0.08	| 0.02
2894	| 0.10	| 0.09	| 0.09	| 0.01
2895	| 0.09	| 0.09	| 0.09	| 0.00
2896	| 0.24	| 0.23	| 0.20	| 0.04
2897	| 0.04	| 0.04	| 0.06	| 0.01
2898	| 0.08	| 0.10	| 0.10	| 0.02
2899	| 0.05	| 0.04	| 0.04	| 0.01
2900	| 0.28	| 0.30	| 0.24	| 0.05
2901	| 0.04	| 0.05	| 0.06	| 0.01
2902	| 0.31	| 0.32	| 0.30	| 0.02
2903	| 0.24	| 0.24	| 0.24	| 0.01
2904	| 0.30	| 0.30	| 0.32	| 0.03
2905	| 0.04	| 0.02	| 0.02	| 0.02
2906	| 0.20	| 0.22	| 0.24	| 0.04
2907	| 0.07	| 0.08	| 0.08	| 0.01
2908	| 0.05	| 0.05	| 0.05	| 0.00
2909	| 0.35	| 0.33	| 0.31	| 0.04
2910	| 0.02	| 0.03	| 0.02	| 0.01
2911	| 0.09	| 0.09	| 0.10	| 0.01
2912	| 0.06	| 0.06	| 0.06	| 0.00
2913	| 0.09	| 0.07	| 0.07	| 0.02
2914	| 0.16	| 0.19	| 0.16	| 0.03
2915	| 0.18	| 0.22	| 0.24	| 0.06
2916	| 0.06	| 0.06	| 0.05	| 0.01
2917	| 0.29	| 0.33	| 0.27	| 0.05
2918	| 0.23	| 0.24	| 0.24	| 0.02
2919	| 0.22	| 0.22	| 0.24	| 0.02
2920	| 0.01	| 0.00	| 0.00	| 0.01
2921	| 0.24	| 0.22	| 0.22	| 0.02
2922	| 0.08	| 0.09	| 0.08	| 0.01
2923	| 0.07	| 0.07	| 0.10	| 0.03
2924	| 0.13	| 0.12	| 0.14	| 0.01
2925	| 0.06	| 0.06	| 0.05	| 0.01
2926	| 0.12	| 0.11	| 0.10	| 0.01
2927	| 0.20	| 0.20	| 0.19	| 0.02
2928	| 0.16	| 0.15	| 0.15	| 0.02
2929	| 0.05	| 0.04	| 0.05	| 0.01
2930	| 0.10	| 0.08	| 0.08	| 0.02
2931	| 0.29	| 0.28	| 0.29	| 0.01
2932	| 0.20	| 0.21	| 0.20	| 0.01
2933	| 0.07	| 0.07	| 0.08	| 0.01
2934	| 0.10	| 0.13	| 0.12	| 0.03
2935	| 0.25	| 0.23	| 0.27	| 0.04
2936	| 0.29	| 0.28	| 0.28	| 0.01
2937	| 0.03	| 0.02	| 0.02	| 0.01
2938	| 0.26	| 0.26	| 0.28	| 0.03
2939	| 0.26	| 0.23	| 0.24	| 0.02
2940	| 0.21	| 0.21	| 0.22	| 0.01
2941	| 0.17	| 0.18	| 0.17	| 0.01
2942	| 0.00	| 0.00	| 0.00	| 0.00
2943	| 0.27	| 0.36	| 0.28	| 0.08
2944	| 0.23	| 0.25	| 0.25	| 0.02
2945	| 0.22	| 0.26	| 0.23	| 0.04
2946	| 0.26	| 0.24	| 0.26	| 0.03
2947	| 0.05	| 0.06	| 0.05	| 0.01
2948	| 0.10	| 0.10	| 0.13	| 0.03
2949	| 0.05	| 0.04	| 0.04	| 0.01
2950	| 0.24	| 0.21	| 0.23	| 0.03
2951	| 0.34	| 0.29	| 0.31	| 0.04
2952	| 0.29	| 0.29	| 0.31	| 0.02
2953	| 0.18	| 0.19	| 0.21	| 0.02
2954	| 0.19	| 0.22	| 0.20	| 0.03
2955	| 0.14	| 0.16	| 0.14	| 0.02
2956	| 0.29	| 0.29	| 0.27	| 0.02
2957	| 0.34	| 0.33	| 0.31	| 0.03
2958	| 0.26	| 0.24	| 0.25	| 0.02
2959	| 0.17	| 0.17	| 0.15	| 0.03
2960	| 0.11	| 0.09	| 0.12	| 0.03
2961	| 0.30	| 0.27	| 0.30	| 0.03
2962	| 0.26	| 0.29	| 0.27	| 0.04
2963	| 0.19	| 0.21	| 0.21	| 0.02
2964	| 0.14	| 0.14	| 0.15	| 0.01
2965	| 0.32	| 0.33	| 0.32	| 0.01
2966	| 0.26	| 0.25	| 0.27	| 0.03
2967	| 0.28	| 0.28	| 0.27	| 0.01
2968	| 0.01	| 0.01	| 0.01	| 0.00
2969	| 0.26	| 0.30	| 0.28	| 0.04
2970	| 0.03	| 0.04	| 0.04	| 0.01
2971	| 0.17	| 0.15	| 0.17	| 0.02
2972	| 0.01	| 0.00	| 0.01	| 0.01
2973	| 0.21	| 0.21	| 0.19	| 0.02
2974	| 0.07	| 0.06	| 0.06	| 0.01
2975	| 0.07	| 0.08	| 0.08	| 0.01
2976	| 0.29	| 0.28	| 0.32	| 0.04
2977	| 0.14	| 0.17	| 0.17	| 0.03
2978	| 0.08	| 0.08	| 0.08	| 0.01
2979	| 0.22	| 0.22	| 0.23	| 0.01
2980	| 0.20	| 0.21	| 0.18	| 0.03
2981	| 0.03	| 0.03	| 0.04	| 0.01
2982	| 0.09	| 0.10	| 0.12	| 0.03
2983	| 0.33	| 0.34	| 0.32	| 0.02
2984	| 0.03	| 0.03	| 0.03	| 0.00
2985	| 0.12	| 0.11	| 0.13	| 0.02
2986	| 0.20	| 0.19	| 0.22	| 0.03
2987	| 0.30	| 0.27	| 0.28	| 0.04
2988	| 0.17	| 0.17	| 0.16	| 0.02
2989	| 0.22	| 0.19	| 0.21	| 0.02
2990	| 0.20	| 0.20	| 0.23	| 0.03
2991	| 0.07	| 0.07	| 0.05	| 0.01
2992	| 0.15	| 0.16	| 0.15	| 0.01
2993	| 0.04	| 0.06	| 0.05	| 0.02
2994	| 0.05	| 0.05	| 0.05	| 0.00
2995	| 0.28	| 0.31	| 0.30	| 0.02
2996	| 0.06	| 0.05	| 0.06	| 0.01
2997	| 0.14	| 0.14	| 0.14	| 0.00
2998	| 0.05	| 0.06	| 0.05	| 0.01
2999	| 0.08	| 0.09	| 0.10	| 0.02
