Weighted Random Sampling Comparison on 100000 Trials
---------------------------------------------
Difference is bigger than 1 in the following indices: []
Elapsed time: Naive: 14.94768425s, Fenwick: 1.700940875s, Python: 31.980916261s

---------------------------------------------
Probability(%) of each element being selected:
Element	| Naive	| Fenw	| Pyth	| Diff(Max-Min)
---------------------------------------------
0	| 1.23	| 1.30	| 1.28	| 0.07
1	| 1.42	| 1.37	| 1.40	| 0.05
2	| 5.65	| 5.38	| 5.67	| 0.29
3	| 4.72	| 4.87	| 5.04	| 0.33
4	| 2.68	| 2.70	| 2.60	| 0.10
5	| 6.21	| 5.85	| 6.06	| 0.35
6	| 1.49	| 1.46	| 1.46	| 0.03
7	| 5.15	| 5.27	| 5.16	| 0.12
8	| 4.60	| 4.80	| 4.65	| 0.20
9	| 0.19	| 0.17	| 0.21	| 0.04
10	| 5.41	| 5.46	| 5.30	| 0.16
11	| 1.77	| 1.74	| 1.82	| 0.08
12	| 4.47	| 4.46	| 4.54	| 0.08
13	| 5.31	| 5.29	| 5.32	| 0.04
14	| 3.49	| 3.47	| 3.53	| 0.06
15	| 5.94	| 5.97	| 6.10	| 0.16
16	| 4.85	| 4.90	| 4.88	| 0.05
17	| 0.89	| 0.83	| 0.86	| 0.07
18	| 4.40	| 4.43	| 4.31	| 0.11
19	| 1.58	| 1.59	| 1.58	| 0.01
20	| 4.06	| 4.07	| 4.00	| 0.07
21	| 5.12	| 5.08	| 5.00	| 0.13
22	| 1.09	| 1.14	| 1.09	| 0.05
23	| 0.43	| 0.44	| 0.43	| 0.01
24	| 1.57	| 1.62	| 1.61	| 0.05
25	| 2.33	| 2.28	| 2.33	| 0.05
26	| 1.06	| 1.08	| 1.07	| 0.02
27	| 3.26	| 3.22	| 3.17	| 0.09
28	| 2.75	| 2.87	| 2.72	| 0.14
29	| 5.42	| 5.39	| 5.38	| 0.04
30	| 4.45	| 4.36	| 4.42	| 0.08
31	| 5.43	| 5.45	| 5.41	| 0.04
32	| 1.87	| 1.93	| 1.88	| 0.06
33	| 4.45	| 4.50	| 4.46	| 0.06
34	| 4.20	| 4.24	| 4.31	| 0.12
35	| 0.71	| 0.69	| 0.68	| 0.03
36	| 4.54	| 4.53	| 4.50	| 0.03
37	| 4.48	| 4.40	| 4.47	| 0.07
38	| 0.68	| 0.69	| 0.76	| 0.08
39	| 3.40	| 3.31	| 3.43	| 0.11
40	| 0.49	| 0.55	| 0.49	| 0.06
41	| 4.84	| 4.62	| 4.54	| 0.30
42	| 0.60	| 0.59	| 0.58	| 0.02
43	| 5.46	| 5.63	| 5.59	| 0.17
44	| 5.82	| 5.89	| 5.74	| 0.15
45	| 2.50	| 2.54	| 2.66	| 0.16
46	| 1.51	| 1.55	| 1.54	| 0.04
47	| 6.38	| 6.32	| 6.38	| 0.06
48	| 3.64	| 3.51	| 3.48	| 0.16
49	| 1.89	| 1.86	| 1.77	| 0.12
50	| 2.98	| 3.08	| 3.02	| 0.10
51	| 6.39	| 6.38	| 6.43	| 0.05
52	| 4.20	| 4.10	| 4.07	| 0.13
53	| 2.77	| 2.80	| 2.83	| 0.06
54	| 4.24	| 4.27	| 4.32	| 0.08
55	| 1.73	| 1.78	| 1.76	| 0.05
56	| 1.77	| 1.79	| 1.82	| 0.06
57	| 2.88	| 2.87	| 2.89	| 0.02
58	| 6.19	| 6.11	| 6.21	| 0.10
59	| 0.45	| 0.48	| 0.44	| 0.04
60	| 4.52	| 4.56	| 4.61	| 0.09
61	| 3.05	| 3.14	| 3.11	| 0.09
62	| 4.20	| 4.08	| 4.07	| 0.13
63	| 4.21	| 4.22	| 4.26	| 0.05
64	| 5.10	| 5.25	| 5.13	| 0.15
65	| 2.60	| 2.73	| 2.77	| 0.17
66	| 1.48	| 1.52	| 1.56	| 0.08
67	| 5.02	| 4.91	| 4.99	| 0.11
68	| 0.34	| 0.34	| 0.38	| 0.04
69	| 0.59	| 0.57	| 0.59	| 0.01
70	| 4.37	| 4.35	| 4.38	| 0.03
71	| 0.66	| 0.65	| 0.66	| 0.01
72	| 4.95	| 4.95	| 5.07	| 0.12
73	| 5.34	| 5.31	| 5.22	| 0.12
74	| 3.41	| 3.33	| 3.26	| 0.16
75	| 3.14	| 3.14	| 3.19	| 0.05
76	| 2.96	| 3.00	| 2.92	| 0.08
77	| 5.58	| 5.36	| 5.43	| 0.22
78	| 4.41	| 4.49	| 4.50	| 0.09
79	| 5.24	| 5.22	| 5.19	| 0.05
80	| 3.85	| 3.80	| 3.82	| 0.05
81	| 4.84	| 4.96	| 4.96	| 0.12
82	| 0.54	| 0.47	| 0.45	| 0.09
83	| 1.94	| 1.84	| 1.95	| 0.11
84	| 6.32	| 6.31	| 6.60	| 0.29
85	| 3.52	| 3.47	| 3.43	| 0.09
86	| 4.38	| 4.44	| 4.52	| 0.14
87	| 2.15	| 2.30	| 2.26	| 0.16
88	| 0.99	| 0.99	| 1.00	| 0.01
89	| 2.94	| 2.90	| 2.97	| 0.08
90	| 6.31	| 6.33	| 6.42	| 0.11
91	| 5.37	| 5.34	| 5.37	| 0.02
92	| 0.47	| 0.49	| 0.47	| 0.02
93	| 4.36	| 4.07	| 4.25	| 0.29
94	| 1.15	| 1.12	| 1.12	| 0.03
95	| 3.55	| 3.60	| 3.62	| 0.07
96	| 5.80	| 5.72	| 5.75	| 0.08
97	| 0.19	| 0.19	| 0.19	| 0.00
98	| 2.14	| 2.19	| 2.19	| 0.04
99	| 2.92	| 2.94	| 3.00	| 0.07
100	| 4.46	| 4.39	| 4.49	| 0.10
101	| 4.92	| 4.94	| 5.08	| 0.17
102	| 1.46	| 1.55	| 1.50	| 0.09
103	| 5.83	| 6.07	| 5.93	| 0.23
104	| 2.69	| 2.62	| 2.61	| 0.07
105	| 1.31	| 1.23	| 1.22	| 0.09
106	| 6.51	| 6.30	| 6.29	| 0.22
107	| 3.97	| 4.22	| 4.06	| 0.25
108	| 4.16	| 4.34	| 4.32	| 0.19
109	| 0.74	| 0.74	| 0.69	| 0.05
110	| 5.93	| 6.00	| 6.02	| 0.10
111	| 0.61	| 0.63	| 0.64	| 0.03
112	| 5.12	| 5.12	| 5.12	| 0.01
113	| 0.86	| 0.88	| 0.91	| 0.05
114	| 5.82	| 5.77	| 5.66	| 0.16
115	| 1.70	| 1.75	| 1.83	| 0.13
116	| 3.93	| 3.87	| 3.91	| 0.06
117	| 0.23	| 0.27	| 0.24	| 0.04
118	| 5.37	| 5.39	| 5.52	| 0.15
119	| 6.14	| 6.37	| 6.31	| 0.23
120	| 2.45	| 2.40	| 2.42	| 0.05
121	| 2.96	| 2.97	| 2.99	| 0.03
122	| 0.41	| 0.37	| 0.41	| 0.04
123	| 3.28	| 3.31	| 3.24	| 0.07
124	| 0.12	| 0.13	| 0.14	| 0.02
125	| 3.09	| 3.17	| 3.10	| 0.09
126	| 2.52	| 2.47	| 2.48	| 0.05
127	| 2.03	| 1.92	| 1.95	| 0.11
128	| 3.01	| 3.06	| 3.12	| 0.10
129	| 0.79	| 0.78	| 0.78	| 0.01
130	| 0.20	| 0.18	| 0.19	| 0.02
131	| 6.34	| 6.36	| 6.48	| 0.14
132	| 0.15	| 0.15	| 0.16	| 0.01
133	| 3.34	| 3.40	| 3.16	| 0.24
134	| 3.55	| 3.67	| 3.57	| 0.11
135	| 3.42	| 3.29	| 3.30	| 0.12
136	| 4.86	| 4.80	| 4.73	| 0.13
137	| 3.22	| 3.09	| 3.09	| 0.13
138	| 5.71	| 5.79	| 5.74	| 0.08
139	| 5.74	| 5.88	| 5.75	| 0.13
140	| 6.37	| 6.30	| 6.39	| 0.09
141	| 5.71	| 5.56	| 5.64	| 0.15
142	| 5.59	| 5.59	| 5.68	| 0.10
143	| 1.48	| 1.49	| 1.44	| 0.05
144	| 4.79	| 4.90	| 4.87	| 0.11
145	| 0.68	| 0.68	| 0.65	| 0.03
146	| 0.70	| 0.64	| 0.70	| 0.06
147	| 2.10	| 2.04	| 2.10	| 0.07
148	| 1.34	| 1.37	| 1.37	| 0.03
149	| 1.37	| 1.35	| 1.40	| 0.06
150	| 3.22	| 3.26	| 3.34	| 0.12
151	| 3.76	| 3.92	| 3.81	| 0.16
152	| 6.11	| 6.12	| 6.12	| 0.02
153	| 2.83	| 2.82	| 2.83	| 0.01
154	| 0.11	| 0.11	| 0.12	| 0.01
155	| 6.12	| 6.08	| 5.97	| 0.15
156	| 6.11	| 5.85	| 5.98	| 0.26
157	| 4.42	| 4.59	| 4.41	| 0.18
158	| 5.94	| 5.96	| 6.05	| 0.11
159	| 1.33	| 1.30	| 1.24	| 0.08
160	| 3.25	| 3.19	| 3.27	| 0.08
161	| 1.95	| 1.91	| 1.82	| 0.13
162	| 0.11	| 0.13	| 0.13	| 0.03
163	| 6.12	| 6.11	| 6.10	| 0.02
164	| 6.23	| 6.19	| 6.41	| 0.22
165	| 3.89	| 3.68	| 3.82	| 0.20
166	| 6.19	| 6.31	| 6.21	| 0.13
167	| 3.97	| 4.15	| 4.01	| 0.18
168	| 4.30	| 4.25	| 4.23	| 0.07
169	| 1.25	| 1.23	| 1.26	| 0.03
170	| 6.27	| 6.16	| 6.15	| 0.12
171	| 0.76	| 0.77	| 0.78	| 0.01
172	| 3.31	| 3.23	| 3.25	| 0.08
173	| 2.39	| 2.25	| 2.28	| 0.14
174	| 3.97	| 3.95	| 4.02	| 0.07
175	| 0.38	| 0.44	| 0.45	| 0.07
176	| 5.25	| 5.31	| 5.29	| 0.05
177	| 1.78	| 1.74	| 1.71	| 0.07
178	| 1.37	| 1.34	| 1.26	| 0.11
179	| 4.94	| 4.83	| 4.87	| 0.11
180	| 0.91	| 0.86	| 0.83	| 0.08
181	| 2.12	| 2.19	| 2.07	| 0.12
182	| 4.23	| 4.25	| 4.23	| 0.03
183	| 0.52	| 0.54	| 0.51	| 0.03
184	| 5.47	| 5.64	| 5.59	| 0.17
185	| 1.23	| 1.19	| 1.19	| 0.03
186	| 2.24	| 2.36	| 2.30	| 0.12
187	| 3.21	| 3.22	| 3.28	| 0.07
188	| 4.32	| 4.41	| 4.21	| 0.20
189	| 0.71	| 0.69	| 0.71	| 0.03
190	| 4.38	| 4.56	| 4.50	| 0.19
191	| 3.03	| 3.08	| 3.03	| 0.05
192	| 0.04	| 0.03	| 0.04	| 0.01
193	| 5.05	| 5.14	| 5.12	| 0.09
194	| 5.17	| 5.14	| 5.23	| 0.08
195	| 1.62	| 1.64	| 1.66	| 0.04
196	| 3.18	| 3.03	| 3.18	| 0.15
197	| 4.30	| 4.25	| 4.29	| 0.05
198	| 0.51	| 0.47	| 0.53	| 0.05
199	| 2.65	| 2.83	| 2.64	| 0.18
200	| 1.26	| 1.34	| 1.34	| 0.08
201	| 3.83	| 3.87	| 3.79	| 0.09
202	| 2.96	| 2.99	| 3.00	| 0.04
203	| 3.60	| 3.64	| 3.53	| 0.11
204	| 4.01	| 4.04	| 4.03	| 0.04
205	| 1.92	| 1.94	| 1.94	| 0.02
206	| 2.57	| 2.55	| 2.61	| 0.06
207	| 1.42	| 1.49	| 1.54	| 0.12
208	| 3.90	| 3.94	| 3.90	| 0.05
209	| 3.04	| 3.05	| 3.07	| 0.04
210	| 5.05	| 5.00	| 4.98	| 0.08
211	| 2.88	| 2.89	| 2.91	| 0.03
212	| 4.97	| 5.06	| 4.95	| 0.11
213	| 3.14	| 2.96	| 3.04	| 0.17
214	| 4.18	| 4.25	| 4.09	| 0.16
215	| 3.11	| 2.94	| 3.03	| 0.17
216	| 5.53	| 5.59	| 5.48	| 0.11
217	| 0.74	| 0.69	| 0.70	| 0.06
218	| 2.60	| 2.59	| 2.69	| 0.10
219	| 3.84	| 3.80	| 3.74	| 0.10
220	| 4.00	| 4.03	| 4.13	| 0.12
221	| 3.98	| 3.92	| 3.99	| 0.06
222	| 0.61	| 0.57	| 0.58	| 0.03
223	| 0.73	| 0.72	| 0.72	| 0.01
224	| 0.90	| 0.93	| 0.93	| 0.03
225	| 6.03	| 5.97	| 5.88	| 0.15
226	| 1.09	| 1.08	| 1.04	| 0.05
227	| 2.46	| 2.55	| 2.47	| 0.09
228	| 1.90	| 1.88	| 1.92	| 0.03
229	| 4.66	| 4.52	| 4.62	| 0.14
230	| 0.27	| 0.29	| 0.26	| 0.02
231	| 3.74	| 3.65	| 3.62	| 0.12
232	| 0.63	| 0.58	| 0.63	| 0.05
233	| 5.72	| 5.66	| 5.70	| 0.06
234	| 0.24	| 0.23	| 0.20	| 0.04
235	| 1.53	| 1.54	| 1.46	| 0.08
236	| 4.68	| 4.68	| 4.81	| 0.13
237	| 0.01	| 0.01	| 0.02	| 0.01
238	| 4.67	| 4.75	| 4.71	| 0.09
239	| 3.33	| 3.56	| 3.45	| 0.23
240	| 6.05	| 6.29	| 6.25	| 0.24
241	| 5.09	| 4.96	| 5.22	| 0.27
242	| 3.94	| 3.93	| 3.94	| 0.01
243	| 5.96	| 6.08	| 5.92	| 0.16
244	| 3.46	| 3.55	| 3.54	| 0.09
245	| 5.82	| 5.89	| 5.88	| 0.08
246	| 0.95	| 0.93	| 0.96	| 0.03
247	| 0.06	| 0.04	| 0.04	| 0.01
248	| 0.12	| 0.10	| 0.11	| 0.01
249	| 2.42	| 2.53	| 2.45	| 0.11
250	| 3.35	| 3.29	| 3.32	| 0.06
251	| 4.45	| 4.42	| 4.31	| 0.14
252	| 1.74	| 1.82	| 1.85	| 0.11
253	| 6.08	| 6.17	| 6.21	| 0.14
254	| 0.89	| 0.88	| 0.88	| 0.01
255	| 0.29	| 0.28	| 0.33	| 0.04
256	| 6.44	| 6.32	| 6.47	| 0.15
257	| 1.57	| 1.54	| 1.61	| 0.07
258	| 0.43	| 0.40	| 0.42	| 0.03
259	| 1.11	| 1.06	| 1.06	| 0.05
260	| 3.10	| 3.16	| 3.11	| 0.05
261	| 3.21	| 3.10	| 3.02	| 0.20
262	| 3.28	| 3.27	| 3.27	| 0.01
263	| 3.33	| 3.36	| 3.32	| 0.04
264	| 6.13	| 6.30	| 6.25	| 0.17
265	| 0.44	| 0.39	| 0.39	| 0.05
266	| 2.59	| 2.60	| 2.61	| 0.02
267	| 0.57	| 0.56	| 0.56	| 0.02
268	| 5.45	| 5.48	| 5.54	| 0.10
269	| 3.33	| 3.51	| 3.44	| 0.18
270	| 3.93	| 3.98	| 3.98	| 0.05
271	| 1.54	| 1.43	| 1.35	| 0.20
272	| 1.50	| 1.59	| 1.58	| 0.08
273	| 5.10	| 5.19	| 5.13	| 0.09
274	| 5.28	| 5.30	| 5.16	| 0.13
275	| 3.51	| 3.49	| 3.58	| 0.09
276	| 6.33	| 6.40	| 6.35	| 0.07
277	| 5.96	| 5.80	| 6.01	| 0.20
278	| 2.78	| 2.65	| 2.59	| 0.19
279	| 5.48	| 5.45	| 5.33	| 0.14
280	| 5.63	| 5.72	| 5.70	| 0.09
281	| 0.87	| 0.86	| 0.89	| 0.03
282	| 6.52	| 6.47	| 6.55	| 0.08
283	| 0.94	| 0.87	| 0.94	| 0.07
284	| 3.64	| 3.59	| 3.63	| 0.05
285	| 1.47	| 1.53	| 1.37	| 0.17
286	| 3.39	| 3.43	| 3.29	| 0.14
287	| 5.01	| 5.06	| 4.93	| 0.13
288	| 2.65	| 2.76	| 2.76	| 0.11
289	| 0.79	| 0.78	| 0.78	| 0.02
290	| 5.07	| 4.92	| 4.90	| 0.17
291	| 4.87	| 4.92	| 4.74	| 0.19
292	| 4.76	| 4.91	| 4.78	| 0.15
293	| 5.12	| 5.13	| 4.98	| 0.15
294	| 1.34	| 1.28	| 1.37	| 0.09
295	| 1.05	| 1.06	| 1.08	| 0.03
296	| 0.56	| 0.51	| 0.56	| 0.06
297	| 3.47	| 3.41	| 3.52	| 0.11
298	| 1.35	| 1.30	| 1.30	| 0.05
299	| 3.92	| 3.81	| 3.85	| 0.11
300	| 5.64	| 5.72	| 5.59	| 0.13
301	| 2.56	| 2.47	| 2.46	| 0.10
302	| 4.42	| 4.33	| 4.21	| 0.21
303	| 6.36	| 6.41	| 6.41	| 0.05
304	| 0.36	| 0.34	| 0.39	| 0.05
305	| 3.76	| 3.64	| 3.67	| 0.12
306	| 1.42	| 1.44	| 1.39	| 0.05
307	| 3.83	| 3.90	| 3.78	| 0.11
308	| 3.82	| 3.82	| 3.79	| 0.03
309	| 4.78	| 4.88	| 4.75	| 0.13
310	| 2.29	| 2.29	| 2.30	| 0.00
311	| 1.92	| 1.78	| 1.88	| 0.14
312	| 4.06	| 4.12	| 3.98	| 0.14
313	| 2.61	| 2.73	| 2.71	| 0.13
314	| 3.74	| 3.85	| 3.79	| 0.11
315	| 1.21	| 1.30	| 1.24	| 0.09
316	| 1.51	| 1.55	| 1.53	| 0.04
317	| 5.11	| 5.01	| 5.05	| 0.10
318	| 0.18	| 0.18	| 0.19	| 0.01
319	| 0.44	| 0.43	| 0.48	| 0.05
320	| 5.11	| 5.10	| 5.22	| 0.13
321	| 1.20	| 1.23	| 1.21	| 0.03
322	| 0.37	| 0.37	| 0.36	| 0.01
323	| 3.19	| 3.19	| 3.24	| 0.05
324	| 5.64	| 5.65	| 5.68	| 0.05
325	| 3.60	| 3.66	| 3.73	| 0.13
326	| 4.46	| 4.39	| 4.43	| 0.07
327	| 2.55	| 2.52	| 2.54	| 0.03
328	| 2.54	| 2.56	| 2.60	| 0.07
329	| 3.67	| 3.73	| 3.72	| 0.06
330	| 3.00	| 2.98	| 2.88	| 0.12
331	| 2.56	| 2.48	| 2.56	| 0.08
332	| 6.53	| 6.35	| 6.49	| 0.18
333	| 1.12	| 1.04	| 1.05	| 0.08
334	| 2.62	| 2.75	| 2.77	| 0.14
335	| 2.82	| 2.76	| 2.81	| 0.07
336	| 3.37	| 3.36	| 3.41	| 0.06
337	| 1.66	| 1.69	| 1.70	| 0.03
338	| 5.39	| 5.24	| 5.24	| 0.16
339	| 0.34	| 0.36	| 0.37	| 0.03
340	| 3.55	| 3.61	| 3.59	| 0.07
341	| 2.63	| 2.71	| 2.66	| 0.08
342	| 0.14	| 0.11	| 0.12	| 0.03
343	| 1.70	| 1.72	| 1.73	| 0.03
344	| 5.80	| 5.79	| 5.77	| 0.04
345	| 4.85	| 4.72	| 4.65	| 0.21
346	| 2.40	| 2.41	| 2.40	| 0.01
347	| 0.89	| 0.94	| 0.99	| 0.10
348	| 0.46	| 0.48	| 0.49	| 0.03
349	| 1.07	| 1.00	| 0.99	| 0.08
350	| 5.79	| 6.02	| 5.80	| 0.23
351	| 3.07	| 3.11	| 3.12	| 0.05
352	| 2.02	| 2.01	| 2.04	| 0.03
353	| 5.18	| 5.44	| 5.15	| 0.29
354	| 3.44	| 3.44	| 3.53	| 0.09
355	| 4.77	| 4.85	| 4.84	| 0.08
356	| 1.09	| 1.15	| 1.14	| 0.06
357	| 6.25	| 6.21	| 6.08	| 0.18
358	| 0.60	| 0.64	| 0.61	| 0.04
359	| 0.62	| 0.60	| 0.64	| 0.05
360	| 3.48	| 3.47	| 3.50	| 0.03
361	| 6.22	| 6.27	| 6.11	| 0.16
362	| 1.03	| 1.01	| 1.01	| 0.02
363	| 5.05	| 5.02	| 5.03	| 0.03
364	| 5.55	| 5.66	| 5.50	| 0.17
365	| 0.61	| 0.63	| 0.63	| 0.03
366	| 2.50	| 2.53	| 2.47	| 0.06
367	| 1.15	| 1.10	| 1.14	| 0.04
368	| 3.51	| 3.60	| 3.57	| 0.09
369	| 2.12	| 2.14	| 2.06	| 0.08
370	| 4.15	| 4.17	| 4.17	| 0.03
371	| 5.28	| 5.31	| 5.41	| 0.13
372	| 0.43	| 0.45	| 0.42	| 0.03
373	| 3.01	| 3.11	| 3.01	| 0.10
374	| 5.96	| 6.07	| 5.82	| 0.25
375	| 3.44	| 3.27	| 3.39	| 0.17
376	| 3.89	| 3.93	| 3.98	| 0.09
377	| 2.68	| 2.70	| 2.62	| 0.07
378	| 5.59	| 5.52	| 5.53	| 0.07
379	| 3.67	| 3.69	| 3.67	| 0.02
380	| 5.38	| 5.25	| 5.18	| 0.19
381	| 0.30	| 0.33	| 0.31	| 0.03
382	| 4.93	| 4.96	| 5.09	| 0.16
383	| 4.07	| 3.89	| 4.01	| 0.18
384	| 6.37	| 6.27	| 6.34	| 0.10
385	| 6.49	| 6.51	| 6.40	| 0.11
386	| 6.37	| 6.37	| 6.55	| 0.18
387	| 5.03	| 4.99	| 4.94	| 0.09
388	| 1.48	| 1.45	| 1.48	| 0.03
389	| 3.36	| 3.29	| 3.28	| 0.08
390	| 0.07	| 0.07	| 0.07	| 0.00
391	| 5.93	| 5.80	| 6.02	| 0.22
392	| 3.30	| 3.23	| 3.33	| 0.10
393	| 1.57	| 1.61	| 1.69	| 0.12
394	| 0.35	| 0.30	| 0.32	| 0.05
395	| 4.45	| 4.53	| 4.37	| 0.16
396	| 3.46	| 3.54	| 3.61	| 0.15
397	| 0.57	| 0.50	| 0.52	| 0.07
398	| 4.84	| 4.92	| 4.79	| 0.13
399	| 5.18	| 5.32	| 5.32	| 0.14
400	| 5.64	| 5.65	| 5.63	| 0.03
401	| 0.20	| 0.19	| 0.19	| 0.01
402	| 4.84	| 4.83	| 4.94	| 0.10
403	| 2.83	| 2.82	| 2.77	| 0.07
404	| 5.35	| 5.10	| 5.28	| 0.25
405	| 3.17	| 3.10	| 3.14	| 0.07
406	| 0.87	| 0.84	| 0.81	| 0.06
407	| 5.13	| 5.02	| 5.12	| 0.11
408	| 1.57	| 1.55	| 1.62	| 0.07
409	| 6.56	| 6.34	| 6.36	| 0.22
410	| 4.26	| 4.17	| 4.24	| 0.09
411	| 4.20	| 4.09	| 4.11	| 0.11
412	| 5.56	| 5.38	| 5.37	| 0.19
413	| 1.99	| 1.86	| 2.01	| 0.15
414	| 3.30	| 3.31	| 3.29	| 0.02
415	| 4.90	| 5.00	| 5.08	| 0.18
416	| 5.17	| 5.17	| 5.16	| 0.01
417	| 4.87	| 5.08	| 4.94	| 0.21
418	| 0.70	| 0.65	| 0.68	| 0.05
419	| 2.14	| 2.15	| 2.15	| 0.01
420	| 6.48	| 6.28	| 6.42	| 0.19
421	| 5.85	| 6.01	| 5.79	| 0.23
422	| 5.33	| 5.22	| 5.24	| 0.11
423	| 4.22	| 4.08	| 4.16	| 0.14
424	| 2.00	| 1.97	| 1.91	| 0.08
425	| 6.52	| 6.40	| 6.51	| 0.12
426	| 4.00	| 3.82	| 4.02	| 0.21
427	| 5.47	| 5.42	| 5.46	| 0.05
428	| 4.68	| 4.56	| 4.71	| 0.15
429	| 2.90	| 2.93	| 2.88	| 0.05
430	| 2.82	| 2.67	| 2.73	| 0.15
431	| 0.46	| 0.43	| 0.45	| 0.03
432	| 1.60	| 1.66	| 1.69	| 0.08
433	| 3.24	| 3.32	| 3.35	| 0.11
434	| 0.96	| 0.98	| 0.97	| 0.02
435	| 1.93	| 2.01	| 1.97	| 0.08
436	| 1.86	| 1.99	| 1.84	| 0.15
437	| 6.55	| 6.42	| 6.51	| 0.13
438	| 3.92	| 3.77	| 3.83	| 0.15
439	| 5.04	| 5.05	| 5.15	| 0.11
440	| 6.40	| 6.41	| 6.36	| 0.05
441	| 4.97	| 5.03	| 5.09	| 0.12
442	| 2.88	| 3.00	| 3.00	| 0.12
443	| 6.00	| 5.94	| 6.04	| 0.10
444	| 1.79	| 1.66	| 1.78	| 0.13
445	| 0.66	| 0.62	| 0.59	| 0.07
446	| 2.06	| 2.14	| 2.20	| 0.15
447	| 4.54	| 4.57	| 4.60	| 0.06
448	| 2.51	| 2.57	| 2.69	| 0.18
449	| 4.47	| 4.50	| 4.45	| 0.05
450	| 4.63	| 4.64	| 4.75	| 0.11
451	| 3.33	| 3.36	| 3.26	| 0.10
452	| 1.52	| 1.47	| 1.45	| 0.07
453	| 4.38	| 4.31	| 4.24	| 0.14
454	| 2.54	| 2.56	| 2.52	| 0.03
455	| 3.51	| 3.44	| 3.51	| 0.07
456	| 1.07	| 1.07	| 1.04	| 0.02
457	| 1.93	| 2.06	| 1.94	| 0.13
458	| 2.72	| 2.72	| 2.71	| 0.02
459	| 5.55	| 5.75	| 5.63	| 0.20
460	| 3.26	| 3.34	| 3.34	| 0.08
461	| 6.16	| 5.93	| 5.99	| 0.23
462	| 3.01	| 2.93	| 2.99	| 0.08
463	| 2.57	| 2.56	| 2.50	| 0.07
464	| 5.63	| 5.53	| 5.58	| 0.11
465	| 4.78	| 4.69	| 4.89	| 0.20
466	| 3.74	| 3.78	| 3.84	| 0.09
467	| 3.96	| 3.96	| 3.95	| 0.01
468	| 6.17	| 6.09	| 6.04	| 0.13
469	| 5.16	| 5.08	| 5.20	| 0.12
470	| 5.47	| 5.47	| 5.40	| 0.08
471	| 1.22	| 1.20	| 1.24	| 0.05
472	| 3.71	| 3.65	| 3.70	| 0.06
473	| 2.01	| 1.98	| 2.03	| 0.06
474	| 1.55	| 1.64	| 1.59	| 0.09
475	| 6.08	| 6.04	| 6.02	| 0.06
476	| 4.69	| 4.86	| 4.81	| 0.18
477	| 3.46	| 3.50	| 3.53	| 0.07
478	| 6.28	| 6.49	| 6.39	| 0.21
479	| 4.22	| 4.29	| 4.31	| 0.09
480	| 5.30	| 5.54	| 5.40	| 0.24
481	| 0.51	| 0.47	| 0.51	| 0.04
482	| 0.51	| 0.51	| 0.47	| 0.04
483	| 3.75	| 3.83	| 3.85	| 0.11
484	| 4.21	| 4.27	| 4.33	| 0.12
485	| 2.69	| 2.84	| 2.69	| 0.15
486	| 2.41	| 2.43	| 2.42	| 0.02
487	| 0.04	| 0.04	| 0.03	| 0.01
488	| 3.21	| 3.22	| 3.33	| 0.12
489	| 3.25	| 3.31	| 3.23	| 0.08
490	| 1.59	| 1.65	| 1.69	| 0.10
491	| 1.54	| 1.56	| 1.50	| 0.06
492	| 2.60	| 2.53	| 2.55	| 0.07
493	| 1.23	| 1.26	| 1.18	| 0.08
494	| 1.15	| 1.14	| 1.12	| 0.02
495	| 5.48	| 5.31	| 5.40	| 0.18
496	| 2.38	| 2.53	| 2.44	| 0.14
497	| 2.27	| 2.23	| 2.17	| 0.09
498	| 3.88	| 3.83	| 3.91	| 0.08
499	| 2.34	| 2.36	| 2.31	| 0.05
500	| 3.81	| 3.85	| 3.80	| 0.05
501	| 2.60	| 2.70	| 2.60	| 0.10
502	| 0.87	| 0.90	| 0.91	| 0.04
503	| 5.54	| 5.68	| 5.72	| 0.17
504	| 4.88	| 4.93	| 4.88	| 0.05
505	| 5.63	| 5.62	| 5.80	| 0.18
506	| 4.31	| 4.17	| 4.20	| 0.13
507	| 2.52	| 2.53	| 2.59	| 0.07
508	| 6.04	| 5.84	| 5.93	| 0.20
509	| 2.06	| 1.98	| 2.15	| 0.17
510	| 4.24	| 4.20	| 4.25	| 0.05
511	| 2.10	| 2.18	| 2.13	| 0.08
512	| 1.86	| 1.79	| 1.79	| 0.07
513	| 5.84	| 5.75	| 5.87	| 0.12
514	| 0.74	| 0.76	| 0.74	| 0.02
515	| 0.31	| 0.27	| 0.30	| 0.04
516	| 0.60	| 0.57	| 0.56	| 0.04
517	| 5.50	| 5.49	| 5.56	| 0.07
518	| 5.71	| 5.81	| 5.67	| 0.14
519	| 2.72	| 2.80	| 2.71	| 0.09
520	| 4.57	| 4.49	| 4.57	| 0.08
521	| 4.48	| 4.54	| 4.32	| 0.22
522	| 4.04	| 3.96	| 3.88	| 0.17
523	| 1.88	| 1.91	| 1.99	| 0.11
524	| 0.38	| 0.42	| 0.40	| 0.03
525	| 0.58	| 0.59	| 0.68	| 0.10
526	| 1.71	| 1.69	| 1.72	| 0.03
527	| 5.42	| 5.43	| 5.41	| 0.02
528	| 1.15	| 1.17	| 1.15	| 0.02
529	| 1.10	| 1.03	| 1.11	| 0.08
530	| 2.35	| 2.32	| 2.38	| 0.06
531	| 1.04	| 1.00	| 1.05	| 0.05
532	| 2.01	| 1.98	| 2.04	| 0.06
533	| 4.34	| 4.38	| 4.47	| 0.13
534	| 4.42	| 4.36	| 4.36	| 0.05
535	| 6.33	| 6.48	| 6.22	| 0.26
536	| 2.24	| 2.17	| 2.16	| 0.08
537	| 1.33	| 1.43	| 1.36	| 0.10
538	| 2.31	| 2.25	| 2.30	| 0.06
539	| 0.99	| 1.02	| 1.05	| 0.07
540	| 4.76	| 4.81	| 4.84	| 0.08
541	| 1.31	| 1.30	| 1.29	| 0.02
542	| 0.33	| 0.35	| 0.34	| 0.02
543	| 2.67	| 2.80	| 2.63	| 0.17
544	| 4.88	| 4.80	| 4.91	| 0.11
545	| 3.35	| 3.51	| 3.41	| 0.16
546	| 6.03	| 5.94	| 5.94	| 0.10
547	| 5.90	| 5.94	| 5.99	| 0.09
548	| 4.56	| 4.58	| 4.46	| 0.12
549	| 5.61	| 5.43	| 5.49	| 0.18
550	| 0.05	| 0.05	| 0.04	| 0.02
551	| 2.80	| 2.74	| 2.82	| 0.08
552	| 6.18	| 6.27	| 6.20	| 0.10
553	| 5.50	| 5.61	| 5.53	| 0.11
554	| 3.14	| 3.06	| 3.09	| 0.08
555	| 0.14	| 0.12	| 0.14	| 0.01
556	| 3.52	| 3.61	| 3.52	| 0.10
557	| 1.60	| 1.64	| 1.59	| 0.05
558	| 2.33	| 2.27	| 2.36	| 0.09
559	| 3.71	| 3.71	| 3.73	| 0.02
560	| 2.77	| 2.84	| 2.84	| 0.07
561	| 6.12	| 5.99	| 6.03	| 0.13
562	| 0.46	| 0.50	| 0.50	| 0.04
563	| 0.51	| 0.49	| 0.53	| 0.04
564	| 2.16	| 2.17	| 2.17	| 0.01
565	| 3.88	| 3.79	| 3.91	| 0.12
566	| 0.06	| 0.07	| 0.08	| 0.01
567	| 4.10	| 4.05	| 4.07	| 0.05
568	| 3.58	| 3.70	| 3.70	| 0.12
569	| 2.55	| 2.55	| 2.58	| 0.04
570	| 2.40	| 2.36	| 2.28	| 0.12
571	| 0.66	| 0.61	| 0.64	| 0.05
572	| 0.68	| 0.66	| 0.70	| 0.04
573	| 3.07	| 3.08	| 3.10	| 0.02
574	| 1.95	| 2.02	| 2.01	| 0.07
575	| 3.44	| 3.51	| 3.45	| 0.06
576	| 6.03	| 6.00	| 6.10	| 0.11
577	| 1.82	| 1.81	| 1.72	| 0.10
578	| 2.16	| 2.17	| 2.25	| 0.09
579	| 3.70	| 3.63	| 3.77	| 0.14
580	| 3.73	| 3.75	| 3.79	| 0.06
581	| 1.70	| 1.61	| 1.63	| 0.08
582	| 3.05	| 3.00	| 3.04	| 0.05
583	| 5.19	| 5.38	| 5.31	| 0.18
584	| 3.77	| 3.82	| 3.86	| 0.09
585	| 5.10	| 5.02	| 4.97	| 0.13
586	| 0.90	| 0.91	| 0.90	| 0.01
587	| 2.80	| 2.83	| 2.88	| 0.07
588	| 3.64	| 3.65	| 3.52	| 0.13
589	| 4.42	| 4.44	| 4.50	| 0.08
590	| 3.43	| 3.48	| 3.54	| 0.11
591	| 2.59	| 2.56	| 2.53	| 0.06
592	| 3.31	| 3.22	| 3.25	| 0.08
593	| 1.82	| 1.80	| 1.82	| 0.02
594	| 0.86	| 0.87	| 0.82	| 0.06
595	| 4.20	| 4.19	| 4.25	| 0.06
596	| 6.16	| 6.22	| 6.25	| 0.10
597	| 5.11	| 5.15	| 5.06	| 0.09
598	| 2.82	| 2.72	| 2.82	| 0.10
599	| 6.48	| 6.23	| 6.42	| 0.24
600	| 0.51	| 0.52	| 0.50	| 0.02
601	| 1.24	| 1.21	| 1.19	| 0.05
602	| 1.84	| 1.81	| 1.80	| 0.03
603	| 3.61	| 3.67	| 3.70	| 0.10
604	| 0.17	| 0.16	| 0.17	| 0.01
605	| 4.63	| 4.59	| 4.78	| 0.19
606	| 5.41	| 5.56	| 5.58	| 0.17
607	| 5.68	| 5.82	| 5.83	| 0.14
608	| 5.14	| 5.06	| 5.06	| 0.09
609	| 3.18	| 3.16	| 3.16	| 0.02
610	| 2.32	| 2.38	| 2.31	| 0.07
611	| 5.97	| 5.91	| 6.09	| 0.18
612	| 0.68	| 0.66	| 0.66	| 0.02
613	| 4.31	| 4.28	| 4.31	| 0.03
614	| 5.17	| 5.22	| 5.29	| 0.12
615	| 2.56	| 2.57	| 2.59	| 0.04
616	| 5.57	| 5.67	| 5.62	| 0.10
617	| 5.91	| 5.91	| 6.10	| 0.19
618	| 3.07	| 3.06	| 3.12	| 0.07
619	| 4.47	| 4.54	| 4.63	| 0.15
620	| 3.14	| 3.31	| 3.21	| 0.17
621	| 4.07	| 4.16	| 4.08	| 0.08
622	| 4.24	| 4.16	| 4.08	| 0.16
623	| 1.55	| 1.44	| 1.54	| 0.11
624	| 0.00	| 0.01	| 0.01	| 0.00
625	| 2.62	| 2.57	| 2.56	| 0.07
626	| 3.39	| 3.35	| 3.43	| 0.08
627	| 0.75	| 0.75	| 0.75	| 0.00
628	| 1.40	| 1.30	| 1.26	| 0.14
629	| 0.54	| 0.58	| 0.60	| 0.06
630	| 2.19	| 2.11	| 2.16	| 0.08
631	| 3.04	| 3.00	| 3.05	| 0.04
632	| 5.13	| 5.00	| 5.03	| 0.12
633	| 4.45	| 4.46	| 4.46	| 0.01
634	| 0.43	| 0.39	| 0.42	| 0.04
635	| 5.37	| 5.35	| 5.25	| 0.12
636	| 4.60	| 4.62	| 4.71	| 0.12
637	| 1.93	| 1.96	| 1.99	| 0.06
638	| 4.76	| 4.67	| 4.70	| 0.10
639	| 3.07	| 3.04	| 2.97	| 0.10
640	| 1.72	| 1.67	| 1.78	| 0.11
641	| 5.87	| 5.87	| 5.94	| 0.08
642	| 5.15	| 5.26	| 5.19	| 0.11
643	| 3.83	| 3.88	| 3.70	| 0.17
644	| 5.79	| 5.81	| 5.87	| 0.08
645	| 6.07	| 6.18	| 6.09	| 0.11
646	| 1.82	| 1.94	| 1.85	| 0.11
647	| 5.42	| 5.52	| 5.54	| 0.12
648	| 3.99	| 3.96	| 3.96	| 0.02
649	| 2.12	| 2.14	| 2.10	| 0.04
650	| 0.75	| 0.77	| 0.76	| 0.02
651	| 5.59	| 5.60	| 5.65	| 0.06
652	| 1.78	| 1.75	| 1.77	| 0.03
653	| 4.54	| 4.48	| 4.54	| 0.06
654	| 4.35	| 4.29	| 4.24	| 0.11
655	| 3.30	| 3.15	| 3.25	| 0.16
656	| 1.01	| 1.01	| 1.06	| 0.06
657	| 2.17	| 2.19	| 2.18	| 0.02
658	| 4.96	| 4.91	| 4.86	| 0.11
659	| 5.14	| 5.10	| 5.15	| 0.05
660	| 1.39	| 1.41	| 1.45	| 0.06
661	| 1.28	| 1.32	| 1.29	| 0.04
662	| 4.00	| 4.09	| 3.98	| 0.11
663	| 1.93	| 1.85	| 1.87	| 0.08
664	| 5.66	| 5.68	| 5.71	| 0.06
665	| 4.89	| 4.81	| 4.76	| 0.13
666	| 6.25	| 6.22	| 6.30	| 0.08
667	| 6.28	| 6.30	| 6.28	| 0.03
668	| 1.32	| 1.40	| 1.39	| 0.07
669	| 2.88	| 2.89	| 3.06	| 0.17
670	| 0.44	| 0.47	| 0.43	| 0.05
671	| 0.62	| 0.58	| 0.55	| 0.07
672	| 5.70	| 5.75	| 5.77	| 0.07
673	| 2.89	| 2.91	| 2.94	| 0.05
674	| 5.35	| 5.59	| 5.31	| 0.28
675	| 3.19	| 3.08	| 3.13	| 0.11
676	| 0.31	| 0.28	| 0.25	| 0.05
677	| 3.34	| 3.35	| 3.44	| 0.10
678	| 2.22	| 2.24	| 2.14	| 0.11
679	| 3.85	| 3.95	| 3.95	| 0.10
680	| 1.75	| 1.83	| 1.83	| 0.08
681	| 4.21	| 4.27	| 4.22	| 0.06
682	| 2.43	| 2.38	| 2.41	| 0.05
683	| 4.89	| 4.72	| 4.76	| 0.17
684	| 4.90	| 4.93	| 4.98	| 0.08
685	| 2.12	| 2.10	| 2.09	| 0.02
686	| 3.57	| 3.47	| 3.57	| 0.10
687	| 2.83	| 2.87	| 2.99	| 0.16
688	| 2.70	| 2.58	| 2.62	| 0.12
689	| 1.25	| 1.25	| 1.23	| 0.02
690	| 5.43	| 5.36	| 5.36	| 0.07
691	| 1.74	| 1.70	| 1.69	| 0.06
692	| 5.31	| 5.35	| 5.43	| 0.12
693	| 3.79	| 3.76	| 3.77	| 0.03
694	| 3.57	| 3.72	| 3.56	| 0.16
695	| 4.86	| 5.04	| 4.96	| 0.18
696	| 6.04	| 5.94	| 5.92	| 0.11
697	| 4.77	| 4.93	| 4.87	| 0.16
698	| 6.02	| 6.11	| 5.95	| 0.16
699	| 1.46	| 1.52	| 1.50	| 0.06
700	| 2.09	| 2.06	| 2.05	| 0.04
701	| 5.80	| 5.80	| 5.76	| 0.04
702	| 1.66	| 1.63	| 1.65	| 0.03
703	| 3.23	| 3.15	| 3.09	| 0.14
704	| 5.58	| 5.42	| 5.55	| 0.16
705	| 2.43	| 2.34	| 2.31	| 0.13
706	| 1.23	| 1.26	| 1.21	| 0.06
707	| 5.37	| 5.42	| 5.43	| 0.06
708	| 0.31	| 0.33	| 0.33	| 0.02
709	| 3.19	| 3.16	| 3.24	| 0.08
710	| 6.25	| 6.20	| 6.44	| 0.24
711	| 4.86	| 4.77	| 4.83	| 0.08
712	| 0.67	| 0.65	| 0.63	| 0.04
713	| 6.32	| 6.47	| 6.35	| 0.15
714	| 0.05	| 0.05	| 0.06	| 0.01
715	| 2.65	| 2.69	| 2.76	| 0.11
716	| 4.77	| 4.83	| 4.82	| 0.07
717	| 5.32	| 5.28	| 5.30	| 0.04
718	| 3.87	| 3.77	| 3.89	| 0.12
719	| 4.34	| 4.25	| 4.37	| 0.12
720	| 5.50	| 5.62	| 5.62	| 0.11
721	| 0.30	| 0.27	| 0.24	| 0.05
722	| 4.68	| 4.79	| 4.72	| 0.12
723	| 0.48	| 0.48	| 0.48	| 0.01
724	| 3.00	| 3.02	| 3.18	| 0.17
725	| 0.76	| 0.78	| 0.79	| 0.03
726	| 4.99	| 5.21	| 5.26	| 0.27
727	| 3.74	| 3.80	| 3.77	| 0.06
728	| 4.46	| 4.54	| 4.46	| 0.09
729	| 3.01	| 2.80	| 2.94	| 0.21
730	| 2.67	| 2.78	| 2.79	| 0.12
731	| 3.89	| 3.98	| 3.97	| 0.08
732	| 2.53	| 2.40	| 2.40	| 0.14
733	| 5.82	| 5.85	| 5.87	| 0.04
734	| 3.97	| 3.90	| 3.91	| 0.07
735	| 1.59	| 1.63	| 1.63	| 0.04
736	| 6.10	| 6.22	| 6.25	| 0.15
737	| 3.24	| 3.07	| 3.20	| 0.17
738	| 0.57	| 0.53	| 0.55	| 0.04
739	| 5.64	| 5.58	| 5.67	| 0.09
740	| 5.09	| 5.14	| 4.99	| 0.16
741	| 4.75	| 4.76	| 4.80	| 0.05
742	| 1.80	| 1.76	| 1.89	| 0.13
743	| 0.76	| 0.75	| 0.73	| 0.03
744	| 2.45	| 2.40	| 2.48	| 0.08
745	| 2.33	| 2.31	| 2.37	| 0.06
746	| 0.70	| 0.77	| 0.68	| 0.09
747	| 5.33	| 5.33	| 5.37	| 0.04
748	| 2.20	| 2.11	| 2.16	| 0.09
749	| 1.29	| 1.28	| 1.26	| 0.04
750	| 4.76	| 4.72	| 4.74	| 0.04
751	| 4.77	| 4.72	| 4.63	| 0.13
752	| 5.93	| 5.98	| 6.12	| 0.19
753	| 1.59	| 1.59	| 1.62	| 0.03
754	| 4.26	| 4.16	| 4.11	| 0.15
755	| 3.17	| 3.15	| 3.05	| 0.12
756	| 3.95	| 3.93	| 3.99	| 0.06
757	| 4.31	| 4.25	| 4.24	| 0.07
758	| 2.17	| 2.16	| 2.12	| 0.05
759	| 0.45	| 0.40	| 0.44	| 0.05
760	| 2.62	| 2.55	| 2.65	| 0.10
761	| 2.29	| 2.36	| 2.29	| 0.07
762	| 4.35	| 4.39	| 4.38	| 0.05
763	| 6.55	| 6.44	| 6.52	| 0.11
764	| 5.92	| 5.91	| 5.88	| 0.04
765	| 4.32	| 4.35	| 4.30	| 0.05
766	| 5.83	| 5.80	| 5.89	| 0.09
767	| 6.33	| 6.15	| 6.35	| 0.20
768	| 5.07	| 5.29	| 5.04	| 0.25
769	| 2.33	| 2.32	| 2.23	| 0.10
770	| 3.21	| 3.23	| 3.21	| 0.03
771	| 1.79	| 1.72	| 1.84	| 0.12
772	| 3.59	| 3.61	| 3.59	| 0.02
773	| 5.47	| 5.45	| 5.60	| 0.15
774	| 1.54	| 1.57	| 1.53	| 0.04
775	| 5.12	| 5.24	| 5.12	| 0.12
776	| 0.35	| 0.35	| 0.33	| 0.03
777	| 5.87	| 5.89	| 5.75	| 0.15
778	| 1.28	| 1.32	| 1.24	| 0.08
779	| 5.78	| 5.73	| 5.81	| 0.08
780	| 0.36	| 0.40	| 0.44	| 0.09
781	| 6.49	| 6.47	| 6.40	| 0.09
782	| 3.28	| 3.15	| 3.33	| 0.18
783	| 4.86	| 4.81	| 4.77	| 0.09
784	| 6.49	| 6.34	| 6.55	| 0.21
785	| 3.58	| 3.51	| 3.44	| 0.14
786	| 5.83	| 5.87	| 5.92	| 0.08
787	| 1.31	| 1.23	| 1.27	| 0.08
788	| 1.93	| 1.99	| 1.95	| 0.06
789	| 5.23	| 5.18	| 5.11	| 0.12
790	| 6.33	| 6.29	| 6.40	| 0.10
791	| 3.18	| 3.27	| 3.26	| 0.08
792	| 4.91	| 4.90	| 4.71	| 0.20
793	| 0.09	| 0.08	| 0.09	| 0.01
794	| 3.40	| 3.40	| 3.40	| 0.01
795	| 3.62	| 3.45	| 3.63	| 0.19
796	| 2.88	| 2.90	| 2.88	| 0.02
797	| 4.35	| 4.41	| 4.41	| 0.07
798	| 0.23	| 0.20	| 0.20	| 0.03
799	| 2.94	| 2.93	| 2.91	| 0.04
800	| 4.21	| 4.35	| 4.28	| 0.14
801	| 1.40	| 1.42	| 1.32	| 0.10
802	| 2.11	| 2.12	| 2.12	| 0.01
803	| 6.49	| 6.57	| 6.46	| 0.11
804	| 2.93	| 3.11	| 2.92	| 0.19
805	| 2.41	| 2.43	| 2.28	| 0.16
806	| 0.85	| 0.83	| 0.86	| 0.02
807	| 0.94	| 0.96	| 0.91	| 0.04
808	| 5.84	| 5.76	| 5.83	| 0.08
809	| 0.53	| 0.56	| 0.55	| 0.04
810	| 1.99	| 2.07	| 2.02	| 0.08
811	| 1.00	| 0.94	| 0.97	| 0.06
812	| 1.55	| 1.65	| 1.62	| 0.09
813	| 3.33	| 3.29	| 3.37	| 0.07
814	| 5.64	| 5.56	| 5.64	| 0.08
815	| 3.50	| 3.48	| 3.52	| 0.04
816	| 6.20	| 6.23	| 6.02	| 0.21
817	| 0.02	| 0.02	| 0.02	| 0.00
818	| 3.06	| 3.06	| 3.07	| 0.01
819	| 4.32	| 4.24	| 4.21	| 0.12
820	| 0.96	| 1.00	| 0.92	| 0.07
821	| 6.16	| 6.31	| 6.12	| 0.19
822	| 5.63	| 5.56	| 5.58	| 0.06
823	| 4.76	| 4.90	| 4.82	| 0.14
824	| 6.51	| 6.46	| 6.45	| 0.06
825	| 4.84	| 5.05	| 5.04	| 0.21
826	| 1.41	| 1.39	| 1.41	| 0.02
827	| 6.00	| 5.90	| 5.86	| 0.14
828	| 1.04	| 1.06	| 1.06	| 0.02
829	| 1.32	| 1.38	| 1.32	| 0.06
830	| 2.13	| 2.18	| 2.27	| 0.14
831	| 3.09	| 3.04	| 3.03	| 0.06
832	| 1.31	| 1.38	| 1.34	| 0.07
833	| 4.81	| 4.87	| 4.86	| 0.05
834	| 4.19	| 4.20	| 4.23	| 0.03
835	| 2.47	| 2.35	| 2.40	| 0.12
836	| 3.38	| 3.26	| 3.37	| 0.12
837	| 5.50	| 5.47	| 5.50	| 0.03
838	| 4.89	| 4.83	| 4.94	| 0.11
839	| 3.79	| 3.85	| 3.77	| 0.08
840	| 4.08	| 4.06	| 4.00	| 0.08
841	| 4.87	| 4.91	| 4.92	| 0.04
842	| 2.52	| 2.45	| 2.51	| 0.07
843	| 4.40	| 4.31	| 4.45	| 0.14
844	| 4.60	| 4.52	| 4.59	| 0.08
845	| 3.08	| 3.10	| 3.17	| 0.08
846	| 3.11	| 3.14	| 3.21	| 0.11
847	| 0.60	| 0.61	| 0.64	| 0.04
848	| 6.21	| 6.20	| 6.03	| 0.18
849	| 3.24	| 3.22	| 3.24	| 0.02
850	| 6.09	| 6.06	| 5.95	| 0.13
851	| 4.67	| 4.77	| 4.90	| 0.22
852	| 1.52	| 1.58	| 1.54	| 0.07
853	| 5.01	| 5.16	| 5.12	| 0.15
854	| 1.54	| 1.49	| 1.50	| 0.05
855	| 0.09	| 0.09	| 0.08	| 0.01
856	| 3.24	| 3.24	| 3.20	| 0.04
857	| 1.50	| 1.48	| 1.42	| 0.07
858	| 3.40	| 3.44	| 3.36	| 0.08
859	| 5.06	| 5.05	| 5.04	| 0.02
860	| 0.51	| 0.49	| 0.45	| 0.06
861	| 1.90	| 1.87	| 1.88	| 0.03
862	| 3.78	| 3.76	| 3.82	| 0.07
863	| 2.23	| 2.08	| 2.18	| 0.15
864	| 5.43	| 5.45	| 5.46	| 0.04
865	| 5.39	| 5.47	| 5.36	| 0.12
866	| 0.09	| 0.10	| 0.08	| 0.02
867	| 5.38	| 5.61	| 5.58	| 0.23
868	| 1.64	| 1.57	| 1.56	| 0.08
869	| 6.46	| 6.51	| 6.38	| 0.12
870	| 4.26	| 4.21	| 4.22	| 0.06
871	| 2.26	| 2.17	| 2.18	| 0.09
872	| 5.37	| 5.25	| 5.32	| 0.12
873	| 5.35	| 5.56	| 5.61	| 0.25
874	| 1.76	| 1.77	| 1.74	| 0.03
875	| 2.25	| 2.30	| 2.22	| 0.08
876	| 4.26	| 4.16	| 4.15	| 0.11
877	| 4.72	| 4.68	| 4.65	| 0.07
878	| 5.31	| 5.35	| 5.37	| 0.05
879	| 3.56	| 3.62	| 3.62	| 0.06
880	| 0.50	| 0.50	| 0.48	| 0.03
881	| 2.06	| 1.94	| 2.02	| 0.12
882	| 5.98	| 6.02	| 6.04	| 0.06
883	| 0.01	| 0.01	| 0.01	| 0.01
884	| 2.38	| 2.40	| 2.34	| 0.06
885	| 5.66	| 5.66	| 5.62	| 0.05
886	| 1.18	| 1.14	| 1.11	| 0.07
887	| 6.56	| 6.31	| 6.50	| 0.26
888	| 6.46	| 6.48	| 6.53	| 0.07
889	| 4.62	| 4.64	| 4.67	| 0.05
890	| 6.08	| 6.08	| 6.21	| 0.14
891	| 3.18	| 3.22	| 3.20	| 0.03
892	| 4.84	| 4.92	| 4.92	| 0.08
893	| 2.90	| 2.92	| 2.95	| 0.05
894	| 0.99	| 0.95	| 1.03	| 0.08
895	| 2.00	| 2.00	| 2.04	| 0.04
896	| 3.73	| 3.68	| 3.63	| 0.10
897	| 2.42	| 2.43	| 2.46	| 0.04
898	| 1.29	| 1.25	| 1.29	| 0.04
899	| 5.18	| 5.22	| 5.21	| 0.03
900	| 3.21	| 3.14	| 3.11	| 0.10
901	| 6.57	| 6.62	| 6.53	| 0.10
902	| 2.65	| 2.66	| 2.59	| 0.07
903	| 3.27	| 3.33	| 3.20	| 0.13
904	| 2.42	| 2.37	| 2.45	| 0.08
905	| 5.77	| 5.80	| 5.85	| 0.08
906	| 4.47	| 4.52	| 4.39	| 0.13
907	| 1.00	| 0.98	| 0.97	| 0.03
908	| 5.52	| 5.41	| 5.51	| 0.11
909	| 1.00	| 0.98	| 0.95	| 0.05
910	| 4.96	| 5.03	| 5.01	| 0.06
911	| 3.23	| 3.18	| 3.20	| 0.05
912	| 4.62	| 4.60	| 4.57	| 0.06
913	| 6.04	| 5.85	| 5.80	| 0.24
914	| 3.81	| 3.78	| 3.84	| 0.05
915	| 2.09	| 2.08	| 2.10	| 0.02
916	| 5.50	| 5.53	| 5.44	| 0.09
917	| 6.19	| 5.90	| 6.14	| 0.30
918	| 4.65	| 4.61	| 4.66	| 0.05
919	| 1.33	| 1.34	| 1.37	| 0.03
920	| 5.00	| 5.05	| 4.97	| 0.08
921	| 3.99	| 4.05	| 4.00	| 0.06
922	| 3.52	| 3.54	| 3.53	| 0.03
923	| 5.02	| 4.92	| 5.04	| 0.12
924	| 0.02	| 0.03	| 0.03	| 0.00
925	| 5.04	| 5.07	| 4.95	| 0.12
926	| 4.81	| 4.90	| 4.79	| 0.11
927	| 4.06	| 4.00	| 3.98	| 0.08
928	| 6.15	| 6.19	| 6.11	| 0.08
929	| 2.14	| 2.07	| 2.09	| 0.07
930	| 5.25	| 5.19	| 5.31	| 0.12
931	| 0.04	| 0.03	| 0.05	| 0.01
932	| 1.85	| 1.86	| 1.81	| 0.04
933	| 3.89	| 3.81	| 3.83	| 0.08
934	| 2.19	| 2.20	| 2.17	| 0.02
935	| 0.38	| 0.36	| 0.40	| 0.04
936	| 4.88	| 4.81	| 4.79	| 0.09
937	| 5.00	| 5.04	| 5.02	| 0.05
938	| 4.66	| 4.73	| 4.65	| 0.08
939	| 4.78	| 4.71	| 4.72	| 0.07
940	| 6.29	| 6.10	| 6.22	| 0.20
941	| 5.33	| 5.25	| 5.22	| 0.11
942	| 0.67	| 0.62	| 0.60	| 0.07
943	| 2.56	| 2.48	| 2.56	| 0.07
944	| 5.78	| 5.69	| 5.83	| 0.15
945	| 6.20	| 6.25	| 6.23	| 0.05
946	| 4.31	| 4.36	| 4.26	| 0.10
947	| 3.59	| 3.62	| 3.68	| 0.09
948	| 5.80	| 5.86	| 5.87	| 0.07
949	| 3.45	| 3.47	| 3.44	| 0.03
950	| 2.44	| 2.36	| 2.42	| 0.08
951	| 4.50	| 4.60	| 4.54	| 0.10
952	| 2.02	| 2.03	| 2.09	| 0.07
953	| 4.98	| 4.94	| 5.13	| 0.19
954	| 2.66	| 2.77	| 2.65	| 0.11
955	| 6.39	| 6.48	| 6.42	| 0.08
956	| 0.38	| 0.33	| 0.36	| 0.05
957	| 2.29	| 2.22	| 2.30	| 0.08
958	| 1.10	| 1.02	| 1.05	| 0.08
959	| 6.39	| 6.63	| 6.32	| 0.31
960	| 4.23	| 4.31	| 4.31	| 0.08
961	| 0.66	| 0.61	| 0.66	| 0.06
962	| 6.35	| 6.23	| 6.37	| 0.14
963	| 5.61	| 5.56	| 5.47	| 0.14
964	| 3.44	| 3.44	| 3.48	| 0.05
965	| 4.58	| 4.58	| 4.62	| 0.04
966	| 3.14	| 3.22	| 3.20	| 0.07
967	| 4.29	| 4.35	| 4.22	| 0.13
968	| 4.69	| 4.62	| 4.58	| 0.11
969	| 0.48	| 0.51	| 0.49	| 0.03
970	| 5.56	| 5.50	| 5.43	| 0.13
971	| 3.08	| 3.06	| 3.07	| 0.02
972	| 6.05	| 5.93	| 6.06	| 0.13
973	| 0.62	| 0.66	| 0.66	| 0.04
974	| 1.84	| 1.86	| 1.81	| 0.05
975	| 4.20	| 4.31	| 4.37	| 0.17
976	| 3.60	| 3.53	| 3.52	| 0.08
977	| 2.27	| 2.26	| 2.22	| 0.06
978	| 4.61	| 4.67	| 4.48	| 0.18
979	| 2.12	| 2.14	| 2.07	| 0.08
980	| 4.58	| 4.57	| 4.60	| 0.02
981	| 2.59	| 2.50	| 2.55	| 0.09
982	| 4.50	| 4.62	| 4.60	| 0.12
983	| 0.16	| 0.14	| 0.14	| 0.01
984	| 6.01	| 6.08	| 6.02	| 0.07
985	| 3.33	| 3.36	| 3.40	| 0.07
986	| 0.76	| 0.69	| 0.75	| 0.06
987	| 4.93	| 5.00	| 4.98	| 0.07
988	| 2.28	| 2.15	| 2.17	| 0.14
989	| 1.98	| 2.08	| 1.97	| 0.12
990	| 2.86	| 2.84	| 2.91	| 0.07
991	| 4.61	| 4.62	| 4.60	| 0.02
992	| 4.67	| 4.76	| 4.67	| 0.10
993	| 5.22	| 5.20	| 5.29	| 0.08
994	| 5.59	| 5.72	| 5.66	| 0.13
995	| 2.19	| 2.29	| 2.20	| 0.10
996	| 2.81	| 2.80	| 2.71	| 0.10
997	| 5.66	| 5.65	| 5.52	| 0.13
998	| 4.89	| 4.81	| 4.90	| 0.09
999	| 2.50	| 2.57	| 2.52	| 0.07
1000	| 0.16	| 0.18	| 0.14	| 0.04
1001	| 2.25	| 2.25	| 2.28	| 0.03
1002	| 4.49	| 4.58	| 4.61	| 0.13
1003	| 5.24	| 5.22	| 5.34	| 0.12
1004	| 0.51	| 0.48	| 0.49	| 0.03
1005	| 4.01	| 4.01	| 4.10	| 0.09
1006	| 4.34	| 4.27	| 4.38	| 0.10
1007	| 2.05	| 2.01	| 2.10	| 0.09
1008	| 0.76	| 0.72	| 0.71	| 0.05
1009	| 4.84	| 4.82	| 4.71	| 0.13
1010	| 1.87	| 1.84	| 1.79	| 0.08
1011	| 5.53	| 5.48	| 5.57	| 0.09
1012	| 2.94	| 2.77	| 2.82	| 0.17
1013	| 2.81	| 2.83	| 2.79	| 0.05
1014	| 0.39	| 0.38	| 0.35	| 0.04
1015	| 0.19	| 0.18	| 0.18	| 0.02
1016	| 1.61	| 1.69	| 1.63	| 0.09
1017	| 6.39	| 6.37	| 6.35	| 0.04
1018	| 3.04	| 3.15	| 3.10	| 0.11
1019	| 4.10	| 4.17	| 4.10	| 0.07
1020	| 0.57	| 0.61	| 0.55	| 0.06
1021	| 3.15	| 3.37	| 3.29	| 0.23
1022	| 5.99	| 6.13	| 5.95	| 0.18
1023	| 4.93	| 4.87	| 4.89	| 0.07
1024	| 5.65	| 5.63	| 5.65	| 0.03
1025	| 2.65	| 2.67	| 2.66	| 0.02
1026	| 1.81	| 1.90	| 1.82	| 0.09
1027	| 2.49	| 2.56	| 2.53	| 0.08
1028	| 0.42	| 0.44	| 0.41	| 0.03
1029	| 4.45	| 4.58	| 4.49	| 0.14
1030	| 5.30	| 5.31	| 5.29	| 0.02
1031	| 3.69	| 3.59	| 3.70	| 0.11
1032	| 2.23	| 2.28	| 2.33	| 0.09
1033	| 5.67	| 5.59	| 5.54	| 0.13
1034	| 2.94	| 3.02	| 3.13	| 0.19
1035	| 3.60	| 3.65	| 3.55	| 0.11
1036	| 2.09	| 2.02	| 2.20	| 0.17
1037	| 2.67	| 2.75	| 2.75	| 0.08
1038	| 3.00	| 3.01	| 3.10	| 0.10
1039	| 4.64	| 4.70	| 4.81	| 0.17
1040	| 3.82	| 3.72	| 3.83	| 0.12
1041	| 0.24	| 0.18	| 0.24	| 0.06
1042	| 0.63	| 0.62	| 0.67	| 0.05
1043	| 1.20	| 1.15	| 1.19	| 0.06
1044	| 3.50	| 3.58	| 3.55	| 0.08
1045	| 4.56	| 4.57	| 4.54	| 0.03
1046	| 0.13	| 0.14	| 0.13	| 0.01
1047	| 0.34	| 0.39	| 0.36	| 0.04
1048	| 3.83	| 3.95	| 4.06	| 0.23
1049	| 3.35	| 3.21	| 3.17	| 0.18
1050	| 1.23	| 1.17	| 1.21	| 0.06
1051	| 6.21	| 6.36	| 6.33	| 0.15
1052	| 4.05	| 3.95	| 3.96	| 0.11
1053	| 0.64	| 0.60	| 0.67	| 0.07
1054	| 1.66	| 1.68	| 1.63	| 0.05
1055	| 6.12	| 6.10	| 6.11	| 0.03
1056	| 0.34	| 0.33	| 0.33	| 0.01
1057	| 1.39	| 1.53	| 1.42	| 0.14
1058	| 3.38	| 3.46	| 3.39	| 0.09
1059	| 1.95	| 1.93	| 1.98	| 0.05
1060	| 5.91	| 5.77	| 5.83	| 0.13
1061	| 4.96	| 5.04	| 5.00	| 0.08
1062	| 0.60	| 0.59	| 0.60	| 0.01
1063	| 2.54	| 2.65	| 2.62	| 0.11
1064	| 6.30	| 6.14	| 6.22	| 0.16
1065	| 2.60	| 2.63	| 2.63	| 0.03
1066	| 3.27	| 3.33	| 3.39	| 0.12
1067	| 4.87	| 4.72	| 4.84	| 0.15
1068	| 2.24	| 2.26	| 2.25	| 0.03
1069	| 4.73	| 4.83	| 4.63	| 0.20
1070	| 0.90	| 0.85	| 0.92	| 0.07
1071	| 1.34	| 1.31	| 1.34	| 0.03
1072	| 5.15	| 5.23	| 5.16	| 0.08
1073	| 0.81	| 0.83	| 0.80	| 0.03
1074	| 3.89	| 3.84	| 3.78	| 0.10
1075	| 5.65	| 5.63	| 5.68	| 0.05
1076	| 1.19	| 1.23	| 1.28	| 0.09
1077	| 5.59	| 5.69	| 5.59	| 0.10
1078	| 0.21	| 0.22	| 0.22	| 0.01
1079	| 4.20	| 4.11	| 4.21	| 0.11
1080	| 1.80	| 1.73	| 1.76	| 0.07
1081	| 3.82	| 3.74	| 3.74	| 0.08
1082	| 1.24	| 1.23	| 1.24	| 0.01
1083	| 3.54	| 3.41	| 3.49	| 0.13
1084	| 3.66	| 3.72	| 3.68	| 0.06
1085	| 0.97	| 1.04	| 0.98	| 0.07
1086	| 4.73	| 4.71	| 4.76	| 0.04
1087	| 0.34	| 0.30	| 0.35	| 0.04
1088	| 4.71	| 4.65	| 4.65	| 0.06
1089	| 3.15	| 3.07	| 3.00	| 0.14
1090	| 2.06	| 2.08	| 2.12	| 0.05
1091	| 5.01	| 5.16	| 5.17	| 0.17
1092	| 4.45	| 4.45	| 4.50	| 0.05
1093	| 3.33	| 3.31	| 3.28	| 0.05
1094	| 5.91	| 5.89	| 5.86	| 0.05
1095	| 2.36	| 2.39	| 2.47	| 0.11
1096	| 5.97	| 5.82	| 6.01	| 0.19
1097	| 0.33	| 0.34	| 0.36	| 0.03
1098	| 5.49	| 5.46	| 5.60	| 0.15
1099	| 2.83	| 2.80	| 2.76	| 0.07
1100	| 5.63	| 5.68	| 5.63	| 0.05
1101	| 5.01	| 4.97	| 5.00	| 0.04
1102	| 0.58	| 0.55	| 0.57	| 0.03
1103	| 5.76	| 5.74	| 5.66	| 0.10
1104	| 2.13	| 2.18	| 2.20	| 0.06
1105	| 1.25	| 1.21	| 1.20	| 0.04
1106	| 1.36	| 1.31	| 1.34	| 0.05
1107	| 0.71	| 0.65	| 0.69	| 0.06
1108	| 5.03	| 5.09	| 4.93	| 0.17
1109	| 5.45	| 5.40	| 5.46	| 0.06
1110	| 1.29	| 1.37	| 1.32	| 0.08
1111	| 5.48	| 5.56	| 5.42	| 0.14
1112	| 2.85	| 2.98	| 2.85	| 0.14
1113	| 2.14	| 2.17	| 2.19	| 0.05
1114	| 5.30	| 5.33	| 5.31	| 0.03
1115	| 4.65	| 4.59	| 4.79	| 0.20
1116	| 3.97	| 3.90	| 3.91	| 0.07
1117	| 4.94	| 4.92	| 4.88	| 0.06
1118	| 4.71	| 4.83	| 4.76	| 0.13
1119	| 1.57	| 1.54	| 1.46	| 0.10
1120	| 5.45	| 5.37	| 5.55	| 0.18
1121	| 3.05	| 3.11	| 3.11	| 0.06
1122	| 6.47	| 6.62	| 6.61	| 0.15
1123	| 5.08	| 5.00	| 5.11	| 0.12
1124	| 1.21	| 1.19	| 1.17	| 0.05
1125	| 2.64	| 2.61	| 2.67	| 0.06
1126	| 1.10	| 1.06	| 1.03	| 0.07
1127	| 6.34	| 6.14	| 6.15	| 0.20
1128	| 1.26	| 1.28	| 1.26	| 0.02
1129	| 2.70	| 2.83	| 2.82	| 0.12
1130	| 5.88	| 5.78	| 5.74	| 0.14
1131	| 2.19	| 2.32	| 2.20	| 0.13
1132	| 5.12	| 5.02	| 4.91	| 0.20
1133	| 4.79	| 4.87	| 4.77	| 0.10
1134	| 2.72	| 2.75	| 2.73	| 0.02
1135	| 5.24	| 5.21	| 5.22	| 0.04
1136	| 1.40	| 1.26	| 1.29	| 0.13
1137	| 0.65	| 0.66	| 0.65	| 0.01
1138	| 4.05	| 4.05	| 4.15	| 0.10
1139	| 2.87	| 2.83	| 2.94	| 0.11
1140	| 2.32	| 2.32	| 2.35	| 0.04
1141	| 2.77	| 2.79	| 2.72	| 0.07
1142	| 1.98	| 1.93	| 1.91	| 0.07
1143	| 4.27	| 4.50	| 4.45	| 0.23
1144	| 4.04	| 4.20	| 4.20	| 0.16
1145	| 2.30	| 2.26	| 2.23	| 0.07
1146	| 3.70	| 3.65	| 3.62	| 0.08
1147	| 4.31	| 4.39	| 4.33	| 0.08
1148	| 1.51	| 1.54	| 1.52	| 0.03
1149	| 6.09	| 6.06	| 6.00	| 0.08
1150	| 0.24	| 0.24	| 0.24	| 0.01
1151	| 1.73	| 1.75	| 1.75	| 0.03
1152	| 6.20	| 6.06	| 6.33	| 0.27
1153	| 0.89	| 0.82	| 0.87	| 0.07
1154	| 0.81	| 0.84	| 0.81	| 0.04
1155	| 6.59	| 6.40	| 6.36	| 0.24
1156	| 1.48	| 1.41	| 1.44	| 0.07
1157	| 5.77	| 5.89	| 5.95	| 0.18
1158	| 3.54	| 3.49	| 3.57	| 0.08
1159	| 0.08	| 0.06	| 0.08	| 0.02
1160	| 3.93	| 3.91	| 3.84	| 0.08
1161	| 3.53	| 3.58	| 3.57	| 0.05
1162	| 1.74	| 1.79	| 1.77	| 0.05
1163	| 0.64	| 0.63	| 0.62	| 0.02
1164	| 0.72	| 0.71	| 0.67	| 0.04
1165	| 5.28	| 5.07	| 5.10	| 0.21
1166	| 2.38	| 2.36	| 2.33	| 0.05
1167	| 1.50	| 1.53	| 1.46	| 0.07
1168	| 2.80	| 2.84	| 2.73	| 0.11
1169	| 4.94	| 4.82	| 4.83	| 0.11
1170	| 3.89	| 3.79	| 3.85	| 0.10
1171	| 6.05	| 6.10	| 6.13	| 0.08
1172	| 5.82	| 5.88	| 5.86	| 0.06
1173	| 5.62	| 5.67	| 5.53	| 0.14
1174	| 3.48	| 3.44	| 3.39	| 0.09
1175	| 5.03	| 4.87	| 5.02	| 0.16
1176	| 5.28	| 5.25	| 5.25	| 0.02
1177	| 6.49	| 6.50	| 6.55	| 0.06
1178	| 0.39	| 0.38	| 0.38	| 0.02
1179	| 2.47	| 2.47	| 2.54	| 0.07
1180	| 3.38	| 3.46	| 3.37	| 0.10
1181	| 6.02	| 5.99	| 5.92	| 0.10
1182	| 4.76	| 4.68	| 4.70	| 0.09
1183	| 6.10	| 6.14	| 6.15	| 0.05
1184	| 6.12	| 6.30	| 6.13	| 0.18
1185	| 3.68	| 3.64	| 3.62	| 0.06
1186	| 2.27	| 2.26	| 2.30	| 0.04
1187	| 1.97	| 1.99	| 1.90	| 0.09
1188	| 4.37	| 4.41	| 4.46	| 0.09
1189	| 6.50	| 6.40	| 6.38	| 0.12
1190	| 0.24	| 0.21	| 0.21	| 0.03
1191	| 4.49	| 4.58	| 4.44	| 0.14
1192	| 2.81	| 2.74	| 2.82	| 0.08
1193	| 4.03	| 4.01	| 4.01	| 0.02
1194	| 4.79	| 4.90	| 5.01	| 0.22
1195	| 1.57	| 1.56	| 1.59	| 0.03
1196	| 2.39	| 2.40	| 2.43	| 0.04
1197	| 6.54	| 6.51	| 6.49	| 0.05
1198	| 6.34	| 6.25	| 6.19	| 0.15
1199	| 2.01	| 2.08	| 2.05	| 0.07
1200	| 6.02	| 6.07	| 5.97	| 0.10
1201	| 5.54	| 5.51	| 5.64	| 0.13
1202	| 4.44	| 4.57	| 4.31	| 0.26
1203	| 2.23	| 2.13	| 2.12	| 0.11
1204	| 2.88	| 2.91	| 2.93	| 0.05
1205	| 2.77	| 2.75	| 2.77	| 0.02
1206	| 0.72	| 0.69	| 0.73	| 0.04
1207	| 0.92	| 0.93	| 0.96	| 0.05
1208	| 3.82	| 3.76	| 3.72	| 0.10
1209	| 5.44	| 5.41	| 5.40	| 0.04
1210	| 4.81	| 4.95	| 4.86	| 0.13
1211	| 2.95	| 3.07	| 3.21	| 0.26
1212	| 5.90	| 5.85	| 5.81	| 0.10
1213	| 5.56	| 5.55	| 5.45	| 0.11
1214	| 4.58	| 4.69	| 4.71	| 0.13
1215	| 4.40	| 4.41	| 4.54	| 0.14
1216	| 0.97	| 0.92	| 1.00	| 0.07
1217	| 0.59	| 0.58	| 0.58	| 0.01
1218	| 1.37	| 1.39	| 1.33	| 0.05
1219	| 2.93	| 2.94	| 2.95	| 0.02
1220	| 3.92	| 3.93	| 3.95	| 0.03
1221	| 5.23	| 5.24	| 5.39	| 0.16
1222	| 5.13	| 5.12	| 5.16	| 0.04
1223	| 4.62	| 4.66	| 4.57	| 0.08
1224	| 4.81	| 4.80	| 4.75	| 0.06
1225	| 3.60	| 3.64	| 3.52	| 0.12
1226	| 2.31	| 2.30	| 2.22	| 0.09
1227	| 0.49	| 0.50	| 0.51	| 0.02
1228	| 5.11	| 5.08	| 5.20	| 0.12
1229	| 0.67	| 0.65	| 0.60	| 0.07
1230	| 1.86	| 1.82	| 1.87	| 0.04
1231	| 3.34	| 3.33	| 3.30	| 0.04
1232	| 0.16	| 0.18	| 0.18	| 0.02
1233	| 0.60	| 0.58	| 0.58	| 0.02
1234	| 1.95	| 1.89	| 1.84	| 0.11
1235	| 2.74	| 2.75	| 2.80	| 0.05
1236	| 0.88	| 0.86	| 0.83	| 0.05
1237	| 5.66	| 5.59	| 5.56	| 0.11
1238	| 5.45	| 5.44	| 5.26	| 0.20
1239	| 5.27	| 5.22	| 5.19	| 0.07
1240	| 5.77	| 5.80	| 5.77	| 0.03
1241	| 1.39	| 1.40	| 1.36	| 0.03
1242	| 5.41	| 5.50	| 5.62	| 0.21
1243	| 5.11	| 5.30	| 5.13	| 0.19
1244	| 2.72	| 2.66	| 2.68	| 0.06
1245	| 4.80	| 4.87	| 4.91	| 0.12
1246	| 2.71	| 2.58	| 2.56	| 0.15
1247	| 1.52	| 1.56	| 1.61	| 0.09
1248	| 5.76	| 5.71	| 5.61	| 0.15
1249	| 3.38	| 3.43	| 3.33	| 0.09
1250	| 0.63	| 0.62	| 0.62	| 0.01
1251	| 6.10	| 5.97	| 6.00	| 0.14
1252	| 1.07	| 1.07	| 1.05	| 0.02
1253	| 2.96	| 3.01	| 3.02	| 0.06
1254	| 6.25	| 6.28	| 6.25	| 0.03
1255	| 3.04	| 3.05	| 3.17	| 0.13
1256	| 5.79	| 5.80	| 5.92	| 0.13
1257	| 3.05	| 2.94	| 3.03	| 0.11
1258	| 3.91	| 3.80	| 3.82	| 0.10
1259	| 4.80	| 4.75	| 4.76	| 0.05
1260	| 3.66	| 3.71	| 3.75	| 0.09
1261	| 3.22	| 3.28	| 3.25	| 0.06
1262	| 5.81	| 5.75	| 5.82	| 0.07
1263	| 0.47	| 0.50	| 0.49	| 0.03
1264	| 3.28	| 3.20	| 3.20	| 0.08
1265	| 4.83	| 4.87	| 4.83	| 0.04
1266	| 5.76	| 5.87	| 5.76	| 0.10
1267	| 5.66	| 5.54	| 5.64	| 0.12
1268	| 0.68	| 0.65	| 0.66	| 0.03
1269	| 3.69	| 3.69	| 3.73	| 0.05
1270	| 3.30	| 3.11	| 3.31	| 0.20
1271	| 4.13	| 4.28	| 4.28	| 0.14
1272	| 5.31	| 5.12	| 5.27	| 0.18
1273	| 3.68	| 3.68	| 3.65	| 0.04
1274	| 3.74	| 3.65	| 3.64	| 0.10
1275	| 5.91	| 5.80	| 5.74	| 0.17
1276	| 5.96	| 6.07	| 5.86	| 0.21
1277	| 2.10	| 2.08	| 2.09	| 0.02
1278	| 2.99	| 3.02	| 2.98	| 0.03
1279	| 6.14	| 6.16	| 5.99	| 0.17
1280	| 5.10	| 4.98	| 5.13	| 0.15
1281	| 1.27	| 1.27	| 1.27	| 0.01
1282	| 5.73	| 5.81	| 5.77	| 0.09
1283	| 3.83	| 3.76	| 3.82	| 0.07
1284	| 5.45	| 5.58	| 5.48	| 0.13
1285	| 3.01	| 3.20	| 3.09	| 0.18
1286	| 3.56	| 3.50	| 3.58	| 0.08
1287	| 2.12	| 2.22	| 2.23	| 0.11
1288	| 1.93	| 1.95	| 1.95	| 0.02
1289	| 0.44	| 0.46	| 0.44	| 0.03
1290	| 4.71	| 4.72	| 4.71	| 0.01
1291	| 1.84	| 1.87	| 1.80	| 0.07
1292	| 4.55	| 4.55	| 4.50	| 0.05
1293	| 2.02	| 2.02	| 2.00	| 0.02
1294	| 6.35	| 6.17	| 6.20	| 0.17
1295	| 1.29	| 1.29	| 1.29	| 0.01
1296	| 4.90	| 4.79	| 4.80	| 0.11
1297	| 2.69	| 2.69	| 2.76	| 0.07
1298	| 0.42	| 0.41	| 0.42	| 0.01
1299	| 2.23	| 2.27	| 2.38	| 0.15
1300	| 6.02	| 6.17	| 6.06	| 0.15
1301	| 4.57	| 4.63	| 4.54	| 0.09
1302	| 3.85	| 3.94	| 3.95	| 0.10
1303	| 3.33	| 3.34	| 3.28	| 0.06
1304	| 0.33	| 0.37	| 0.35	| 0.04
1305	| 2.21	| 2.10	| 2.20	| 0.11
1306	| 5.39	| 5.39	| 5.43	| 0.04
1307	| 4.35	| 4.52	| 4.47	| 0.17
1308	| 4.61	| 4.47	| 4.46	| 0.14
1309	| 0.82	| 0.83	| 0.85	| 0.03
1310	| 4.83	| 4.98	| 4.93	| 0.15
1311	| 0.50	| 0.53	| 0.56	| 0.06
1312	| 4.95	| 5.28	| 5.21	| 0.33
1313	| 6.37	| 6.34	| 6.34	| 0.03
1314	| 2.84	| 3.00	| 2.86	| 0.16
1315	| 6.41	| 6.51	| 6.46	| 0.10
1316	| 0.94	| 0.96	| 0.97	| 0.03
1317	| 3.79	| 3.74	| 3.67	| 0.11
1318	| 4.63	| 4.65	| 4.59	| 0.06
1319	| 1.16	| 1.27	| 1.21	| 0.11
1320	| 4.37	| 4.25	| 4.37	| 0.13
1321	| 3.48	| 3.65	| 3.52	| 0.18
1322	| 2.22	| 2.25	| 2.27	| 0.05
1323	| 1.66	| 1.61	| 1.66	| 0.06
1324	| 3.50	| 3.33	| 3.45	| 0.17
1325	| 0.52	| 0.53	| 0.50	| 0.04
1326	| 5.04	| 5.13	| 4.94	| 0.19
1327	| 5.14	| 5.22	| 5.08	| 0.14
1328	| 1.78	| 1.86	| 1.91	| 0.12
1329	| 0.52	| 0.58	| 0.56	| 0.06
1330	| 5.83	| 5.93	| 5.88	| 0.10
1331	| 4.75	| 4.90	| 4.78	| 0.15
1332	| 3.68	| 3.87	| 3.77	| 0.19
1333	| 1.18	| 1.17	| 1.20	| 0.03
1334	| 0.95	| 1.01	| 0.96	| 0.06
1335	| 3.65	| 3.77	| 3.72	| 0.11
1336	| 4.61	| 4.68	| 4.50	| 0.18
1337	| 2.50	| 2.50	| 2.51	| 0.02
1338	| 1.29	| 1.23	| 1.32	| 0.09
1339	| 3.92	| 3.94	| 3.95	| 0.03
1340	| 1.99	| 1.91	| 1.91	| 0.08
1341	| 4.82	| 4.95	| 4.79	| 0.17
1342	| 3.93	| 3.91	| 3.85	| 0.08
1343	| 3.85	| 3.82	| 3.78	| 0.06
1344	| 3.77	| 3.87	| 3.90	| 0.12
1345	| 3.65	| 3.63	| 3.68	| 0.05
1346	| 2.88	| 2.73	| 2.87	| 0.15
1347	| 6.12	| 6.30	| 6.25	| 0.18
1348	| 4.35	| 4.27	| 4.23	| 0.12
1349	| 0.70	| 0.67	| 0.67	| 0.03
1350	| 5.99	| 6.15	| 5.95	| 0.20
1351	| 5.69	| 5.73	| 5.63	| 0.10
1352	| 0.79	| 0.82	| 0.82	| 0.03
1353	| 1.73	| 1.72	| 1.68	| 0.05
1354	| 3.86	| 3.90	| 3.83	| 0.07
1355	| 2.77	| 2.72	| 2.81	| 0.09
1356	| 5.62	| 5.55	| 5.54	| 0.08
1357	| 2.79	| 2.82	| 2.76	| 0.06
1358	| 3.22	| 3.26	| 3.33	| 0.11
1359	| 5.62	| 5.76	| 5.65	| 0.14
1360	| 5.66	| 5.51	| 5.78	| 0.27
1361	| 1.47	| 1.55	| 1.58	| 0.11
1362	| 0.66	| 0.60	| 0.63	| 0.05
1363	| 5.49	| 5.46	| 5.47	| 0.03
1364	| 1.95	| 1.94	| 1.96	| 0.02
1365	| 4.79	| 4.96	| 4.98	| 0.19
1366	| 3.86	| 3.96	| 3.76	| 0.20
1367	| 5.33	| 5.43	| 5.23	| 0.20
1368	| 5.60	| 5.49	| 5.54	| 0.11
1369	| 4.63	| 4.78	| 4.52	| 0.26
1370	| 0.29	| 0.29	| 0.29	| 0.00
1371	| 3.45	| 3.37	| 3.42	| 0.09
1372	| 2.90	| 3.00	| 2.86	| 0.13
1373	| 1.34	| 1.34	| 1.37	| 0.04
1374	| 1.86	| 1.91	| 1.88	| 0.05
1375	| 5.42	| 5.62	| 5.35	| 0.27
1376	| 3.94	| 3.84	| 3.87	| 0.09
1377	| 1.80	| 1.82	| 1.82	| 0.02
1378	| 2.77	| 2.68	| 2.73	| 0.09
1379	| 5.90	| 5.93	| 6.04	| 0.14
1380	| 4.37	| 4.49	| 4.44	| 0.12
1381	| 2.63	| 2.60	| 2.66	| 0.06
1382	| 1.61	| 1.62	| 1.79	| 0.18
1383	| 3.14	| 3.18	| 3.15	| 0.05
1384	| 4.65	| 4.64	| 4.67	| 0.03
1385	| 4.78	| 4.71	| 4.61	| 0.16
1386	| 1.90	| 1.94	| 1.92	| 0.04
1387	| 0.61	| 0.58	| 0.62	| 0.04
1388	| 2.29	| 2.15	| 2.20	| 0.14
1389	| 3.11	| 3.15	| 3.17	| 0.06
1390	| 1.17	| 1.22	| 1.12	| 0.10
1391	| 2.95	| 3.05	| 3.04	| 0.10
1392	| 5.90	| 5.73	| 5.96	| 0.23
1393	| 4.12	| 4.21	| 4.03	| 0.18
1394	| 5.82	| 5.89	| 5.65	| 0.24
1395	| 2.03	| 2.18	| 2.06	| 0.15
1396	| 4.40	| 4.46	| 4.35	| 0.11
1397	| 4.82	| 4.80	| 4.81	| 0.03
1398	| 4.78	| 4.90	| 4.92	| 0.14
1399	| 3.18	| 3.19	| 3.27	| 0.09
1400	| 5.11	| 5.06	| 5.15	| 0.09
1401	| 2.19	| 2.21	| 2.14	| 0.07
1402	| 2.96	| 2.88	| 2.88	| 0.08
1403	| 4.88	| 4.82	| 4.83	| 0.06
1404	| 3.13	| 3.05	| 3.11	| 0.08
1405	| 2.15	| 2.02	| 2.09	| 0.12
1406	| 2.62	| 2.65	| 2.63	| 0.02
1407	| 2.15	| 2.21	| 2.17	| 0.06
1408	| 2.85	| 2.86	| 2.87	| 0.02
1409	| 2.00	| 1.89	| 1.93	| 0.10
1410	| 3.39	| 3.43	| 3.35	| 0.08
1411	| 1.20	| 1.14	| 1.19	| 0.06
1412	| 6.13	| 6.22	| 6.17	| 0.09
1413	| 1.22	| 1.19	| 1.16	| 0.06
1414	| 3.70	| 3.76	| 3.77	| 0.07
1415	| 4.75	| 4.67	| 4.69	| 0.07
1416	| 3.30	| 3.35	| 3.40	| 0.10
1417	| 2.26	| 2.28	| 2.30	| 0.04
1418	| 1.29	| 1.30	| 1.30	| 0.01
1419	| 5.07	| 5.15	| 5.07	| 0.09
1420	| 2.77	| 2.80	| 2.81	| 0.04
1421	| 2.37	| 2.39	| 2.44	| 0.07
1422	| 4.35	| 4.27	| 4.45	| 0.18
1423	| 3.56	| 3.61	| 3.57	| 0.05
1424	| 1.19	| 1.20	| 1.27	| 0.08
1425	| 5.14	| 5.11	| 5.14	| 0.04
1426	| 2.15	| 2.10	| 2.08	| 0.07
1427	| 4.56	| 4.45	| 4.62	| 0.17
1428	| 3.19	| 3.19	| 3.20	| 0.01
1429	| 3.25	| 3.33	| 3.25	| 0.08
1430	| 3.06	| 3.00	| 2.98	| 0.08
1431	| 0.40	| 0.41	| 0.41	| 0.01
1432	| 3.69	| 3.74	| 3.65	| 0.08
1433	| 3.33	| 3.46	| 3.40	| 0.13
1434	| 6.67	| 6.54	| 6.48	| 0.19
1435	| 3.85	| 3.76	| 3.76	| 0.10
1436	| 2.94	| 2.97	| 3.06	| 0.12
1437	| 6.50	| 6.40	| 6.23	| 0.27
1438	| 3.35	| 3.47	| 3.44	| 0.12
1439	| 3.48	| 3.44	| 3.40	| 0.08
1440	| 6.50	| 6.43	| 6.53	| 0.11
1441	| 3.14	| 3.07	| 3.14	| 0.07
1442	| 5.65	| 5.59	| 5.64	| 0.06
1443	| 0.32	| 0.34	| 0.36	| 0.04
1444	| 2.95	| 2.87	| 3.04	| 0.17
1445	| 0.54	| 0.49	| 0.52	| 0.05
1446	| 5.32	| 5.37	| 5.45	| 0.13
1447	| 6.01	| 6.04	| 6.04	| 0.03
1448	| 3.85	| 3.84	| 4.01	| 0.18
1449	| 3.03	| 2.96	| 3.07	| 0.11
1450	| 2.75	| 2.67	| 2.72	| 0.09
1451	| 5.93	| 5.81	| 5.71	| 0.22
1452	| 4.34	| 4.33	| 4.30	| 0.04
1453	| 4.20	| 4.15	| 4.30	| 0.14
1454	| 0.73	| 0.70	| 0.70	| 0.03
1455	| 0.53	| 0.57	| 0.55	| 0.04
1456	| 5.35	| 5.46	| 5.45	| 0.11
1457	| 5.82	| 5.82	| 5.79	| 0.03
1458	| 6.48	| 6.35	| 6.46	| 0.13
1459	| 0.92	| 0.89	| 0.92	| 0.03
1460	| 3.28	| 3.25	| 3.25	| 0.03
1461	| 4.98	| 5.13	| 5.10	| 0.15
1462	| 5.77	| 5.83	| 5.87	| 0.10
1463	| 2.68	| 2.73	| 2.82	| 0.14
1464	| 4.26	| 4.19	| 4.34	| 0.16
1465	| 2.52	| 2.48	| 2.45	| 0.07
1466	| 0.20	| 0.24	| 0.22	| 0.04
1467	| 3.49	| 3.44	| 3.36	| 0.13
1468	| 3.67	| 3.66	| 3.72	| 0.07
1469	| 2.45	| 2.43	| 2.38	| 0.07
1470	| 2.63	| 2.72	| 2.65	| 0.09
1471	| 5.06	| 5.01	| 4.89	| 0.17
1472	| 4.76	| 4.71	| 4.58	| 0.18
1473	| 3.06	| 3.18	| 3.17	| 0.12
1474	| 5.66	| 5.63	| 5.81	| 0.17
1475	| 1.47	| 1.49	| 1.61	| 0.14
1476	| 1.34	| 1.33	| 1.31	| 0.03
1477	| 3.87	| 3.96	| 3.88	| 0.09
1478	| 3.76	| 3.79	| 3.91	| 0.15
1479	| 0.65	| 0.62	| 0.66	| 0.03
1480	| 4.55	| 4.48	| 4.51	| 0.07
1481	| 5.51	| 5.56	| 5.58	| 0.07
1482	| 0.15	| 0.15	| 0.14	| 0.01
1483	| 2.92	| 3.06	| 2.96	| 0.14
1484	| 1.86	| 1.78	| 1.83	| 0.08
1485	| 2.19	| 2.26	| 2.31	| 0.12
1486	| 4.57	| 4.59	| 4.62	| 0.05
1487	| 2.33	| 2.29	| 2.15	| 0.18
1488	| 2.87	| 2.89	| 2.92	| 0.05
1489	| 2.26	| 2.23	| 2.20	| 0.05
1490	| 2.19	| 2.16	| 2.20	| 0.04
1491	| 0.63	| 0.64	| 0.65	| 0.02
1492	| 3.32	| 3.41	| 3.55	| 0.23
1493	| 5.53	| 5.42	| 5.56	| 0.14
1494	| 0.22	| 0.22	| 0.22	| 0.01
1495	| 5.75	| 5.68	| 5.69	| 0.07
1496	| 0.81	| 0.82	| 0.85	| 0.04
1497	| 6.07	| 6.13	| 6.14	| 0.06
1498	| 4.12	| 4.16	| 4.17	| 0.06
1499	| 5.04	| 4.84	| 4.87	| 0.19
1500	| 2.25	| 2.27	| 2.26	| 0.02
1501	| 4.60	| 4.35	| 4.47	| 0.26
1502	| 3.13	| 3.05	| 3.13	| 0.08
1503	| 1.35	| 1.31	| 1.40	| 0.09
1504	| 4.09	| 3.91	| 4.02	| 0.18
1505	| 3.52	| 3.50	| 3.52	| 0.03
1506	| 0.65	| 0.68	| 0.62	| 0.05
1507	| 5.77	| 5.77	| 5.80	| 0.04
1508	| 6.43	| 6.33	| 6.32	| 0.12
1509	| 1.34	| 1.30	| 1.32	| 0.04
1510	| 0.53	| 0.50	| 0.53	| 0.03
1511	| 0.18	| 0.14	| 0.14	| 0.04
1512	| 1.59	| 1.53	| 1.58	| 0.06
1513	| 0.31	| 0.31	| 0.28	| 0.03
1514	| 2.65	| 2.52	| 2.54	| 0.13
1515	| 4.62	| 4.55	| 4.58	| 0.07
1516	| 5.60	| 5.62	| 5.55	| 0.07
1517	| 2.77	| 2.82	| 2.81	| 0.05
1518	| 0.98	| 0.91	| 0.89	| 0.09
1519	| 1.99	| 2.01	| 1.94	| 0.07
1520	| 3.64	| 3.67	| 3.60	| 0.07
1521	| 3.22	| 3.24	| 3.23	| 0.02
1522	| 6.40	| 6.46	| 6.42	| 0.06
1523	| 5.51	| 5.46	| 5.66	| 0.19
1524	| 3.28	| 3.44	| 3.29	| 0.16
1525	| 0.50	| 0.45	| 0.47	| 0.04
1526	| 3.87	| 3.94	| 3.94	| 0.08
1527	| 5.93	| 5.88	| 5.84	| 0.09
1528	| 0.99	| 0.95	| 0.95	| 0.05
1529	| 4.77	| 4.69	| 4.78	| 0.10
1530	| 5.39	| 5.45	| 5.30	| 0.14
1531	| 0.41	| 0.44	| 0.42	| 0.03
1532	| 1.69	| 1.74	| 1.72	| 0.05
1533	| 2.28	| 2.12	| 2.19	| 0.16
1534	| 1.20	| 1.28	| 1.23	| 0.07
1535	| 6.51	| 6.47	| 6.57	| 0.10
1536	| 1.10	| 1.08	| 1.14	| 0.06
1537	| 0.03	| 0.04	| 0.03	| 0.01
1538	| 0.65	| 0.56	| 0.61	| 0.08
1539	| 2.25	| 2.31	| 2.25	| 0.06
1540	| 2.70	| 2.69	| 2.58	| 0.11
1541	| 0.10	| 0.10	| 0.09	| 0.01
1542	| 3.51	| 3.51	| 3.59	| 0.08
1543	| 5.91	| 5.86	| 5.91	| 0.05
1544	| 6.14	| 6.13	| 6.40	| 0.27
1545	| 0.28	| 0.31	| 0.26	| 0.05
1546	| 4.30	| 4.32	| 4.37	| 0.06
1547	| 0.73	| 0.68	| 0.69	| 0.05
1548	| 3.28	| 3.29	| 3.40	| 0.12
1549	| 4.73	| 4.74	| 4.87	| 0.14
1550	| 5.59	| 5.63	| 5.51	| 0.12
1551	| 0.31	| 0.30	| 0.29	| 0.02
1552	| 1.96	| 1.85	| 1.83	| 0.13
1553	| 1.87	| 1.80	| 1.81	| 0.07
1554	| 3.86	| 3.82	| 3.91	| 0.09
1555	| 4.89	| 4.81	| 4.88	| 0.08
1556	| 5.78	| 5.58	| 5.65	| 0.20
1557	| 2.32	| 2.39	| 2.33	| 0.07
1558	| 0.92	| 0.92	| 0.94	| 0.02
1559	| 1.34	| 1.28	| 1.30	| 0.06
1560	| 3.34	| 3.35	| 3.37	| 0.03
1561	| 2.15	| 2.12	| 2.11	| 0.04
1562	| 1.69	| 1.72	| 1.72	| 0.03
1563	| 1.39	| 1.48	| 1.41	| 0.09
1564	| 4.12	| 4.00	| 4.04	| 0.13
1565	| 2.97	| 3.00	| 3.11	| 0.15
1566	| 3.80	| 3.76	| 3.75	| 0.05
1567	| 2.33	| 2.34	| 2.27	| 0.07
1568	| 5.71	| 5.70	| 5.70	| 0.02
1569	| 0.77	| 0.78	| 0.83	| 0.06
1570	| 1.73	| 1.74	| 1.84	| 0.11
1571	| 0.89	| 0.81	| 0.81	| 0.08
1572	| 3.22	| 3.22	| 3.25	| 0.04
1573	| 4.47	| 4.54	| 4.34	| 0.21
1574	| 6.13	| 6.02	| 6.43	| 0.41
1575	| 2.41	| 2.27	| 2.36	| 0.14
1576	| 5.59	| 5.42	| 5.57	| 0.17
1577	| 3.74	| 3.66	| 3.82	| 0.16
1578	| 6.10	| 5.91	| 5.98	| 0.19
1579	| 1.69	| 1.65	| 1.62	| 0.07
1580	| 1.47	| 1.53	| 1.54	| 0.07
1581	| 4.71	| 4.70	| 4.70	| 0.01
1582	| 6.00	| 5.92	| 5.90	| 0.10
1583	| 3.39	| 3.37	| 3.31	| 0.08
1584	| 1.70	| 1.67	| 1.75	| 0.09
1585	| 5.07	| 5.04	| 5.26	| 0.21
1586	| 3.10	| 3.23	| 3.16	| 0.12
1587	| 5.72	| 5.84	| 5.69	| 0.14
1588	| 3.16	| 3.13	| 3.12	| 0.05
1589	| 2.84	| 2.83	| 2.86	| 0.03
1590	| 5.34	| 5.33	| 5.42	| 0.09
1591	| 6.02	| 5.83	| 6.05	| 0.22
1592	| 3.45	| 3.41	| 3.51	| 0.10
1593	| 1.27	| 1.28	| 1.26	| 0.02
1594	| 1.01	| 1.09	| 1.08	| 0.08
1595	| 0.89	| 0.89	| 0.88	| 0.02
1596	| 0.26	| 0.27	| 0.27	| 0.01
1597	| 3.83	| 3.78	| 3.76	| 0.08
1598	| 3.46	| 3.41	| 3.42	| 0.05
1599	| 4.52	| 4.45	| 4.43	| 0.09
1600	| 5.58	| 5.61	| 5.55	| 0.06
1601	| 1.33	| 1.40	| 1.34	| 0.07
1602	| 5.19	| 5.15	| 5.11	| 0.08
1603	| 6.29	| 6.25	| 6.26	| 0.04
1604	| 4.94	| 4.95	| 4.95	| 0.01
1605	| 1.69	| 1.82	| 1.75	| 0.13
1606	| 3.63	| 3.61	| 3.53	| 0.10
1607	| 0.46	| 0.50	| 0.52	| 0.06
1608	| 2.28	| 2.29	| 2.31	| 0.02
1609	| 5.62	| 5.73	| 5.46	| 0.26
1610	| 3.96	| 4.04	| 4.01	| 0.09
1611	| 6.19	| 6.14	| 6.01	| 0.18
1612	| 2.86	| 2.89	| 2.84	| 0.05
1613	| 6.01	| 5.90	| 5.96	| 0.11
1614	| 5.38	| 5.40	| 5.53	| 0.15
1615	| 0.87	| 0.86	| 0.84	| 0.03
1616	| 1.66	| 1.62	| 1.59	| 0.08
1617	| 0.47	| 0.50	| 0.47	| 0.04
1618	| 6.35	| 6.30	| 6.47	| 0.17
1619	| 5.57	| 5.52	| 5.63	| 0.11
1620	| 2.02	| 1.95	| 2.01	| 0.06
1621	| 2.89	| 2.79	| 2.86	| 0.10
1622	| 5.19	| 5.28	| 5.24	| 0.09
1623	| 3.24	| 3.26	| 3.33	| 0.09
1624	| 1.36	| 1.33	| 1.27	| 0.09
1625	| 4.66	| 4.52	| 4.55	| 0.14
1626	| 2.19	| 2.19	| 2.22	| 0.03
1627	| 2.35	| 2.30	| 2.37	| 0.07
1628	| 0.84	| 0.84	| 0.89	| 0.05
1629	| 5.39	| 5.45	| 5.34	| 0.11
1630	| 3.92	| 3.98	| 4.07	| 0.15
1631	| 4.80	| 4.87	| 4.79	| 0.08
1632	| 4.40	| 4.31	| 4.38	| 0.09
1633	| 2.12	| 2.17	| 2.15	| 0.04
1634	| 1.20	| 1.28	| 1.21	| 0.08
1635	| 5.75	| 5.76	| 5.66	| 0.09
1636	| 6.13	| 6.00	| 5.96	| 0.17
1637	| 5.48	| 5.55	| 5.58	| 0.09
1638	| 3.09	| 3.21	| 3.10	| 0.13
1639	| 5.25	| 5.24	| 5.21	| 0.04
1640	| 5.27	| 5.41	| 5.46	| 0.20
1641	| 1.48	| 1.51	| 1.57	| 0.10
1642	| 3.64	| 3.64	| 3.65	| 0.01
1643	| 6.04	| 6.02	| 6.13	| 0.11
1644	| 5.91	| 5.96	| 5.87	| 0.09
1645	| 4.92	| 5.06	| 4.99	| 0.15
1646	| 0.03	| 0.03	| 0.03	| 0.00
1647	| 4.41	| 4.40	| 4.39	| 0.03
1648	| 6.28	| 6.43	| 6.38	| 0.15
1649	| 4.30	| 4.41	| 4.36	| 0.10
1650	| 6.31	| 6.50	| 6.55	| 0.23
1651	| 1.04	| 1.09	| 1.00	| 0.10
1652	| 3.81	| 3.81	| 3.89	| 0.08
1653	| 2.95	| 3.08	| 3.03	| 0.13
1654	| 4.67	| 4.60	| 4.49	| 0.18
1655	| 1.41	| 1.31	| 1.39	| 0.10
1656	| 2.44	| 2.41	| 2.50	| 0.09
1657	| 0.64	| 0.66	| 0.65	| 0.02
1658	| 5.13	| 4.99	| 5.02	| 0.14
1659	| 3.94	| 3.84	| 3.83	| 0.11
1660	| 0.01	| 0.00	| 0.00	| 0.00
1661	| 5.27	| 5.33	| 5.43	| 0.15
1662	| 5.92	| 5.82	| 5.90	| 0.09
1663	| 4.41	| 4.59	| 4.55	| 0.18
1664	| 0.84	| 0.80	| 0.85	| 0.05
1665	| 4.38	| 4.26	| 4.28	| 0.12
1666	| 0.01	| 0.01	| 0.02	| 0.01
1667	| 5.99	| 6.02	| 5.89	| 0.13
1668	| 1.33	| 1.28	| 1.34	| 0.06
1669	| 6.58	| 6.53	| 6.41	| 0.17
1670	| 4.95	| 4.92	| 4.90	| 0.05
1671	| 2.60	| 2.58	| 2.47	| 0.13
1672	| 2.87	| 3.05	| 2.90	| 0.18
1673	| 0.05	| 0.06	| 0.05	| 0.01
1674	| 5.03	| 4.93	| 5.05	| 0.12
1675	| 6.17	| 6.14	| 6.39	| 0.25
1676	| 4.77	| 4.90	| 4.81	| 0.13
1677	| 4.52	| 4.51	| 4.51	| 0.02
1678	| 2.51	| 2.58	| 2.57	| 0.07
1679	| 5.53	| 5.61	| 5.71	| 0.18
1680	| 6.38	| 6.56	| 6.38	| 0.18
1681	| 4.50	| 4.40	| 4.69	| 0.29
1682	| 3.09	| 3.03	| 3.15	| 0.12
1683	| 3.99	| 4.07	| 3.99	| 0.08
1684	| 6.08	| 6.16	| 6.18	| 0.10
1685	| 0.94	| 0.92	| 0.93	| 0.02
1686	| 5.27	| 5.07	| 5.00	| 0.27
1687	| 2.56	| 2.57	| 2.56	| 0.01
1688	| 6.21	| 6.22	| 6.23	| 0.02
1689	| 4.31	| 4.20	| 4.33	| 0.13
1690	| 1.60	| 1.61	| 1.63	| 0.03
1691	| 0.33	| 0.32	| 0.29	| 0.04
1692	| 0.48	| 0.51	| 0.51	| 0.04
1693	| 4.04	| 3.97	| 4.10	| 0.13
1694	| 6.22	| 6.32	| 6.35	| 0.13
1695	| 1.28	| 1.29	| 1.33	| 0.05
1696	| 4.41	| 4.64	| 4.61	| 0.24
1697	| 0.97	| 1.00	| 0.92	| 0.08
1698	| 2.79	| 2.69	| 2.67	| 0.13
1699	| 4.77	| 4.78	| 4.81	| 0.03
1700	| 0.99	| 1.11	| 1.08	| 0.12
1701	| 1.51	| 1.52	| 1.49	| 0.03
1702	| 0.05	| 0.05	| 0.04	| 0.00
1703	| 6.25	| 6.02	| 6.33	| 0.31
1704	| 5.36	| 5.42	| 5.31	| 0.11
1705	| 6.05	| 5.88	| 6.14	| 0.26
1706	| 3.08	| 3.11	| 3.11	| 0.03
1707	| 1.36	| 1.31	| 1.30	| 0.06
1708	| 6.22	| 6.17	| 6.26	| 0.09
1709	| 3.76	| 3.77	| 3.75	| 0.01
1710	| 0.14	| 0.15	| 0.13	| 0.01
1711	| 4.38	| 4.44	| 4.48	| 0.10
1712	| 0.18	| 0.19	| 0.20	| 0.02
1713	| 1.16	| 1.13	| 1.23	| 0.10
1714	| 3.92	| 4.02	| 3.95	| 0.09
1715	| 2.98	| 2.93	| 2.88	| 0.10
1716	| 0.07	| 0.07	| 0.06	| 0.01
1717	| 5.52	| 5.47	| 5.54	| 0.07
1718	| 4.66	| 4.53	| 4.48	| 0.18
1719	| 3.44	| 3.58	| 3.62	| 0.19
1720	| 3.90	| 3.87	| 3.89	| 0.03
1721	| 5.02	| 4.88	| 4.96	| 0.14
1722	| 3.28	| 3.29	| 3.27	| 0.01
1723	| 2.66	| 2.58	| 2.69	| 0.10
1724	| 6.23	| 6.22	| 6.28	| 0.06
1725	| 2.89	| 2.86	| 2.99	| 0.13
1726	| 0.77	| 0.74	| 0.76	| 0.03
1727	| 5.98	| 5.93	| 5.92	| 0.06
1728	| 0.75	| 0.74	| 0.76	| 0.01
1729	| 1.13	| 1.09	| 1.12	| 0.04
1730	| 3.48	| 3.38	| 3.50	| 0.13
1731	| 5.48	| 5.54	| 5.40	| 0.14
1732	| 2.36	| 2.25	| 2.31	| 0.11
1733	| 2.56	| 2.56	| 2.51	| 0.06
1734	| 4.91	| 4.88	| 4.93	| 0.06
1735	| 0.95	| 1.01	| 1.08	| 0.13
1736	| 5.27	| 5.12	| 5.23	| 0.15
1737	| 4.63	| 4.67	| 4.61	| 0.06
1738	| 4.79	| 4.75	| 4.78	| 0.04
1739	| 2.91	| 2.89	| 2.85	| 0.06
1740	| 2.88	| 2.85	| 2.81	| 0.07
1741	| 5.17	| 5.26	| 5.12	| 0.14
1742	| 1.96	| 1.91	| 1.91	| 0.05
1743	| 4.11	| 4.22	| 4.16	| 0.10
1744	| 4.50	| 4.40	| 4.56	| 0.16
1745	| 3.10	| 3.07	| 3.01	| 0.10
1746	| 5.46	| 5.39	| 5.50	| 0.11
1747	| 0.21	| 0.24	| 0.25	| 0.04
1748	| 4.52	| 4.61	| 4.44	| 0.17
1749	| 2.44	| 2.37	| 2.39	| 0.07
1750	| 0.79	| 0.73	| 0.74	| 0.06
1751	| 6.33	| 6.19	| 6.28	| 0.14
1752	| 1.27	| 1.28	| 1.28	| 0.01
1753	| 0.50	| 0.47	| 0.48	| 0.02
1754	| 5.34	| 5.25	| 5.35	| 0.10
1755	| 0.07	| 0.07	| 0.08	| 0.01
1756	| 0.98	| 1.06	| 0.98	| 0.08
1757	| 2.42	| 2.23	| 2.37	| 0.19
1758	| 5.65	| 5.47	| 5.63	| 0.18
1759	| 2.58	| 2.57	| 2.63	| 0.07
1760	| 2.34	| 2.23	| 2.35	| 0.12
1761	| 4.13	| 3.98	| 4.16	| 0.18
1762	| 6.31	| 6.34	| 6.42	| 0.11
1763	| 4.62	| 4.63	| 4.52	| 0.11
1764	| 2.06	| 2.05	| 2.01	| 0.04
1765	| 0.52	| 0.56	| 0.52	| 0.04
1766	| 3.44	| 3.43	| 3.48	| 0.05
1767	| 0.95	| 0.95	| 0.94	| 0.01
1768	| 0.61	| 0.63	| 0.62	| 0.02
1769	| 0.49	| 0.47	| 0.44	| 0.05
1770	| 3.01	| 3.02	| 3.15	| 0.13
1771	| 0.11	| 0.09	| 0.10	| 0.02
1772	| 2.88	| 2.75	| 2.85	| 0.14
1773	| 3.66	| 3.61	| 3.51	| 0.15
1774	| 0.11	| 0.09	| 0.09	| 0.02
1775	| 2.18	| 2.08	| 2.03	| 0.15
1776	| 2.21	| 2.24	| 2.17	| 0.07
1777	| 5.30	| 5.50	| 5.35	| 0.20
1778	| 3.37	| 3.27	| 3.38	| 0.11
1779	| 0.94	| 0.95	| 0.88	| 0.07
1780	| 2.24	| 2.24	| 2.24	| 0.00
1781	| 1.36	| 1.33	| 1.34	| 0.04
1782	| 0.21	| 0.21	| 0.20	| 0.02
1783	| 5.51	| 5.46	| 5.45	| 0.06
1784	| 2.52	| 2.56	| 2.53	| 0.04
1785	| 0.27	| 0.27	| 0.29	| 0.02
1786	| 2.92	| 2.94	| 2.93	| 0.02
1787	| 1.54	| 1.55	| 1.53	| 0.02
1788	| 6.54	| 6.49	| 6.37	| 0.17
1789	| 5.59	| 5.66	| 5.66	| 0.07
1790	| 0.98	| 1.02	| 0.99	| 0.04
1791	| 6.34	| 6.35	| 6.53	| 0.20
1792	| 5.34	| 5.44	| 5.32	| 0.12
1793	| 0.50	| 0.52	| 0.51	| 0.02
1794	| 5.17	| 5.19	| 5.07	| 0.12
1795	| 3.39	| 3.31	| 3.33	| 0.08
1796	| 0.08	| 0.09	| 0.09	| 0.01
1797	| 3.34	| 3.50	| 3.44	| 0.16
1798	| 4.77	| 4.92	| 4.78	| 0.15
1799	| 2.46	| 2.55	| 2.62	| 0.17
1800	| 5.80	| 5.69	| 5.76	| 0.11
1801	| 1.11	| 1.14	| 1.09	| 0.05
1802	| 1.54	| 1.44	| 1.44	| 0.10
1803	| 4.06	| 4.05	| 4.12	| 0.08
1804	| 0.92	| 1.02	| 0.95	| 0.11
1805	| 5.38	| 5.35	| 5.39	| 0.04
1806	| 0.26	| 0.28	| 0.25	| 0.03
1807	| 1.09	| 1.11	| 1.07	| 0.04
1808	| 6.04	| 5.99	| 6.01	| 0.05
1809	| 3.05	| 3.00	| 3.02	| 0.05
1810	| 0.49	| 0.50	| 0.46	| 0.04
1811	| 6.54	| 6.50	| 6.51	| 0.04
1812	| 0.14	| 0.16	| 0.14	| 0.02
1813	| 3.19	| 3.15	| 3.26	| 0.11
1814	| 4.92	| 4.92	| 4.94	| 0.02
1815	| 1.72	| 1.72	| 1.63	| 0.09
1816	| 4.54	| 4.53	| 4.48	| 0.05
1817	| 1.34	| 1.29	| 1.31	| 0.05
1818	| 5.47	| 5.58	| 5.41	| 0.17
1819	| 6.17	| 6.32	| 6.13	| 0.19
1820	| 3.37	| 3.56	| 3.39	| 0.19
1821	| 3.36	| 3.41	| 3.36	| 0.05
1822	| 5.68	| 5.69	| 5.69	| 0.00
1823	| 4.25	| 4.27	| 4.31	| 0.06
1824	| 3.45	| 3.28	| 3.36	| 0.18
1825	| 1.19	| 1.28	| 1.20	| 0.09
1826	| 2.62	| 2.62	| 2.70	| 0.08
1827	| 3.61	| 3.49	| 3.54	| 0.11
1828	| 6.12	| 6.08	| 6.02	| 0.10
1829	| 6.39	| 6.24	| 6.27	| 0.15
1830	| 1.98	| 1.98	| 1.93	| 0.04
1831	| 5.20	| 5.11	| 5.11	| 0.09
1832	| 4.96	| 4.95	| 5.00	| 0.05
1833	| 6.33	| 6.28	| 6.21	| 0.11
1834	| 3.69	| 3.59	| 3.50	| 0.19
1835	| 0.28	| 0.25	| 0.22	| 0.05
1836	| 1.85	| 1.76	| 1.91	| 0.15
1837	| 2.63	| 2.59	| 2.61	| 0.04
1838	| 5.16	| 5.03	| 4.92	| 0.24
1839	| 0.73	| 0.78	| 0.76	| 0.04
1840	| 3.35	| 3.34	| 3.39	| 0.05
1841	| 2.21	| 2.14	| 2.16	| 0.07
1842	| 5.39	| 5.45	| 5.42	| 0.05
1843	| 4.37	| 4.25	| 4.45	| 0.20
1844	| 1.74	| 1.67	| 1.68	| 0.06
1845	| 0.86	| 0.80	| 0.79	| 0.06
1846	| 0.03	| 0.02	| 0.04	| 0.02
1847	| 6.16	| 6.05	| 5.90	| 0.26
1848	| 3.34	| 3.37	| 3.41	| 0.06
1849	| 4.69	| 4.54	| 4.66	| 0.15
1850	| 0.56	| 0.58	| 0.57	| 0.02
1851	| 6.41	| 6.45	| 6.43	| 0.04
1852	| 3.50	| 3.48	| 3.65	| 0.17
1853	| 4.01	| 3.93	| 3.97	| 0.08
1854	| 4.49	| 4.38	| 4.32	| 0.18
1855	| 5.35	| 5.22	| 5.44	| 0.22
1856	| 2.79	| 2.84	| 2.85	| 0.06
1857	| 2.50	| 2.37	| 2.57	| 0.20
1858	| 5.27	| 5.18	| 5.19	| 0.09
1859	| 0.13	| 0.13	| 0.14	| 0.00
1860	| 4.27	| 4.44	| 4.34	| 0.16
1861	| 3.90	| 3.95	| 3.99	| 0.09
1862	| 5.93	| 6.03	| 6.03	| 0.10
1863	| 2.67	| 2.72	| 2.69	| 0.05
1864	| 4.80	| 4.88	| 4.80	| 0.08
1865	| 1.03	| 1.01	| 1.01	| 0.02
1866	| 6.46	| 6.45	| 6.58	| 0.13
1867	| 6.47	| 6.51	| 6.52	| 0.04
1868	| 5.62	| 5.67	| 5.76	| 0.15
1869	| 6.41	| 6.42	| 6.46	| 0.04
1870	| 4.83	| 4.77	| 4.84	| 0.08
1871	| 2.29	| 2.23	| 2.29	| 0.06
1872	| 2.76	| 2.79	| 2.85	| 0.09
1873	| 3.24	| 3.15	| 3.19	| 0.10
1874	| 5.80	| 5.82	| 5.78	| 0.04
1875	| 3.15	| 3.23	| 3.09	| 0.14
1876	| 3.72	| 3.75	| 3.80	| 0.09
1877	| 6.00	| 6.08	| 5.96	| 0.12
1878	| 3.54	| 3.62	| 3.53	| 0.08
1879	| 1.68	| 1.70	| 1.77	| 0.09
1880	| 1.61	| 1.68	| 1.69	| 0.07
1881	| 0.40	| 0.44	| 0.40	| 0.04
1882	| 3.55	| 3.52	| 3.49	| 0.06
1883	| 2.09	| 2.15	| 2.05	| 0.10
1884	| 4.50	| 4.67	| 4.54	| 0.17
1885	| 5.91	| 5.93	| 5.94	| 0.03
1886	| 2.53	| 2.39	| 2.46	| 0.14
1887	| 1.14	| 1.08	| 1.08	| 0.05
1888	| 1.29	| 1.33	| 1.32	| 0.04
1889	| 3.32	| 3.26	| 3.26	| 0.06
1890	| 0.37	| 0.35	| 0.31	| 0.06
1891	| 1.17	| 1.13	| 1.19	| 0.05
1892	| 6.00	| 6.04	| 5.97	| 0.07
1893	| 3.11	| 3.10	| 3.03	| 0.08
1894	| 5.61	| 5.55	| 5.73	| 0.18
1895	| 4.81	| 4.71	| 4.76	| 0.09
1896	| 5.08	| 4.92	| 5.08	| 0.16
1897	| 0.13	| 0.12	| 0.11	| 0.01
1898	| 0.04	| 0.03	| 0.05	| 0.02
1899	| 3.13	| 3.05	| 3.15	| 0.10
1900	| 3.74	| 3.82	| 3.81	| 0.08
1901	| 6.52	| 6.35	| 6.39	| 0.17
1902	| 3.21	| 3.15	| 3.15	| 0.06
1903	| 0.26	| 0.22	| 0.27	| 0.05
1904	| 3.52	| 3.49	| 3.35	| 0.17
1905	| 3.92	| 4.00	| 4.03	| 0.11
1906	| 3.10	| 2.91	| 2.97	| 0.19
1907	| 5.25	| 5.28	| 5.27	| 0.03
1908	| 4.08	| 4.06	| 4.09	| 0.03
1909	| 1.68	| 1.64	| 1.68	| 0.04
1910	| 5.74	| 5.61	| 5.47	| 0.28
1911	| 1.46	| 1.48	| 1.49	| 0.03
1912	| 0.29	| 0.31	| 0.28	| 0.03
1913	| 1.45	| 1.44	| 1.42	| 0.03
1914	| 4.96	| 5.08	| 5.13	| 0.17
1915	| 6.36	| 6.31	| 6.32	| 0.05
1916	| 3.08	| 3.07	| 2.99	| 0.09
1917	| 2.47	| 2.40	| 2.37	| 0.10
1918	| 2.74	| 2.82	| 2.69	| 0.13
1919	| 2.11	| 2.18	| 2.12	| 0.07
1920	| 2.00	| 1.98	| 1.96	| 0.04
1921	| 0.79	| 0.78	| 0.80	| 0.02
1922	| 1.77	| 1.74	| 1.80	| 0.06
1923	| 3.12	| 3.05	| 3.03	| 0.09
1924	| 0.56	| 0.56	| 0.57	| 0.02
1925	| 3.89	| 3.87	| 3.90	| 0.03
1926	| 2.99	| 3.10	| 3.05	| 0.11
1927	| 4.50	| 4.39	| 4.33	| 0.17
1928	| 2.51	| 2.48	| 2.63	| 0.15
1929	| 1.71	| 1.75	| 1.63	| 0.12
1930	| 1.49	| 1.52	| 1.53	| 0.04
1931	| 0.87	| 0.92	| 0.93	| 0.06
1932	| 5.01	| 4.99	| 5.03	| 0.04
1933	| 2.44	| 2.52	| 2.44	| 0.08
1934	| 6.14	| 6.04	| 6.16	| 0.12
1935	| 3.96	| 3.79	| 3.97	| 0.18
1936	| 4.47	| 4.42	| 4.50	| 0.09
1937	| 3.60	| 3.63	| 3.61	| 0.03
1938	| 4.18	| 4.06	| 4.07	| 0.13
1939	| 2.57	| 2.57	| 2.63	| 0.07
1940	| 1.28	| 1.30	| 1.40	| 0.12
1941	| 3.08	| 2.99	| 3.07	| 0.09
1942	| 0.10	| 0.10	| 0.10	| 0.00
1943	| 1.83	| 1.85	| 1.83	| 0.02
1944	| 3.21	| 3.17	| 3.20	| 0.05
1945	| 2.66	| 2.65	| 2.60	| 0.06
1946	| 4.63	| 4.43	| 4.55	| 0.21
1947	| 6.52	| 6.48	| 6.24	| 0.29
1948	| 2.72	| 2.75	| 2.79	| 0.07
1949	| 5.97	| 5.93	| 6.06	| 0.13
1950	| 6.21	| 6.16	| 6.31	| 0.16
1951	| 2.15	| 2.22	| 2.18	| 0.07
1952	| 0.60	| 0.62	| 0.58	| 0.04
1953	| 3.86	| 3.85	| 3.75	| 0.10
1954	| 1.52	| 1.57	| 1.48	| 0.09
1955	| 4.51	| 4.54	| 4.63	| 0.12
1956	| 0.01	| 0.00	| 0.01	| 0.01
1957	| 0.82	| 0.84	| 0.79	| 0.05
1958	| 5.61	| 5.62	| 5.54	| 0.08
1959	| 3.77	| 3.65	| 3.79	| 0.13
1960	| 0.46	| 0.45	| 0.46	| 0.01
1961	| 2.84	| 2.87	| 2.86	| 0.03
1962	| 2.61	| 2.65	| 2.59	| 0.06
1963	| 5.34	| 5.34	| 5.38	| 0.04
1964	| 3.12	| 2.96	| 2.96	| 0.16
1965	| 2.88	| 2.90	| 2.82	| 0.08
1966	| 0.28	| 0.25	| 0.23	| 0.05
1967	| 6.60	| 6.58	| 6.35	| 0.25
1968	| 1.05	| 1.01	| 1.07	| 0.05
1969	| 4.15	| 4.23	| 4.22	| 0.08
1970	| 3.68	| 3.58	| 3.65	| 0.10
1971	| 1.90	| 1.84	| 1.81	| 0.09
1972	| 3.79	| 3.84	| 3.81	| 0.05
1973	| 0.10	| 0.10	| 0.09	| 0.01
1974	| 4.52	| 4.63	| 4.76	| 0.25
1975	| 1.83	| 1.90	| 1.91	| 0.08
1976	| 4.05	| 4.08	| 4.07	| 0.02
1977	| 4.04	| 4.15	| 4.13	| 0.11
1978	| 5.47	| 5.57	| 5.49	| 0.10
1979	| 0.18	| 0.21	| 0.21	| 0.03
1980	| 3.48	| 3.47	| 3.57	| 0.10
1981	| 5.30	| 5.22	| 5.26	| 0.08
1982	| 3.25	| 3.26	| 3.19	| 0.07
1983	| 5.63	| 5.63	| 5.50	| 0.13
1984	| 4.62	| 4.54	| 4.66	| 0.12
1985	| 5.50	| 5.39	| 5.45	| 0.11
1986	| 0.86	| 0.92	| 0.90	| 0.06
1987	| 1.34	| 1.39	| 1.42	| 0.07
1988	| 4.38	| 4.47	| 4.32	| 0.15
1989	| 4.93	| 4.93	| 4.95	| 0.03
1990	| 5.32	| 5.33	| 5.38	| 0.06
1991	| 2.89	| 2.94	| 2.84	| 0.09
1992	| 4.24	| 4.25	| 4.15	| 0.10
1993	| 5.10	| 5.06	| 5.02	| 0.08
1994	| 4.20	| 4.15	| 4.24	| 0.10
1995	| 5.35	| 5.23	| 5.32	| 0.12
1996	| 0.38	| 0.39	| 0.38	| 0.02
1997	| 1.26	| 1.27	| 1.35	| 0.09
1998	| 4.17	| 4.32	| 4.25	| 0.15
1999	| 5.96	| 5.93	| 6.05	| 0.13
2000	| 1.93	| 1.90	| 1.90	| 0.03
2001	| 0.67	| 0.68	| 0.74	| 0.08
2002	| 0.59	| 0.60	| 0.62	| 0.03
2003	| 5.38	| 5.61	| 5.58	| 0.24
2004	| 5.30	| 5.19	| 5.36	| 0.17
2005	| 4.82	| 4.81	| 4.87	| 0.06
2006	| 5.38	| 5.23	| 5.20	| 0.18
2007	| 6.45	| 6.37	| 6.30	| 0.15
2008	| 0.78	| 0.78	| 0.74	| 0.05
2009	| 1.62	| 1.66	| 1.70	| 0.08
2010	| 2.04	| 2.01	| 2.10	| 0.09
2011	| 3.30	| 3.36	| 3.38	| 0.08
2012	| 2.54	| 2.48	| 2.54	| 0.06
2013	| 5.28	| 5.44	| 5.51	| 0.23
2014	| 3.91	| 3.96	| 4.03	| 0.13
2015	| 0.05	| 0.06	| 0.07	| 0.02
2016	| 6.15	| 6.19	| 6.19	| 0.04
2017	| 0.54	| 0.53	| 0.53	| 0.01
2018	| 0.80	| 0.77	| 0.78	| 0.02
2019	| 1.34	| 1.42	| 1.30	| 0.11
2020	| 3.36	| 3.44	| 3.41	| 0.08
2021	| 4.97	| 5.00	| 5.05	| 0.08
2022	| 5.88	| 6.04	| 5.92	| 0.17
2023	| 3.69	| 3.70	| 3.77	| 0.07
2024	| 2.27	| 2.25	| 2.35	| 0.10
2025	| 3.87	| 3.83	| 3.94	| 0.11
2026	| 2.13	| 2.14	| 2.08	| 0.06
2027	| 0.94	| 0.93	| 0.86	| 0.08
2028	| 1.43	| 1.40	| 1.47	| 0.06
2029	| 5.26	| 5.20	| 5.34	| 0.14
2030	| 6.17	| 6.35	| 6.43	| 0.27
2031	| 3.13	| 3.16	| 3.14	| 0.03
2032	| 5.32	| 5.23	| 5.07	| 0.25
2033	| 0.46	| 0.46	| 0.41	| 0.05
2034	| 0.45	| 0.46	| 0.44	| 0.02
2035	| 4.66	| 4.64	| 4.58	| 0.08
2036	| 4.34	| 4.28	| 4.38	| 0.10
2037	| 4.15	| 4.22	| 4.11	| 0.12
2038	| 2.06	| 2.01	| 1.94	| 0.12
2039	| 6.47	| 6.46	| 6.40	| 0.07
2040	| 4.07	| 4.15	| 4.02	| 0.13
2041	| 5.21	| 5.28	| 5.21	| 0.08
2042	| 1.49	| 1.44	| 1.43	| 0.06
2043	| 4.36	| 4.33	| 4.21	| 0.15
2044	| 0.65	| 0.70	| 0.62	| 0.08
2045	| 0.59	| 0.57	| 0.61	| 0.04
2046	| 3.53	| 3.46	| 3.48	| 0.07
2047	| 5.94	| 6.02	| 5.96	| 0.08
2048	| 5.32	| 5.38	| 5.30	| 0.08
2049	| 0.73	| 0.73	| 0.81	| 0.08
2050	| 1.80	| 1.80	| 1.78	| 0.02
2051	| 0.10	| 0.11	| 0.10	| 0.02
2052	| 5.49	| 5.54	| 5.43	| 0.11
2053	| 3.52	| 3.42	| 3.44	| 0.10
2054	| 6.08	| 6.12	| 6.03	| 0.09
2055	| 0.40	| 0.39	| 0.42	| 0.03
2056	| 5.81	| 5.53	| 5.68	| 0.28
2057	| 3.63	| 3.72	| 3.56	| 0.16
2058	| 2.42	| 2.38	| 2.34	| 0.08
2059	| 2.77	| 2.83	| 2.71	| 0.12
2060	| 5.13	| 5.11	| 4.95	| 0.18
2061	| 4.18	| 4.27	| 4.30	| 0.12
2062	| 6.21	| 5.99	| 6.08	| 0.22
2063	| 0.07	| 0.07	| 0.07	| 0.01
2064	| 5.69	| 5.72	| 5.73	| 0.04
2065	| 1.57	| 1.59	| 1.54	| 0.06
2066	| 2.34	| 2.18	| 2.23	| 0.16
2067	| 6.17	| 6.28	| 6.26	| 0.11
2068	| 5.22	| 5.18	| 5.24	| 0.06
2069	| 5.30	| 5.36	| 5.28	| 0.08
2070	| 3.81	| 3.70	| 3.73	| 0.11
2071	| 0.56	| 0.53	| 0.54	| 0.03
2072	| 3.02	| 3.02	| 2.97	| 0.05
2073	| 5.80	| 5.84	| 5.86	| 0.06
2074	| 2.72	| 2.83	| 2.80	| 0.11
2075	| 2.31	| 2.25	| 2.32	| 0.08
2076	| 0.26	| 0.25	| 0.25	| 0.01
2077	| 3.73	| 3.67	| 3.59	| 0.14
2078	| 5.19	| 5.31	| 5.27	| 0.12
2079	| 5.40	| 5.61	| 5.60	| 0.22
2080	| 3.81	| 3.72	| 3.81	| 0.10
2081	| 2.61	| 2.69	| 2.55	| 0.14
2082	| 0.96	| 0.94	| 0.91	| 0.05
2083	| 4.94	| 4.93	| 4.99	| 0.06
2084	| 6.04	| 6.00	| 6.16	| 0.16
2085	| 2.85	| 2.80	| 2.78	| 0.07
2086	| 3.51	| 3.53	| 3.48	| 0.05
2087	| 1.09	| 1.08	| 1.08	| 0.01
2088	| 3.62	| 3.61	| 3.67	| 0.06
2089	| 5.25	| 5.11	| 5.33	| 0.22
2090	| 4.02	| 4.08	| 4.07	| 0.06
2091	| 2.12	| 2.25	| 2.21	| 0.13
2092	| 1.56	| 1.61	| 1.58	| 0.05
2093	| 6.39	| 6.38	| 6.31	| 0.09
2094	| 0.97	| 0.92	| 1.01	| 0.09
2095	| 0.15	| 0.20	| 0.16	| 0.05
2096	| 6.16	| 6.23	| 6.44	| 0.28
2097	| 1.10	| 1.09	| 1.06	| 0.04
2098	| 0.97	| 0.94	| 0.98	| 0.05
2099	| 2.51	| 2.56	| 2.48	| 0.09
2100	| 3.81	| 3.82	| 3.77	| 0.06
2101	| 0.53	| 0.51	| 0.56	| 0.05
2102	| 4.09	| 4.00	| 4.05	| 0.09
2103	| 2.57	| 2.56	| 2.64	| 0.08
2104	| 6.12	| 6.14	| 6.08	| 0.06
2105	| 2.32	| 2.30	| 2.23	| 0.09
2106	| 6.19	| 6.15	| 6.36	| 0.21
2107	| 3.88	| 3.76	| 3.77	| 0.12
2108	| 2.87	| 2.90	| 2.88	| 0.02
2109	| 5.98	| 5.86	| 5.97	| 0.12
2110	| 4.22	| 4.52	| 4.44	| 0.29
2111	| 0.92	| 0.94	| 0.92	| 0.02
2112	| 5.90	| 5.97	| 6.04	| 0.14
2113	| 0.82	| 0.83	| 0.84	| 0.02
2114	| 1.20	| 1.20	| 1.20	| 0.01
2115	| 1.36	| 1.31	| 1.31	| 0.05
2116	| 3.76	| 3.80	| 3.79	| 0.04
2117	| 4.69	| 4.79	| 4.61	| 0.18
2118	| 2.38	| 2.42	| 2.50	| 0.12
2119	| 5.25	| 5.37	| 5.34	| 0.11
2120	| 2.52	| 2.53	| 2.51	| 0.02
2121	| 5.49	| 5.59	| 5.49	| 0.10
2122	| 2.48	| 2.42	| 2.55	| 0.13
2123	| 3.69	| 3.64	| 3.68	| 0.06
2124	| 2.34	| 2.47	| 2.45	| 0.13
2125	| 4.27	| 4.35	| 4.20	| 0.15
2126	| 1.37	| 1.43	| 1.43	| 0.06
2127	| 0.73	| 0.74	| 0.72	| 0.02
2128	| 1.32	| 1.35	| 1.33	| 0.03
2129	| 4.54	| 4.50	| 4.46	| 0.08
2130	| 0.25	| 0.26	| 0.28	| 0.03
2131	| 1.50	| 1.64	| 1.49	| 0.15
2132	| 2.62	| 2.68	| 2.69	| 0.06
2133	| 6.46	| 6.40	| 6.45	| 0.06
2134	| 6.19	| 6.26	| 6.30	| 0.11
2135	| 4.30	| 4.31	| 4.16	| 0.15
2136	| 0.18	| 0.21	| 0.23	| 0.04
2137	| 5.20	| 5.27	| 5.29	| 0.08
2138	| 1.01	| 1.01	| 1.04	| 0.03
2139	| 3.35	| 3.28	| 3.23	| 0.12
2140	| 4.13	| 4.11	| 4.05	| 0.08
2141	| 3.81	| 3.75	| 3.71	| 0.10
2142	| 4.20	| 4.22	| 4.16	| 0.06
2143	| 4.48	| 4.63	| 4.61	| 0.15
2144	| 5.43	| 5.63	| 5.51	| 0.20
2145	| 6.65	| 6.50	| 6.48	| 0.17
2146	| 2.38	| 2.39	| 2.34	| 0.06
2147	| 1.74	| 1.62	| 1.75	| 0.13
2148	| 2.70	| 2.68	| 2.71	| 0.03
2149	| 3.98	| 4.07	| 3.88	| 0.19
2150	| 6.39	| 6.38	| 6.56	| 0.18
2151	| 0.22	| 0.19	| 0.22	| 0.03
2152	| 2.99	| 3.02	| 2.94	| 0.08
2153	| 3.04	| 2.92	| 3.05	| 0.13
2154	| 0.85	| 0.84	| 0.83	| 0.02
2155	| 3.83	| 3.83	| 3.91	| 0.08
2156	| 2.02	| 2.05	| 2.00	| 0.05
2157	| 1.72	| 1.63	| 1.70	| 0.09
2158	| 0.48	| 0.44	| 0.43	| 0.05
2159	| 2.23	| 2.16	| 2.11	| 0.12
2160	| 1.08	| 1.05	| 1.00	| 0.08
2161	| 3.27	| 3.20	| 3.23	| 0.06
2162	| 0.69	| 0.70	| 0.69	| 0.01
2163	| 3.90	| 3.79	| 3.85	| 0.12
2164	| 6.38	| 6.27	| 6.41	| 0.14
2165	| 1.99	| 1.98	| 1.96	| 0.02
2166	| 3.60	| 3.38	| 3.34	| 0.26
2167	| 4.54	| 4.54	| 4.56	| 0.02
2168	| 4.08	| 3.93	| 4.04	| 0.15
2169	| 6.04	| 6.08	| 6.19	| 0.15
2170	| 1.52	| 1.57	| 1.58	| 0.06
2171	| 6.01	| 6.02	| 5.99	| 0.04
2172	| 2.93	| 2.89	| 2.83	| 0.11
2173	| 1.24	| 1.17	| 1.16	| 0.09
2174	| 4.09	| 4.11	| 4.08	| 0.02
2175	| 2.94	| 3.00	| 2.99	| 0.06
2176	| 0.24	| 0.22	| 0.21	| 0.03
2177	| 5.70	| 5.61	| 5.55	| 0.15
2178	| 1.30	| 1.26	| 1.29	| 0.04
2179	| 6.45	| 6.30	| 6.31	| 0.15
2180	| 2.44	| 2.42	| 2.46	| 0.03
2181	| 0.47	| 0.51	| 0.48	| 0.05
2182	| 6.21	| 6.18	| 6.42	| 0.24
2183	| 4.77	| 4.93	| 4.68	| 0.25
2184	| 3.81	| 3.83	| 3.76	| 0.07
2185	| 2.26	| 2.36	| 2.33	| 0.10
2186	| 2.82	| 2.88	| 2.81	| 0.07
2187	| 5.41	| 5.32	| 5.34	| 0.09
2188	| 1.53	| 1.49	| 1.55	| 0.06
2189	| 2.62	| 2.56	| 2.66	| 0.10
2190	| 4.14	| 4.36	| 4.31	| 0.22
2191	| 1.47	| 1.51	| 1.46	| 0.05
2192	| 4.90	| 4.81	| 4.78	| 0.12
2193	| 5.97	| 5.69	| 5.92	| 0.27
2194	| 6.40	| 6.49	| 6.42	| 0.08
2195	| 5.95	| 6.01	| 5.80	| 0.21
2196	| 2.02	| 2.03	| 2.04	| 0.02
2197	| 5.49	| 5.44	| 5.62	| 0.18
2198	| 1.90	| 1.87	| 1.87	| 0.03
2199	| 0.88	| 0.83	| 0.82	| 0.06
2200	| 0.63	| 0.60	| 0.61	| 0.03
2201	| 0.37	| 0.39	| 0.38	| 0.02
2202	| 5.55	| 5.47	| 5.48	| 0.08
2203	| 0.27	| 0.29	| 0.29	| 0.02
2204	| 2.73	| 2.74	| 2.76	| 0.03
2205	| 2.65	| 2.61	| 2.62	| 0.04
2206	| 4.96	| 4.79	| 4.75	| 0.22
2207	| 2.77	| 2.73	| 2.80	| 0.06
2208	| 0.60	| 0.59	| 0.53	| 0.08
2209	| 2.51	| 2.49	| 2.47	| 0.04
2210	| 1.18	| 1.13	| 1.07	| 0.10
2211	| 5.55	| 5.55	| 5.58	| 0.03
2212	| 1.12	| 1.10	| 1.14	| 0.04
2213	| 3.84	| 3.79	| 3.88	| 0.09
2214	| 3.32	| 3.33	| 3.26	| 0.07
2215	| 4.87	| 5.01	| 5.05	| 0.17
2216	| 3.45	| 3.48	| 3.45	| 0.04
2217	| 4.57	| 4.57	| 4.74	| 0.18
2218	| 3.26	| 3.29	| 3.35	| 0.09
2219	| 3.80	| 3.79	| 3.73	| 0.07
2220	| 4.51	| 4.71	| 4.58	| 0.19
2221	| 6.04	| 6.28	| 6.13	| 0.24
2222	| 3.97	| 3.89	| 3.97	| 0.08
2223	| 1.46	| 1.56	| 1.46	| 0.10
2224	| 3.91	| 3.90	| 3.87	| 0.04
2225	| 5.66	| 5.60	| 5.49	| 0.17
2226	| 1.56	| 1.50	| 1.57	| 0.07
2227	| 3.21	| 3.29	| 3.29	| 0.08
2228	| 0.43	| 0.45	| 0.46	| 0.04
2229	| 1.59	| 1.59	| 1.56	| 0.03
2230	| 2.68	| 2.63	| 2.65	| 0.05
2231	| 4.67	| 4.66	| 4.74	| 0.07
2232	| 5.04	| 5.09	| 5.21	| 0.18
2233	| 3.49	| 3.66	| 3.50	| 0.16
2234	| 4.24	| 4.33	| 4.15	| 0.18
2235	| 3.85	| 3.94	| 3.94	| 0.09
2236	| 5.24	| 5.28	| 5.27	| 0.04
2237	| 5.02	| 5.09	| 4.89	| 0.20
2238	| 3.24	| 3.08	| 3.19	| 0.16
2239	| 3.81	| 3.75	| 3.73	| 0.08
2240	| 2.99	| 2.94	| 2.99	| 0.05
2241	| 5.69	| 5.71	| 5.66	| 0.05
2242	| 0.81	| 0.79	| 0.81	| 0.03
2243	| 1.39	| 1.41	| 1.38	| 0.02
2244	| 1.69	| 1.57	| 1.61	| 0.11
2245	| 2.64	| 2.66	| 2.63	| 0.03
2246	| 0.74	| 0.74	| 0.75	| 0.01
2247	| 1.75	| 1.82	| 1.82	| 0.07
2248	| 0.20	| 0.23	| 0.22	| 0.03
2249	| 5.59	| 5.51	| 5.50	| 0.09
2250	| 4.01	| 4.18	| 4.04	| 0.17
2251	| 2.53	| 2.56	| 2.55	| 0.03
2252	| 5.53	| 5.61	| 5.64	| 0.11
2253	| 3.18	| 3.15	| 3.22	| 0.07
2254	| 4.80	| 4.84	| 4.77	| 0.07
2255	| 4.35	| 4.31	| 4.32	| 0.04
2256	| 4.46	| 4.56	| 4.51	| 0.10
2257	| 6.49	| 6.51	| 6.61	| 0.12
2258	| 3.08	| 3.12	| 3.19	| 0.11
2259	| 0.58	| 0.60	| 0.59	| 0.02
2260	| 1.12	| 1.07	| 1.12	| 0.06
2261	| 6.10	| 6.09	| 6.11	| 0.02
2262	| 3.21	| 3.29	| 3.39	| 0.17
2263	| 3.12	| 3.09	| 3.09	| 0.03
2264	| 2.09	| 2.06	| 2.09	| 0.03
2265	| 4.13	| 4.31	| 4.05	| 0.25
2266	| 5.60	| 5.46	| 5.57	| 0.14
2267	| 4.16	| 4.15	| 4.02	| 0.14
2268	| 2.26	| 2.31	| 2.27	| 0.05
2269	| 3.39	| 3.36	| 3.38	| 0.03
2270	| 0.76	| 0.84	| 0.86	| 0.10
2271	| 1.97	| 1.97	| 2.05	| 0.09
2272	| 3.17	| 3.14	| 3.04	| 0.13
2273	| 3.83	| 3.94	| 3.78	| 0.16
2274	| 0.64	| 0.57	| 0.61	| 0.07
2275	| 6.11	| 5.88	| 5.91	| 0.22
2276	| 1.15	| 1.08	| 1.13	| 0.07
2277	| 5.63	| 5.59	| 5.75	| 0.16
2278	| 1.16	| 1.16	| 1.21	| 0.05
2279	| 0.20	| 0.19	| 0.21	| 0.02
2280	| 0.39	| 0.41	| 0.38	| 0.03
2281	| 4.06	| 4.00	| 4.11	| 0.10
2282	| 5.01	| 4.97	| 4.98	| 0.04
2283	| 4.11	| 4.22	| 4.05	| 0.18
2284	| 1.82	| 1.66	| 1.81	| 0.16
2285	| 4.85	| 4.81	| 4.77	| 0.08
2286	| 0.19	| 0.18	| 0.19	| 0.02
2287	| 3.85	| 3.91	| 3.97	| 0.11
2288	| 3.98	| 3.92	| 3.97	| 0.06
2289	| 3.43	| 3.38	| 3.37	| 0.06
2290	| 2.82	| 2.75	| 2.79	| 0.06
2291	| 2.81	| 2.85	| 2.85	| 0.04
2292	| 5.62	| 5.85	| 5.70	| 0.23
2293	| 5.24	| 5.19	| 5.14	| 0.10
2294	| 5.29	| 5.23	| 5.23	| 0.06
2295	| 6.05	| 6.13	| 5.96	| 0.17
2296	| 3.38	| 3.47	| 3.31	| 0.17
2297	| 2.87	| 2.85	| 2.85	| 0.02
2298	| 6.36	| 6.37	| 6.33	| 0.04
2299	| 6.33	| 6.37	| 6.47	| 0.15
2300	| 0.82	| 0.80	| 0.85	| 0.05
2301	| 3.14	| 3.07	| 3.07	| 0.07
2302	| 5.03	| 5.11	| 5.01	| 0.10
2303	| 1.37	| 1.50	| 1.51	| 0.14
2304	| 2.92	| 2.74	| 2.81	| 0.18
2305	| 3.71	| 3.62	| 3.74	| 0.11
2306	| 2.91	| 2.93	| 2.93	| 0.02
2307	| 1.23	| 1.25	| 1.24	| 0.02
2308	| 6.24	| 6.17	| 6.33	| 0.16
2309	| 5.29	| 5.30	| 5.38	| 0.09
2310	| 5.97	| 5.85	| 5.88	| 0.13
2311	| 5.65	| 5.77	| 5.64	| 0.13
2312	| 3.81	| 3.84	| 3.84	| 0.03
2313	| 4.60	| 4.52	| 4.60	| 0.08
2314	| 5.72	| 5.75	| 5.81	| 0.09
2315	| 1.23	| 1.22	| 1.16	| 0.07
2316	| 6.47	| 6.41	| 6.55	| 0.13
2317	| 6.36	| 6.34	| 6.23	| 0.13
2318	| 6.17	| 6.21	| 5.93	| 0.28
2319	| 2.60	| 2.67	| 2.67	| 0.07
2320	| 2.48	| 2.50	| 2.46	| 0.04
2321	| 0.39	| 0.37	| 0.39	| 0.03
2322	| 5.13	| 5.17	| 5.16	| 0.03
2323	| 2.56	| 2.63	| 2.48	| 0.15
2324	| 6.31	| 6.21	| 6.20	| 0.11
2325	| 4.01	| 3.98	| 4.01	| 0.03
2326	| 3.17	| 3.17	| 3.19	| 0.02
2327	| 1.40	| 1.38	| 1.43	| 0.05
2328	| 3.66	| 3.67	| 3.61	| 0.06
2329	| 5.85	| 5.92	| 5.83	| 0.09
2330	| 5.59	| 5.74	| 5.75	| 0.16
2331	| 4.65	| 4.67	| 4.69	| 0.04
2332	| 0.09	| 0.08	| 0.10	| 0.02
2333	| 5.06	| 5.22	| 5.18	| 0.15
2334	| 3.73	| 3.90	| 3.86	| 0.17
2335	| 5.04	| 5.13	| 4.98	| 0.15
2336	| 6.09	| 6.32	| 6.19	| 0.23
2337	| 5.30	| 5.21	| 5.47	| 0.25
2338	| 3.17	| 3.30	| 3.23	| 0.13
2339	| 3.70	| 3.73	| 3.67	| 0.06
2340	| 0.71	| 0.70	| 0.67	| 0.04
2341	| 3.68	| 3.75	| 3.68	| 0.07
2342	| 5.88	| 5.81	| 5.99	| 0.18
2343	| 0.07	| 0.07	| 0.06	| 0.01
2344	| 2.64	| 2.59	| 2.65	| 0.07
2345	| 5.47	| 5.41	| 5.41	| 0.06
2346	| 0.37	| 0.34	| 0.34	| 0.02
2347	| 4.26	| 4.09	| 4.17	| 0.17
2348	| 1.24	| 1.20	| 1.23	| 0.04
2349	| 5.09	| 5.03	| 5.13	| 0.10
2350	| 2.55	| 2.49	| 2.60	| 0.11
2351	| 2.15	| 2.22	| 2.17	| 0.07
2352	| 2.73	| 2.79	| 2.89	| 0.16
2353	| 1.90	| 2.02	| 1.98	| 0.11
2354	| 5.00	| 5.04	| 5.09	| 0.09
2355	| 1.77	| 1.81	| 1.84	| 0.07
2356	| 0.71	| 0.70	| 0.66	| 0.05
2357	| 3.68	| 3.69	| 3.54	| 0.15
2358	| 0.09	| 0.11	| 0.09	| 0.01
2359	| 5.95	| 5.86	| 5.75	| 0.20
2360	| 4.25	| 4.15	| 4.10	| 0.15
2361	| 5.17	| 5.18	| 5.19	| 0.02
2362	| 0.34	| 0.36	| 0.33	| 0.03
2363	| 4.59	| 4.57	| 4.55	| 0.04
2364	| 0.03	| 0.03	| 0.02	| 0.01
2365	| 4.96	| 4.93	| 4.90	| 0.05
2366	| 4.65	| 4.67	| 4.48	| 0.19
2367	| 4.59	| 4.63	| 4.55	| 0.08
2368	| 2.53	| 2.52	| 2.61	| 0.10
2369	| 5.30	| 5.28	| 5.20	| 0.10
2370	| 5.42	| 5.37	| 5.50	| 0.13
2371	| 1.78	| 1.78	| 1.74	| 0.04
2372	| 4.43	| 4.43	| 4.38	| 0.05
2373	| 6.47	| 6.52	| 6.38	| 0.14
2374	| 4.75	| 4.71	| 4.78	| 0.07
2375	| 0.06	| 0.06	| 0.05	| 0.01
2376	| 4.69	| 4.76	| 4.84	| 0.14
2377	| 1.90	| 1.95	| 1.99	| 0.09
2378	| 0.23	| 0.24	| 0.22	| 0.02
2379	| 2.55	| 2.65	| 2.72	| 0.17
2380	| 3.42	| 3.60	| 3.52	| 0.18
2381	| 4.46	| 4.40	| 4.55	| 0.15
2382	| 1.92	| 2.03	| 2.03	| 0.11
2383	| 4.48	| 4.44	| 4.55	| 0.11
2384	| 5.03	| 4.90	| 4.98	| 0.12
2385	| 6.48	| 6.50	| 6.50	| 0.02
2386	| 4.66	| 4.63	| 4.62	| 0.04
2387	| 1.93	| 1.91	| 1.93	| 0.02
2388	| 3.98	| 4.10	| 4.10	| 0.12
2389	| 5.30	| 5.32	| 5.18	| 0.14
2390	| 5.27	| 5.39	| 5.30	| 0.12
2391	| 1.23	| 1.27	| 1.18	| 0.09
2392	| 2.92	| 2.92	| 2.89	| 0.03
2393	| 3.42	| 3.38	| 3.42	| 0.05
2394	| 2.50	| 2.45	| 2.53	| 0.08
2395	| 0.12	| 0.13	| 0.13	| 0.02
2396	| 3.14	| 3.08	| 3.11	| 0.06
2397	| 1.29	| 1.27	| 1.29	| 0.03
2398	| 4.31	| 4.23	| 4.16	| 0.16
2399	| 0.79	| 0.74	| 0.78	| 0.05
2400	| 1.72	| 1.66	| 1.62	| 0.10
2401	| 0.56	| 0.55	| 0.57	| 0.02
2402	| 2.55	| 2.60	| 2.57	| 0.05
2403	| 2.32	| 2.28	| 2.26	| 0.06
2404	| 3.96	| 3.82	| 3.94	| 0.15
2405	| 1.26	| 1.31	| 1.26	| 0.05
2406	| 3.26	| 3.34	| 3.33	| 0.08
2407	| 0.96	| 1.08	| 1.02	| 0.12
2408	| 5.04	| 4.98	| 5.02	| 0.07
2409	| 1.50	| 1.50	| 1.49	| 0.01
2410	| 1.53	| 1.54	| 1.54	| 0.01
2411	| 1.21	| 1.24	| 1.23	| 0.03
2412	| 6.34	| 6.32	| 6.45	| 0.13
2413	| 3.72	| 3.64	| 3.67	| 0.08
2414	| 4.74	| 4.82	| 4.75	| 0.08
2415	| 0.10	| 0.09	| 0.09	| 0.01
2416	| 4.42	| 4.58	| 4.46	| 0.16
2417	| 4.41	| 4.40	| 4.38	| 0.03
2418	| 5.84	| 5.94	| 5.95	| 0.11
2419	| 3.69	| 3.70	| 3.72	| 0.03
2420	| 3.65	| 3.72	| 3.66	| 0.07
2421	| 1.84	| 1.76	| 1.76	| 0.08
2422	| 1.00	| 1.02	| 1.05	| 0.04
2423	| 5.92	| 6.19	| 5.99	| 0.27
2424	| 2.40	| 2.45	| 2.58	| 0.18
2425	| 6.19	| 6.15	| 6.05	| 0.15
2426	| 1.72	| 1.62	| 1.66	| 0.09
2427	| 1.71	| 1.68	| 1.77	| 0.09
2428	| 4.72	| 4.58	| 4.67	| 0.15
2429	| 4.79	| 4.82	| 4.74	| 0.08
2430	| 5.79	| 5.74	| 5.84	| 0.10
2431	| 5.66	| 5.61	| 5.53	| 0.13
2432	| 3.02	| 2.98	| 3.01	| 0.04
2433	| 5.16	| 5.13	| 5.17	| 0.04
2434	| 5.78	| 5.84	| 5.86	| 0.08
2435	| 3.67	| 3.90	| 3.84	| 0.24
2436	| 3.84	| 3.92	| 3.92	| 0.08
2437	| 1.46	| 1.44	| 1.48	| 0.05
2438	| 3.25	| 3.30	| 3.30	| 0.05
2439	| 5.62	| 5.58	| 5.57	| 0.06
2440	| 4.43	| 4.44	| 4.58	| 0.15
2441	| 3.39	| 3.30	| 3.39	| 0.09
2442	| 5.88	| 5.82	| 5.83	| 0.06
2443	| 5.80	| 5.67	| 5.63	| 0.18
2444	| 3.73	| 3.80	| 3.69	| 0.11
2445	| 3.06	| 2.99	| 3.03	| 0.06
2446	| 4.77	| 4.67	| 4.69	| 0.09
2447	| 6.44	| 6.42	| 6.41	| 0.04
2448	| 6.04	| 5.83	| 5.97	| 0.20
2449	| 4.45	| 4.29	| 4.42	| 0.16
2450	| 1.72	| 1.64	| 1.64	| 0.08
2451	| 4.73	| 4.69	| 4.68	| 0.05
2452	| 0.92	| 0.95	| 0.99	| 0.06
2453	| 2.93	| 2.77	| 2.78	| 0.16
2454	| 4.73	| 4.63	| 4.62	| 0.10
2455	| 5.67	| 5.66	| 5.81	| 0.15
2456	| 6.03	| 6.12	| 5.92	| 0.19
2457	| 1.60	| 1.68	| 1.65	| 0.07
2458	| 2.41	| 2.38	| 2.44	| 0.06
2459	| 0.43	| 0.44	| 0.41	| 0.02
2460	| 4.63	| 4.71	| 4.63	| 0.08
2461	| 1.99	| 1.96	| 1.86	| 0.13
2462	| 2.73	| 2.73	| 2.68	| 0.05
2463	| 6.28	| 6.19	| 6.22	| 0.09
2464	| 3.87	| 4.04	| 4.06	| 0.19
2465	| 5.70	| 5.61	| 5.72	| 0.11
2466	| 1.65	| 1.63	| 1.63	| 0.02
2467	| 0.16	| 0.15	| 0.15	| 0.00
2468	| 4.70	| 4.86	| 4.86	| 0.16
2469	| 0.67	| 0.64	| 0.65	| 0.03
2470	| 4.30	| 4.42	| 4.38	| 0.12
2471	| 4.96	| 5.01	| 4.98	| 0.05
2472	| 3.03	| 3.02	| 2.90	| 0.12
2473	| 6.12	| 6.00	| 6.02	| 0.12
2474	| 4.80	| 4.76	| 4.78	| 0.05
2475	| 4.70	| 4.79	| 4.76	| 0.09
2476	| 1.48	| 1.52	| 1.50	| 0.04
2477	| 1.30	| 1.32	| 1.35	| 0.05
2478	| 5.04	| 5.10	| 5.10	| 0.06
2479	| 1.54	| 1.62	| 1.51	| 0.10
2480	| 0.60	| 0.56	| 0.55	| 0.05
2481	| 3.69	| 3.66	| 3.65	| 0.04
2482	| 3.40	| 3.52	| 3.39	| 0.13
2483	| 3.14	| 3.21	| 3.18	| 0.08
2484	| 5.94	| 6.09	| 5.88	| 0.21
2485	| 5.13	| 5.18	| 5.16	| 0.05
2486	| 5.28	| 5.25	| 5.22	| 0.05
2487	| 2.38	| 2.33	| 2.44	| 0.11
2488	| 4.36	| 4.43	| 4.32	| 0.11
2489	| 6.58	| 6.47	| 6.28	| 0.30
2490	| 2.04	| 1.98	| 2.03	| 0.05
2491	| 6.31	| 6.42	| 6.37	| 0.10
2492	| 2.64	| 2.78	| 2.74	| 0.14
2493	| 4.73	| 4.74	| 4.68	| 0.07
2494	| 4.18	| 4.14	| 4.02	| 0.16
2495	| 1.10	| 1.02	| 1.12	| 0.10
2496	| 3.52	| 3.48	| 3.49	| 0.04
2497	| 1.34	| 1.44	| 1.40	| 0.10
2498	| 1.94	| 1.87	| 1.87	| 0.07
2499	| 2.25	| 2.33	| 2.19	| 0.14
2500	| 4.10	| 4.09	| 4.13	| 0.05
2501	| 5.49	| 5.49	| 5.54	| 0.05
2502	| 1.19	| 1.20	| 1.21	| 0.02
2503	| 1.79	| 1.79	| 1.86	| 0.07
2504	| 5.45	| 5.50	| 5.53	| 0.08
2505	| 3.88	| 3.89	| 3.77	| 0.12
2506	| 6.34	| 6.46	| 6.48	| 0.13
2507	| 1.67	| 1.63	| 1.64	| 0.04
2508	| 2.73	| 2.72	| 2.73	| 0.02
2509	| 5.12	| 5.03	| 5.01	| 0.11
2510	| 4.05	| 4.02	| 3.98	| 0.06
2511	| 1.37	| 1.35	| 1.38	| 0.03
2512	| 1.09	| 1.15	| 1.03	| 0.11
2513	| 0.48	| 0.55	| 0.51	| 0.07
2514	| 1.52	| 1.47	| 1.47	| 0.05
2515	| 5.73	| 5.68	| 5.64	| 0.09
2516	| 2.82	| 2.94	| 2.91	| 0.12
2517	| 3.64	| 3.70	| 3.63	| 0.07
2518	| 3.42	| 3.21	| 3.28	| 0.22
2519	| 2.91	| 2.89	| 2.84	| 0.07
2520	| 0.10	| 0.13	| 0.11	| 0.03
2521	| 2.64	| 2.71	| 2.75	| 0.11
2522	| 0.78	| 0.76	| 0.78	| 0.02
2523	| 3.74	| 3.66	| 3.70	| 0.08
2524	| 5.39	| 5.48	| 5.30	| 0.17
2525	| 1.35	| 1.40	| 1.37	| 0.05
2526	| 4.30	| 4.44	| 4.32	| 0.14
2527	| 2.92	| 2.93	| 2.89	| 0.04
2528	| 3.58	| 3.58	| 3.59	| 0.01
2529	| 3.54	| 3.47	| 3.66	| 0.19
2530	| 0.52	| 0.52	| 0.51	| 0.01
2531	| 2.68	| 2.67	| 2.75	| 0.07
2532	| 0.36	| 0.35	| 0.36	| 0.01
2533	| 4.27	| 4.23	| 4.29	| 0.05
2534	| 2.20	| 2.12	| 2.07	| 0.13
2535	| 3.88	| 3.88	| 3.73	| 0.15
2536	| 5.04	| 5.19	| 5.18	| 0.16
2537	| 1.55	| 1.47	| 1.50	| 0.08
2538	| 4.91	| 4.71	| 4.76	| 0.20
2539	| 5.44	| 5.49	| 5.33	| 0.16
2540	| 2.65	| 2.56	| 2.58	| 0.09
2541	| 3.67	| 3.65	| 3.79	| 0.15
2542	| 2.66	| 2.60	| 2.69	| 0.08
2543	| 2.27	| 2.25	| 2.22	| 0.05
2544	| 6.16	| 6.36	| 6.26	| 0.21
2545	| 1.56	| 1.50	| 1.56	| 0.06
2546	| 0.98	| 1.06	| 1.00	| 0.08
2547	| 0.16	| 0.17	| 0.15	| 0.02
2548	| 5.12	| 5.01	| 5.09	| 0.11
2549	| 0.00	| 0.01	| 0.01	| 0.01
2550	| 2.91	| 2.99	| 2.93	| 0.08
2551	| 1.68	| 1.71	| 1.60	| 0.11
2552	| 0.17	| 0.22	| 0.22	| 0.05
2553	| 3.52	| 3.48	| 3.71	| 0.23
2554	| 3.95	| 3.95	| 3.79	| 0.16
2555	| 2.27	| 2.28	| 2.21	| 0.08
2556	| 1.91	| 1.80	| 1.75	| 0.15
2557	| 1.83	| 1.83	| 1.82	| 0.01
2558	| 3.01	| 3.11	| 2.98	| 0.14
2559	| 2.17	| 2.13	| 2.09	| 0.08
2560	| 3.43	| 3.46	| 3.47	| 0.04
2561	| 5.28	| 5.19	| 5.21	| 0.09
2562	| 5.62	| 5.67	| 5.68	| 0.06
2563	| 1.73	| 1.63	| 1.69	| 0.09
2564	| 5.83	| 5.79	| 5.72	| 0.11
2565	| 2.98	| 2.97	| 2.87	| 0.11
2566	| 2.48	| 2.41	| 2.40	| 0.08
2567	| 0.41	| 0.43	| 0.43	| 0.02
2568	| 0.29	| 0.30	| 0.26	| 0.04
2569	| 3.66	| 3.63	| 3.74	| 0.12
2570	| 6.32	| 6.23	| 6.13	| 0.19
2571	| 1.07	| 1.05	| 1.01	| 0.06
2572	| 2.00	| 1.95	| 2.02	| 0.07
2573	| 3.22	| 3.18	| 3.09	| 0.13
2574	| 5.31	| 5.20	| 5.24	| 0.12
2575	| 3.86	| 3.75	| 3.81	| 0.11
2576	| 5.63	| 5.67	| 5.50	| 0.16
2577	| 0.72	| 0.73	| 0.72	| 0.01
2578	| 5.23	| 5.31	| 5.15	| 0.16
2579	| 0.40	| 0.36	| 0.39	| 0.05
2580	| 5.28	| 5.34	| 5.34	| 0.06
2581	| 3.77	| 3.81	| 3.75	| 0.06
2582	| 4.50	| 4.62	| 4.58	| 0.12
2583	| 4.62	| 4.76	| 4.55	| 0.21
2584	| 1.55	| 1.52	| 1.54	| 0.02
2585	| 3.01	| 2.97	| 3.05	| 0.08
2586	| 5.37	| 5.39	| 5.43	| 0.07
2587	| 4.31	| 4.36	| 4.41	| 0.09
2588	| 1.01	| 1.03	| 1.07	| 0.06
2589	| 3.12	| 3.13	| 3.12	| 0.01
2590	| 5.63	| 5.70	| 5.67	| 0.06
2591	| 6.40	| 6.50	| 6.37	| 0.13
2592	| 3.72	| 3.72	| 3.77	| 0.05
2593	| 5.16	| 5.12	| 4.96	| 0.21
2594	| 2.16	| 2.18	| 2.09	| 0.09
2595	| 4.12	| 4.23	| 4.11	| 0.12
2596	| 3.18	| 3.12	| 3.00	| 0.17
2597	| 3.71	| 3.75	| 3.74	| 0.05
2598	| 3.89	| 4.01	| 3.90	| 0.12
2599	| 2.23	| 2.22	| 2.29	| 0.07
2600	| 4.53	| 4.46	| 4.44	| 0.09
2601	| 2.34	| 2.31	| 2.33	| 0.03
2602	| 1.52	| 1.50	| 1.49	| 0.02
2603	| 3.94	| 3.98	| 3.99	| 0.04
2604	| 0.08	| 0.08	| 0.08	| 0.00
2605	| 2.04	| 2.10	| 2.18	| 0.14
2606	| 2.21	| 2.28	| 2.29	| 0.08
2607	| 6.28	| 6.25	| 6.41	| 0.16
2608	| 3.29	| 3.32	| 3.29	| 0.04
2609	| 6.44	| 6.62	| 6.59	| 0.19
2610	| 0.99	| 1.07	| 1.02	| 0.08
2611	| 1.22	| 1.14	| 1.14	| 0.08
2612	| 5.54	| 5.50	| 5.49	| 0.05
2613	| 0.76	| 0.76	| 0.69	| 0.07
2614	| 0.04	| 0.05	| 0.06	| 0.01
2615	| 1.58	| 1.54	| 1.54	| 0.04
2616	| 5.08	| 5.02	| 4.88	| 0.19
2617	| 2.81	| 2.79	| 2.94	| 0.15
2618	| 3.12	| 2.93	| 2.98	| 0.20
2619	| 5.22	| 5.29	| 5.24	| 0.07
2620	| 1.10	| 1.17	| 1.21	| 0.10
2621	| 1.36	| 1.33	| 1.29	| 0.07
2622	| 0.02	| 0.02	| 0.02	| 0.00
2623	| 3.17	| 3.21	| 3.27	| 0.10
2624	| 4.99	| 5.10	| 4.99	| 0.12
2625	| 2.06	| 2.07	| 1.97	| 0.09
2626	| 0.43	| 0.44	| 0.40	| 0.04
2627	| 4.50	| 4.53	| 4.45	| 0.08
2628	| 5.07	| 5.13	| 5.25	| 0.18
2629	| 0.69	| 0.68	| 0.74	| 0.06
2630	| 4.83	| 4.80	| 4.88	| 0.08
2631	| 0.64	| 0.65	| 0.58	| 0.07
2632	| 1.46	| 1.40	| 1.45	| 0.06
2633	| 4.08	| 4.21	| 4.10	| 0.13
2634	| 1.42	| 1.35	| 1.36	| 0.07
2635	| 4.89	| 4.86	| 4.90	| 0.04
2636	| 3.33	| 3.26	| 3.28	| 0.06
2637	| 1.54	| 1.44	| 1.47	| 0.10
2638	| 3.08	| 3.08	| 3.01	| 0.07
2639	| 1.15	| 1.12	| 1.17	| 0.05
2640	| 5.66	| 5.64	| 5.65	| 0.02
2641	| 1.34	| 1.31	| 1.36	| 0.05
2642	| 0.55	| 0.55	| 0.58	| 0.04
2643	| 4.31	| 4.38	| 4.38	| 0.08
2644	| 1.80	| 1.79	| 1.76	| 0.04
2645	| 0.11	| 0.10	| 0.11	| 0.01
2646	| 0.16	| 0.18	| 0.15	| 0.03
2647	| 3.58	| 3.61	| 3.65	| 0.07
2648	| 1.84	| 1.83	| 1.84	| 0.02
2649	| 6.60	| 6.49	| 6.48	| 0.12
2650	| 4.93	| 5.10	| 5.11	| 0.18
2651	| 4.86	| 4.86	| 4.85	| 0.01
2652	| 1.34	| 1.31	| 1.36	| 0.06
2653	| 6.27	| 6.35	| 6.27	| 0.09
2654	| 3.83	| 3.80	| 3.80	| 0.04
2655	| 2.80	| 2.79	| 2.86	| 0.07
2656	| 5.07	| 5.08	| 5.12	| 0.05
2657	| 1.80	| 1.77	| 1.80	| 0.03
2658	| 4.38	| 4.38	| 4.38	| 0.01
2659	| 0.54	| 0.56	| 0.56	| 0.02
2660	| 5.07	| 5.04	| 5.04	| 0.03
2661	| 2.36	| 2.56	| 2.43	| 0.20
2662	| 6.48	| 6.41	| 6.35	| 0.14
2663	| 1.35	| 1.36	| 1.37	| 0.03
2664	| 0.73	| 0.78	| 0.78	| 0.06
2665	| 2.81	| 2.78	| 2.82	| 0.05
2666	| 1.01	| 0.96	| 1.01	| 0.05
2667	| 2.16	| 2.13	| 2.07	| 0.09
2668	| 2.17	| 2.17	| 2.21	| 0.03
2669	| 0.40	| 0.40	| 0.42	| 0.03
2670	| 2.66	| 2.56	| 2.62	| 0.10
2671	| 4.30	| 4.36	| 4.34	| 0.07
2672	| 0.04	| 0.04	| 0.05	| 0.01
2673	| 3.98	| 4.04	| 4.02	| 0.06
2674	| 2.96	| 2.92	| 2.98	| 0.06
2675	| 0.68	| 0.72	| 0.68	| 0.03
2676	| 5.12	| 5.03	| 4.94	| 0.18
2677	| 3.59	| 3.56	| 3.53	| 0.06
2678	| 5.79	| 5.65	| 5.66	| 0.14
2679	| 3.30	| 3.28	| 3.22	| 0.08
2680	| 3.23	| 3.14	| 3.29	| 0.15
2681	| 1.08	| 1.16	| 1.15	| 0.08
2682	| 3.26	| 3.22	| 3.12	| 0.14
2683	| 1.32	| 1.28	| 1.27	| 0.06
2684	| 1.39	| 1.39	| 1.51	| 0.11
2685	| 2.49	| 2.61	| 2.58	| 0.11
2686	| 6.59	| 6.50	| 6.52	| 0.09
2687	| 5.55	| 5.35	| 5.38	| 0.20
2688	| 5.29	| 5.39	| 5.30	| 0.11
2689	| 2.73	| 2.73	| 2.73	| 0.00
2690	| 1.80	| 1.93	| 1.89	| 0.14
2691	| 2.24	| 2.29	| 2.26	| 0.05
2692	| 3.66	| 3.74	| 3.64	| 0.10
2693	| 3.99	| 3.91	| 4.03	| 0.12
2694	| 0.35	| 0.36	| 0.35	| 0.01
2695	| 6.68	| 6.49	| 6.55	| 0.18
2696	| 4.21	| 4.27	| 4.13	| 0.14
2697	| 6.43	| 6.30	| 6.36	| 0.14
2698	| 4.30	| 4.37	| 4.37	| 0.07
2699	| 6.10	| 6.12	| 6.35	| 0.26
2700	| 0.24	| 0.27	| 0.24	| 0.03
2701	| 2.12	| 2.14	| 2.09	| 0.05
2702	| 5.32	| 5.63	| 5.45	| 0.30
2703	| 1.06	| 1.06	| 1.10	| 0.04
2704	| 1.00	| 0.98	| 0.98	| 0.02
2705	| 1.52	| 1.50	| 1.50	| 0.02
2706	| 1.07	| 1.06	| 1.03	| 0.04
2707	| 3.98	| 4.07	| 3.86	| 0.21
2708	| 0.06	| 0.07	| 0.05	| 0.01
2709	| 1.02	| 0.93	| 1.04	| 0.11
2710	| 5.52	| 5.46	| 5.52	| 0.06
2711	| 1.11	| 1.10	| 1.09	| 0.02
2712	| 5.42	| 5.21	| 5.30	| 0.21
2713	| 1.31	| 1.31	| 1.33	| 0.02
2714	| 2.86	| 2.74	| 2.82	| 0.12
2715	| 5.86	| 5.74	| 5.80	| 0.12
2716	| 4.93	| 5.10	| 5.09	| 0.16
2717	| 3.61	| 3.59	| 3.53	| 0.08
2718	| 3.74	| 3.82	| 3.82	| 0.08
2719	| 0.75	| 0.76	| 0.77	| 0.02
2720	| 5.26	| 5.24	| 5.28	| 0.04
2721	| 2.96	| 2.95	| 2.94	| 0.02
2722	| 0.99	| 0.99	| 0.95	| 0.04
2723	| 4.49	| 4.57	| 4.38	| 0.19
2724	| 6.24	| 6.27	| 6.28	| 0.04
2725	| 4.37	| 4.42	| 4.44	| 0.08
2726	| 4.95	| 4.92	| 4.90	| 0.06
2727	| 1.59	| 1.61	| 1.61	| 0.01
2728	| 2.69	| 2.79	| 2.74	| 0.10
2729	| 3.79	| 3.74	| 3.82	| 0.08
2730	| 4.69	| 4.69	| 4.68	| 0.01
2731	| 3.21	| 3.21	| 3.13	| 0.08
2732	| 1.35	| 1.39	| 1.36	| 0.04
2733	| 0.42	| 0.39	| 0.40	| 0.03
2734	| 1.51	| 1.49	| 1.59	| 0.10
2735	| 4.33	| 4.42	| 4.36	| 0.09
2736	| 4.87	| 4.85	| 4.86	| 0.02
2737	| 2.98	| 2.93	| 2.99	| 0.06
2738	| 6.13	| 6.39	| 6.15	| 0.26
2739	| 1.54	| 1.55	| 1.50	| 0.05
2740	| 1.26	| 1.29	| 1.27	| 0.02
2741	| 4.56	| 4.54	| 4.67	| 0.13
2742	| 5.69	| 5.68	| 5.85	| 0.17
2743	| 3.12	| 3.26	| 3.16	| 0.14
2744	| 1.93	| 1.93	| 1.84	| 0.10
2745	| 4.40	| 4.49	| 4.43	| 0.09
2746	| 0.78	| 0.79	| 0.77	| 0.03
2747	| 3.90	| 4.11	| 3.90	| 0.22
2748	| 4.72	| 4.76	| 4.78	| 0.07
2749	| 3.26	| 3.18	| 3.23	| 0.08
2750	| 3.09	| 3.15	| 3.12	| 0.06
2751	| 0.31	| 0.33	| 0.33	| 0.02
2752	| 3.67	| 3.54	| 3.51	| 0.16
2753	| 3.53	| 3.61	| 3.55	| 0.08
2754	| 4.43	| 4.41	| 4.41	| 0.02
2755	| 1.35	| 1.42	| 1.43	| 0.07
2756	| 6.26	| 6.29	| 6.40	| 0.14
2757	| 5.47	| 5.34	| 5.40	| 0.13
2758	| 3.09	| 2.96	| 3.06	| 0.13
2759	| 2.58	| 2.48	| 2.49	| 0.10
2760	| 2.44	| 2.50	| 2.57	| 0.13
2761	| 5.38	| 5.33	| 5.42	| 0.09
2762	| 5.39	| 5.23	| 5.27	| 0.16
2763	| 0.92	| 0.94	| 0.97	| 0.05
2764	| 0.68	| 0.65	| 0.72	| 0.07
2765	| 4.75	| 4.95	| 4.91	| 0.20
2766	| 3.91	| 3.84	| 3.83	| 0.08
2767	| 5.84	| 5.87	| 5.97	| 0.14
2768	| 3.95	| 3.94	| 3.94	| 0.01
2769	| 5.02	| 4.98	| 4.97	| 0.05
2770	| 5.87	| 6.12	| 6.05	| 0.25
2771	| 1.95	| 1.99	| 1.87	| 0.12
2772	| 2.07	| 2.08	| 2.02	| 0.07
2773	| 3.76	| 3.59	| 3.70	| 0.17
2774	| 4.16	| 4.27	| 4.08	| 0.20
2775	| 5.41	| 5.42	| 5.35	| 0.07
2776	| 4.03	| 3.94	| 3.79	| 0.24
2777	| 1.85	| 1.80	| 1.82	| 0.05
2778	| 4.32	| 4.22	| 4.19	| 0.12
2779	| 3.53	| 3.54	| 3.52	| 0.01
2780	| 3.74	| 3.67	| 3.68	| 0.07
2781	| 4.83	| 4.85	| 4.80	| 0.05
2782	| 1.26	| 1.16	| 1.22	| 0.10
2783	| 4.25	| 4.25	| 4.29	| 0.05
2784	| 5.06	| 5.05	| 5.21	| 0.16
2785	| 4.88	| 4.84	| 5.03	| 0.19
2786	| 1.07	| 1.10	| 1.05	| 0.05
2787	| 1.07	| 1.07	| 1.04	| 0.03
2788	| 0.07	| 0.10	| 0.09	| 0.03
2789	| 4.77	| 4.73	| 4.69	| 0.09
2790	| 0.66	| 0.69	| 0.66	| 0.04
2791	| 3.63	| 3.60	| 3.61	| 0.03
2792	| 4.96	| 5.06	| 4.85	| 0.21
2793	| 2.51	| 2.32	| 2.50	| 0.19
2794	| 0.06	| 0.04	| 0.07	| 0.03
2795	| 2.36	| 2.26	| 2.35	| 0.10
2796	| 5.85	| 5.85	| 5.88	| 0.03
2797	| 1.35	| 1.39	| 1.47	| 0.12
2798	| 5.18	| 5.17	| 5.28	| 0.11
2799	| 0.22	| 0.23	| 0.23	| 0.01
2800	| 4.76	| 4.88	| 4.90	| 0.13
2801	| 5.81	| 5.98	| 5.80	| 0.17
2802	| 3.06	| 2.94	| 3.00	| 0.12
2803	| 2.68	| 2.79	| 2.69	| 0.11
2804	| 3.17	| 3.20	| 3.08	| 0.13
2805	| 3.69	| 3.75	| 3.69	| 0.07
2806	| 2.35	| 2.46	| 2.42	| 0.11
2807	| 1.71	| 1.72	| 1.70	| 0.01
2808	| 3.22	| 3.33	| 3.27	| 0.11
2809	| 2.85	| 2.85	| 2.78	| 0.07
2810	| 2.35	| 2.47	| 2.37	| 0.12
2811	| 3.58	| 3.65	| 3.64	| 0.07
2812	| 6.03	| 6.13	| 6.04	| 0.10
2813	| 2.16	| 2.19	| 2.18	| 0.03
2814	| 3.64	| 3.62	| 3.54	| 0.10
2815	| 6.38	| 6.46	| 6.55	| 0.18
2816	| 6.25	| 6.18	| 6.29	| 0.11
2817	| 2.15	| 2.23	| 2.12	| 0.11
2818	| 4.88	| 4.87	| 4.99	| 0.12
2819	| 6.15	| 6.16	| 6.26	| 0.10
2820	| 3.32	| 3.41	| 3.34	| 0.09
2821	| 2.83	| 2.90	| 2.83	| 0.08
2822	| 4.13	| 4.32	| 4.29	| 0.18
2823	| 4.78	| 4.83	| 4.70	| 0.14
2824	| 5.31	| 5.22	| 5.31	| 0.09
2825	| 5.65	| 5.78	| 5.69	| 0.13
2826	| 2.61	| 2.67	| 2.69	| 0.08
2827	| 0.18	| 0.19	| 0.17	| 0.02
2828	| 2.88	| 2.87	| 2.94	| 0.07
2829	| 1.73	| 1.67	| 1.73	| 0.07
2830	| 5.57	| 5.44	| 5.46	| 0.13
2831	| 3.92	| 3.96	| 4.02	| 0.11
2832	| 5.43	| 5.40	| 5.37	| 0.07
2833	| 0.56	| 0.54	| 0.57	| 0.03
2834	| 5.32	| 5.27	| 5.34	| 0.07
2835	| 3.73	| 3.73	| 3.61	| 0.12
2836	| 0.28	| 0.27	| 0.26	| 0.02
2837	| 3.82	| 3.82	| 3.93	| 0.11
2838	| 0.85	| 0.76	| 0.79	| 0.08
2839	| 2.86	| 2.83	| 2.86	| 0.03
2840	| 4.28	| 4.12	| 4.23	| 0.16
2841	| 2.64	| 2.55	| 2.63	| 0.10
2842	| 4.13	| 4.18	| 4.13	| 0.05
2843	| 2.11	| 2.28	| 2.23	| 0.16
2844	| 1.81	| 1.81	| 1.83	| 0.02
2845	| 1.42	| 1.49	| 1.49	| 0.07
2846	| 4.93	| 4.94	| 4.95	| 0.02
2847	| 2.60	| 2.58	| 2.51	| 0.09
2848	| 1.26	| 1.30	| 1.35	| 0.09
2849	| 4.22	| 4.23	| 4.10	| 0.13
2850	| 1.37	| 1.33	| 1.29	| 0.08
2851	| 3.24	| 3.08	| 3.29	| 0.21
2852	| 2.64	| 2.74	| 2.78	| 0.14
2853	| 4.36	| 4.28	| 4.41	| 0.13
2854	| 2.28	| 2.40	| 2.24	| 0.16
2855	| 0.61	| 0.63	| 0.59	| 0.04
2856	| 5.62	| 5.66	| 5.80	| 0.18
2857	| 3.64	| 3.62	| 3.64	| 0.02
2858	| 3.45	| 3.55	| 3.52	| 0.10
2859	| 0.90	| 0.83	| 0.85	| 0.06
2860	| 6.54	| 6.57	| 6.60	| 0.06
2861	| 5.95	| 6.05	| 6.02	| 0.10
2862	| 0.50	| 0.49	| 0.51	| 0.02
2863	| 4.42	| 4.61	| 4.58	| 0.19
2864	| 4.13	| 4.10	| 4.16	| 0.06
2865	| 6.21	| 6.16	| 6.08	| 0.13
2866	| 3.73	| 3.82	| 3.68	| 0.14
2867	| 0.93	| 0.95	| 0.93	| 0.02
2868	| 0.14	| 0.16	| 0.14	| 0.02
2869	| 3.52	| 3.60	| 3.53	| 0.08
2870	| 1.84	| 1.82	| 1.89	| 0.07
2871	| 6.33	| 6.16	| 6.25	| 0.17
2872	| 1.84	| 1.78	| 1.76	| 0.08
2873	| 5.10	| 5.04	| 5.26	| 0.22
2874	| 6.40	| 6.39	| 6.39	| 0.01
2875	| 5.26	| 5.26	| 5.34	| 0.09
2876	| 1.16	| 1.17	| 1.10	| 0.07
2877	| 3.71	| 3.77	| 3.74	| 0.06
2878	| 2.50	| 2.61	| 2.53	| 0.11
2879	| 3.50	| 3.40	| 3.29	| 0.21
2880	| 2.04	| 1.93	| 2.03	| 0.10
2881	| 5.51	| 5.37	| 5.37	| 0.15
2882	| 6.14	| 6.08	| 5.94	| 0.20
2883	| 2.66	| 2.61	| 2.68	| 0.08
2884	| 0.07	| 0.06	| 0.07	| 0.01
2885	| 4.90	| 4.98	| 4.93	| 0.07
2886	| 3.80	| 4.03	| 4.01	| 0.23
2887	| 5.34	| 5.55	| 5.42	| 0.20
2888	| 2.36	| 2.36	| 2.30	| 0.06
2889	| 5.29	| 5.33	| 5.39	| 0.10
2890	| 2.67	| 2.59	| 2.61	| 0.08
2891	| 1.81	| 1.84	| 1.84	| 0.03
2892	| 6.14	| 5.92	| 6.07	| 0.22
2893	| 1.39	| 1.43	| 1.40	| 0.04
2894	| 2.81	| 2.67	| 2.73	| 0.14
2895	| 3.68	| 3.70	| 3.72	| 0.04
2896	| 3.94	| 3.98	| 3.94	| 0.05
2897	| 5.63	| 5.56	| 5.63	| 0.08
2898	| 5.61	| 5.39	| 5.55	| 0.21
2899	| 1.70	| 1.70	| 1.80	| 0.10
2900	| 6.28	| 6.24	| 6.20	| 0.08
2901	| 2.07	| 2.12	| 2.02	| 0.10
2902	| 1.59	| 1.54	| 1.57	| 0.05
2903	| 1.27	| 1.21	| 1.26	| 0.06
2904	| 1.32	| 1.29	| 1.25	| 0.07
2905	| 5.86	| 5.88	| 6.10	| 0.24
2906	| 3.82	| 3.84	| 3.91	| 0.09
2907	| 3.86	| 3.90	| 3.96	| 0.10
2908	| 4.25	| 4.24	| 4.14	| 0.12
2909	| 0.03	| 0.04	| 0.03	| 0.01
2910	| 0.61	| 0.61	| 0.62	| 0.01
2911	| 3.15	| 3.15	| 3.07	| 0.08
2912	| 4.99	| 4.86	| 4.99	| 0.13
2913	| 1.46	| 1.49	| 1.45	| 0.04
2914	| 4.00	| 3.82	| 3.88	| 0.18
2915	| 2.48	| 2.49	| 2.55	| 0.07
2916	| 0.27	| 0.29	| 0.30	| 0.04
2917	| 3.68	| 3.67	| 3.80	| 0.13
2918	| 1.33	| 1.32	| 1.31	| 0.02
2919	| 6.40	| 6.46	| 6.35	| 0.11
2920	| 0.68	| 0.65	| 0.67	| 0.03
2921	| 4.41	| 4.29	| 4.46	| 0.17
2922	| 5.16	| 5.11	| 5.01	| 0.15
2923	| 4.59	| 4.69	| 4.62	| 0.10
2924	| 4.04	| 4.09	| 4.12	| 0.07
2925	| 5.95	| 5.89	| 5.92	| 0.06
2926	| 6.48	| 6.61	| 6.53	| 0.13
2927	| 2.32	| 2.46	| 2.42	| 0.14
2928	| 4.15	| 4.06	| 4.09	| 0.08
2929	| 3.67	| 3.79	| 3.71	| 0.12
2930	| 2.90	| 2.81	| 2.75	| 0.14
2931	| 3.74	| 3.86	| 3.74	| 0.12
2932	| 2.12	| 2.16	| 2.09	| 0.08
2933	| 5.41	| 5.52	| 5.41	| 0.12
2934	| 5.70	| 5.62	| 5.81	| 0.19
2935	| 0.89	| 0.87	| 0.89	| 0.02
2936	| 2.94	| 2.88	| 2.99	| 0.11
2937	| 4.95	| 5.01	| 5.11	| 0.16
2938	| 4.55	| 4.58	| 4.61	| 0.06
2939	| 4.14	| 4.21	| 4.24	| 0.10
2940	| 5.39	| 5.54	| 5.43	| 0.15
2941	| 1.75	| 1.76	| 1.77	| 0.02
2942	| 1.32	| 1.28	| 1.23	| 0.09
2943	| 0.98	| 1.02	| 0.96	| 0.06
2944	| 5.46	| 5.50	| 5.31	| 0.19
2945	| 0.84	| 0.81	| 0.84	| 0.02
2946	| 4.77	| 4.96	| 4.87	| 0.19
2947	| 5.80	| 5.82	| 5.83	| 0.03
2948	| 0.89	| 0.91	| 0.97	| 0.08
2949	| 5.68	| 5.62	| 5.64	| 0.06
2950	| 2.97	| 3.04	| 3.20	| 0.23
2951	| 1.10	| 1.15	| 1.14	| 0.05
2952	| 2.75	| 2.85	| 2.69	| 0.17
2953	| 2.25	| 2.29	| 2.25	| 0.04
2954	| 4.95	| 5.05	| 5.00	| 0.10
2955	| 4.71	| 4.69	| 4.70	| 0.01
2956	| 2.60	| 2.62	| 2.67	| 0.07
2957	| 4.53	| 4.63	| 4.63	| 0.10
2958	| 4.89	| 5.04	| 4.99	| 0.15
2959	| 6.44	| 6.28	| 6.39	| 0.17
2960	| 5.68	| 5.47	| 5.54	| 0.21
2961	| 0.81	| 0.78	| 0.79	| 0.03
2962	| 1.96	| 1.89	| 2.05	| 0.16
2963	| 0.27	| 0.26	| 0.29	| 0.03
2964	| 5.15	| 5.32	| 5.27	| 0.17
2965	| 3.89	| 3.97	| 4.02	| 0.13
2966	| 4.12	| 4.18	| 4.22	| 0.10
2967	| 3.86	| 4.01	| 3.88	| 0.15
2968	| 4.15	| 4.19	| 4.14	| 0.05
2969	| 6.54	| 6.53	| 6.30	| 0.24
2970	| 0.96	| 0.95	| 0.92	| 0.04
2971	| 0.79	| 0.82	| 0.83	| 0.04
2972	| 0.04	| 0.05	| 0.04	| 0.01
2973	| 2.58	| 2.53	| 2.60	| 0.08
2974	| 4.63	| 4.70	| 4.67	| 0.07
2975	| 1.83	| 1.80	| 1.80	| 0.03
2976	| 1.38	| 1.44	| 1.40	| 0.05
2977	| 3.13	| 3.17	| 3.20	| 0.07
2978	| 3.13	| 3.05	| 3.00	| 0.12
2979	| 3.66	| 3.69	| 3.67	| 0.03
2980	| 2.74	| 2.79	| 2.80	| 0.06
2981	| 2.15	| 2.20	| 2.10	| 0.09
2982	| 0.14	| 0.14	| 0.12	| 0.02
2983	| 6.65	| 6.57	| 6.35	| 0.30
2984	| 3.66	| 3.73	| 3.70	| 0.08
2985	| 5.67	| 5.73	| 5.64	| 0.09
2986	| 0.62	| 0.64	| 0.70	| 0.08
2987	| 1.94	| 1.92	| 1.94	| 0.02
2988	| 2.96	| 2.94	| 3.00	| 0.06
2989	| 0.84	| 0.76	| 0.78	| 0.08
2990	| 3.60	| 3.58	| 3.54	| 0.07
2991	| 3.94	| 3.93	| 3.96	| 0.03
2992	| 6.04	| 5.99	| 6.07	| 0.08
2993	| 2.70	| 2.43	| 2.58	| 0.27
2994	| 1.02	| 1.00	| 1.02	| 0.02
2995	| 4.78	| 4.87	| 4.75	| 0.11
2996	| 4.74	| 4.72	| 4.73	| 0.01
2997	| 6.22	| 6.17	| 6.21	| 0.06
2998	| 0.26	| 0.26	| 0.27	| 0.01
2999	| 4.34	| 4.37	| 4.41	| 0.07
