Weighted Random Sampling Comparison on 100000 Trials
---------------------------------------------
Difference is bigger than 1 in the following indices: []
Elapsed time: Naive: 952.096042ms, Fenwick: 955.827375ms, Python: 28.09612894s

---------------------------------------------
Probability(%) of each element being selected:
Element	| Naive	| Fenw	| Pyth	| Diff(Max-Min)
---------------------------------------------
0	| 0.11	| 0.11	| 0.11	| 0.01
1	| 0.02	| 0.02	| 0.04	| 0.01
2	| 0.27	| 0.22	| 0.22	| 0.05
3	| 0.01	| 0.00	| 0.00	| 0.00
4	| 0.21	| 0.24	| 0.22	| 0.03
5	| 0.14	| 0.14	| 0.14	| 0.01
6	| 0.18	| 0.19	| 0.18	| 0.01
7	| 0.31	| 0.32	| 0.30	| 0.02
8	| 0.28	| 0.28	| 0.24	| 0.04
9	| 0.17	| 0.17	| 0.14	| 0.03
10	| 0.05	| 0.04	| 0.05	| 0.01
11	| 0.14	| 0.14	| 0.12	| 0.02
12	| 0.12	| 0.10	| 0.11	| 0.02
13	| 0.33	| 0.35	| 0.33	| 0.02
14	| 0.29	| 0.31	| 0.31	| 0.02
15	| 0.12	| 0.14	| 0.15	| 0.03
16	| 0.21	| 0.24	| 0.23	| 0.03
17	| 0.16	| 0.16	| 0.18	| 0.02
18	| 0.03	| 0.03	| 0.02	| 0.01
19	| 0.23	| 0.24	| 0.23	| 0.02
20	| 0.02	| 0.01	| 0.01	| 0.01
21	| 0.17	| 0.16	| 0.18	| 0.02
22	| 0.28	| 0.30	| 0.32	| 0.04
23	| 0.11	| 0.11	| 0.12	| 0.01
24	| 0.26	| 0.22	| 0.24	| 0.04
25	| 0.23	| 0.26	| 0.24	| 0.03
26	| 0.19	| 0.22	| 0.20	| 0.03
27	| 0.28	| 0.26	| 0.26	| 0.03
28	| 0.06	| 0.08	| 0.06	| 0.02
29	| 0.18	| 0.18	| 0.16	| 0.02
30	| 0.26	| 0.28	| 0.30	| 0.04
31	| 0.08	| 0.06	| 0.05	| 0.03
32	| 0.00	| 0.01	| 0.01	| 0.01
33	| 0.20	| 0.18	| 0.18	| 0.01
34	| 0.14	| 0.17	| 0.15	| 0.03
35	| 0.21	| 0.20	| 0.22	| 0.02
36	| 0.17	| 0.15	| 0.17	| 0.02
37	| 0.31	| 0.34	| 0.31	| 0.03
38	| 0.10	| 0.10	| 0.10	| 0.01
39	| 0.02	| 0.02	| 0.02	| 0.01
40	| 0.35	| 0.28	| 0.31	| 0.07
41	| 0.04	| 0.04	| 0.03	| 0.02
42	| 0.26	| 0.22	| 0.26	| 0.04
43	| 0.06	| 0.04	| 0.06	| 0.02
44	| 0.18	| 0.16	| 0.19	| 0.03
45	| 0.06	| 0.07	| 0.07	| 0.01
46	| 0.01	| 0.02	| 0.01	| 0.01
47	| 0.29	| 0.28	| 0.32	| 0.04
48	| 0.22	| 0.22	| 0.22	| 0.00
49	| 0.30	| 0.32	| 0.33	| 0.02
50	| 0.01	| 0.02	| 0.01	| 0.01
51	| 0.08	| 0.06	| 0.07	| 0.02
52	| 0.19	| 0.18	| 0.21	| 0.02
53	| 0.23	| 0.21	| 0.23	| 0.02
54	| 0.20	| 0.17	| 0.16	| 0.03
55	| 0.18	| 0.19	| 0.19	| 0.02
56	| 0.18	| 0.15	| 0.15	| 0.03
57	| 0.01	| 0.01	| 0.01	| 0.00
58	| 0.14	| 0.20	| 0.19	| 0.06
59	| 0.10	| 0.13	| 0.13	| 0.03
60	| 0.31	| 0.31	| 0.26	| 0.04
61	| 0.23	| 0.23	| 0.23	| 0.00
62	| 0.02	| 0.02	| 0.02	| 0.00
63	| 0.24	| 0.27	| 0.26	| 0.02
64	| 0.23	| 0.21	| 0.21	| 0.02
65	| 0.31	| 0.35	| 0.36	| 0.05
66	| 0.03	| 0.03	| 0.04	| 0.01
67	| 0.00	| 0.00	| 0.00	| 0.00
68	| 0.08	| 0.07	| 0.08	| 0.01
69	| 0.06	| 0.07	| 0.07	| 0.02
70	| 0.10	| 0.10	| 0.11	| 0.02
71	| 0.12	| 0.17	| 0.16	| 0.05
72	| 0.09	| 0.08	| 0.09	| 0.01
73	| 0.20	| 0.19	| 0.22	| 0.03
74	| 0.15	| 0.16	| 0.16	| 0.01
75	| 0.11	| 0.12	| 0.10	| 0.01
76	| 0.25	| 0.25	| 0.26	| 0.01
77	| 0.09	| 0.11	| 0.10	| 0.01
78	| 0.10	| 0.09	| 0.09	| 0.01
79	| 0.20	| 0.22	| 0.22	| 0.03
80	| 0.22	| 0.22	| 0.22	| 0.01
81	| 0.20	| 0.21	| 0.20	| 0.01
82	| 0.23	| 0.25	| 0.24	| 0.02
83	| 0.12	| 0.11	| 0.14	| 0.03
84	| 0.09	| 0.07	| 0.08	| 0.02
85	| 0.03	| 0.02	| 0.01	| 0.01
86	| 0.11	| 0.10	| 0.11	| 0.01
87	| 0.14	| 0.16	| 0.17	| 0.04
88	| 0.31	| 0.33	| 0.31	| 0.02
89	| 0.01	| 0.01	| 0.01	| 0.00
90	| 0.27	| 0.26	| 0.26	| 0.01
91	| 0.05	| 0.06	| 0.06	| 0.01
92	| 0.10	| 0.12	| 0.12	| 0.02
93	| 0.20	| 0.20	| 0.20	| 0.01
94	| 0.13	| 0.11	| 0.14	| 0.03
95	| 0.27	| 0.28	| 0.27	| 0.01
96	| 0.23	| 0.22	| 0.23	| 0.01
97	| 0.15	| 0.14	| 0.15	| 0.01
98	| 0.28	| 0.30	| 0.28	| 0.02
99	| 0.23	| 0.27	| 0.19	| 0.08
100	| 0.05	| 0.04	| 0.04	| 0.01
101	| 0.26	| 0.25	| 0.28	| 0.03
102	| 0.31	| 0.30	| 0.34	| 0.04
103	| 0.30	| 0.34	| 0.35	| 0.05
104	| 0.13	| 0.15	| 0.13	| 0.02
105	| 0.04	| 0.04	| 0.03	| 0.01
106	| 0.13	| 0.15	| 0.13	| 0.02
107	| 0.05	| 0.05	| 0.04	| 0.00
108	| 0.12	| 0.12	| 0.11	| 0.01
109	| 0.13	| 0.14	| 0.13	| 0.02
110	| 0.06	| 0.07	| 0.08	| 0.02
111	| 0.17	| 0.18	| 0.18	| 0.01
112	| 0.07	| 0.08	| 0.08	| 0.01
113	| 0.26	| 0.25	| 0.22	| 0.04
114	| 0.22	| 0.22	| 0.21	| 0.01
115	| 0.22	| 0.24	| 0.24	| 0.02
116	| 0.14	| 0.12	| 0.11	| 0.02
117	| 0.30	| 0.31	| 0.32	| 0.03
118	| 0.21	| 0.22	| 0.23	| 0.02
119	| 0.16	| 0.17	| 0.17	| 0.01
120	| 0.13	| 0.14	| 0.14	| 0.01
121	| 0.28	| 0.27	| 0.29	| 0.02
122	| 0.22	| 0.22	| 0.23	| 0.01
123	| 0.08	| 0.10	| 0.10	| 0.02
124	| 0.24	| 0.24	| 0.26	| 0.02
125	| 0.01	| 0.01	| 0.01	| 0.01
126	| 0.04	| 0.04	| 0.04	| 0.00
127	| 0.25	| 0.25	| 0.22	| 0.03
128	| 0.32	| 0.29	| 0.33	| 0.04
129	| 0.07	| 0.07	| 0.07	| 0.00
130	| 0.02	| 0.02	| 0.02	| 0.00
131	| 0.21	| 0.22	| 0.17	| 0.05
132	| 0.29	| 0.31	| 0.25	| 0.06
133	| 0.09	| 0.10	| 0.09	| 0.01
134	| 0.34	| 0.30	| 0.33	| 0.04
135	| 0.06	| 0.06	| 0.05	| 0.01
136	| 0.19	| 0.18	| 0.20	| 0.02
137	| 0.00	| 0.00	| 0.00	| 0.00
138	| 0.30	| 0.29	| 0.31	| 0.02
139	| 0.22	| 0.20	| 0.20	| 0.02
140	| 0.17	| 0.13	| 0.15	| 0.04
141	| 0.22	| 0.21	| 0.19	| 0.03
142	| 0.17	| 0.15	| 0.18	| 0.03
143	| 0.12	| 0.13	| 0.12	| 0.01
144	| 0.21	| 0.19	| 0.21	| 0.02
145	| 0.32	| 0.30	| 0.29	| 0.03
146	| 0.14	| 0.12	| 0.12	| 0.02
147	| 0.05	| 0.04	| 0.04	| 0.01
148	| 0.33	| 0.33	| 0.33	| 0.00
149	| 0.02	| 0.01	| 0.02	| 0.01
150	| 0.08	| 0.08	| 0.08	| 0.00
151	| 0.14	| 0.12	| 0.13	| 0.02
152	| 0.13	| 0.10	| 0.12	| 0.03
153	| 0.12	| 0.11	| 0.10	| 0.02
154	| 0.17	| 0.17	| 0.17	| 0.00
155	| 0.24	| 0.27	| 0.28	| 0.04
156	| 0.16	| 0.15	| 0.14	| 0.02
157	| 0.17	| 0.18	| 0.17	| 0.01
158	| 0.11	| 0.12	| 0.15	| 0.04
159	| 0.27	| 0.26	| 0.23	| 0.04
160	| 0.12	| 0.12	| 0.11	| 0.01
161	| 0.08	| 0.08	| 0.10	| 0.03
162	| 0.15	| 0.14	| 0.16	| 0.01
163	| 0.16	| 0.16	| 0.16	| 0.00
164	| 0.22	| 0.24	| 0.24	| 0.02
165	| 0.14	| 0.14	| 0.14	| 0.01
166	| 0.12	| 0.10	| 0.11	| 0.02
167	| 0.09	| 0.07	| 0.08	| 0.02
168	| 0.12	| 0.12	| 0.13	| 0.01
169	| 0.09	| 0.11	| 0.10	| 0.02
170	| 0.35	| 0.33	| 0.33	| 0.03
171	| 0.21	| 0.23	| 0.22	| 0.01
172	| 0.28	| 0.31	| 0.28	| 0.02
173	| 0.28	| 0.30	| 0.30	| 0.03
174	| 0.19	| 0.18	| 0.15	| 0.04
175	| 0.12	| 0.12	| 0.12	| 0.00
176	| 0.23	| 0.18	| 0.21	| 0.05
177	| 0.03	| 0.03	| 0.03	| 0.00
178	| 0.10	| 0.11	| 0.09	| 0.01
179	| 0.24	| 0.22	| 0.23	| 0.01
180	| 0.17	| 0.18	| 0.17	| 0.01
181	| 0.23	| 0.21	| 0.23	| 0.03
182	| 0.06	| 0.07	| 0.08	| 0.01
183	| 0.14	| 0.10	| 0.13	| 0.04
184	| 0.02	| 0.03	| 0.04	| 0.02
185	| 0.01	| 0.01	| 0.01	| 0.00
186	| 0.30	| 0.29	| 0.28	| 0.02
187	| 0.16	| 0.17	| 0.15	| 0.02
188	| 0.26	| 0.22	| 0.29	| 0.06
189	| 0.26	| 0.28	| 0.27	| 0.03
190	| 0.19	| 0.18	| 0.15	| 0.04
191	| 0.34	| 0.34	| 0.30	| 0.04
192	| 0.22	| 0.20	| 0.23	| 0.02
193	| 0.03	| 0.06	| 0.05	| 0.02
194	| 0.29	| 0.32	| 0.28	| 0.04
195	| 0.29	| 0.27	| 0.25	| 0.04
196	| 0.05	| 0.05	| 0.05	| 0.00
197	| 0.05	| 0.04	| 0.04	| 0.01
198	| 0.08	| 0.07	| 0.07	| 0.01
199	| 0.02	| 0.02	| 0.04	| 0.02
200	| 0.17	| 0.21	| 0.17	| 0.04
201	| 0.19	| 0.16	| 0.17	| 0.02
202	| 0.02	| 0.02	| 0.02	| 0.01
203	| 0.11	| 0.12	| 0.14	| 0.02
204	| 0.22	| 0.23	| 0.29	| 0.07
205	| 0.01	| 0.01	| 0.01	| 0.00
206	| 0.05	| 0.05	| 0.05	| 0.00
207	| 0.02	| 0.01	| 0.03	| 0.01
208	| 0.23	| 0.21	| 0.24	| 0.03
209	| 0.21	| 0.22	| 0.20	| 0.02
210	| 0.24	| 0.23	| 0.23	| 0.01
211	| 0.21	| 0.21	| 0.24	| 0.03
212	| 0.11	| 0.10	| 0.10	| 0.01
213	| 0.06	| 0.06	| 0.07	| 0.02
214	| 0.30	| 0.29	| 0.30	| 0.01
215	| 0.07	| 0.07	| 0.07	| 0.01
216	| 0.30	| 0.27	| 0.27	| 0.03
217	| 0.06	| 0.07	| 0.06	| 0.02
218	| 0.03	| 0.03	| 0.03	| 0.00
219	| 0.14	| 0.13	| 0.13	| 0.01
220	| 0.18	| 0.19	| 0.21	| 0.03
221	| 0.02	| 0.03	| 0.03	| 0.01
222	| 0.21	| 0.21	| 0.18	| 0.03
223	| 0.29	| 0.33	| 0.29	| 0.04
224	| 0.02	| 0.01	| 0.01	| 0.01
225	| 0.27	| 0.25	| 0.27	| 0.02
226	| 0.03	| 0.03	| 0.03	| 0.00
227	| 0.18	| 0.18	| 0.19	| 0.01
228	| 0.28	| 0.29	| 0.27	| 0.01
229	| 0.10	| 0.09	| 0.10	| 0.01
230	| 0.12	| 0.12	| 0.13	| 0.01
231	| 0.08	| 0.08	| 0.07	| 0.02
232	| 0.23	| 0.24	| 0.23	| 0.01
233	| 0.29	| 0.28	| 0.29	| 0.01
234	| 0.07	| 0.07	| 0.05	| 0.02
235	| 0.10	| 0.09	| 0.09	| 0.01
236	| 0.33	| 0.30	| 0.29	| 0.04
237	| 0.10	| 0.08	| 0.10	| 0.02
238	| 0.31	| 0.32	| 0.30	| 0.02
239	| 0.09	| 0.09	| 0.09	| 0.00
240	| 0.23	| 0.22	| 0.22	| 0.01
241	| 0.14	| 0.13	| 0.14	| 0.01
242	| 0.05	| 0.05	| 0.04	| 0.00
243	| 0.14	| 0.13	| 0.12	| 0.01
244	| 0.04	| 0.05	| 0.06	| 0.01
245	| 0.34	| 0.29	| 0.35	| 0.06
246	| 0.05	| 0.05	| 0.05	| 0.01
247	| 0.04	| 0.04	| 0.05	| 0.01
248	| 0.30	| 0.32	| 0.33	| 0.03
249	| 0.15	| 0.14	| 0.17	| 0.03
250	| 0.15	| 0.16	| 0.16	| 0.01
251	| 0.30	| 0.30	| 0.32	| 0.02
252	| 0.17	| 0.16	| 0.15	| 0.03
253	| 0.02	| 0.01	| 0.02	| 0.01
254	| 0.20	| 0.17	| 0.20	| 0.03
255	| 0.33	| 0.30	| 0.33	| 0.03
256	| 0.15	| 0.15	| 0.15	| 0.00
257	| 0.15	| 0.20	| 0.18	| 0.04
258	| 0.06	| 0.03	| 0.05	| 0.03
259	| 0.19	| 0.18	| 0.24	| 0.05
260	| 0.15	| 0.13	| 0.16	| 0.03
261	| 0.20	| 0.24	| 0.20	| 0.04
262	| 0.06	| 0.04	| 0.03	| 0.03
263	| 0.21	| 0.23	| 0.21	| 0.02
264	| 0.26	| 0.29	| 0.25	| 0.04
265	| 0.26	| 0.26	| 0.25	| 0.01
266	| 0.19	| 0.20	| 0.18	| 0.02
267	| 0.11	| 0.12	| 0.12	| 0.01
268	| 0.07	| 0.06	| 0.06	| 0.01
269	| 0.19	| 0.21	| 0.19	| 0.02
270	| 0.03	| 0.03	| 0.03	| 0.01
271	| 0.07	| 0.07	| 0.06	| 0.01
272	| 0.30	| 0.31	| 0.31	| 0.00
273	| 0.28	| 0.28	| 0.25	| 0.03
274	| 0.13	| 0.12	| 0.12	| 0.01
275	| 0.24	| 0.23	| 0.21	| 0.02
276	| 0.34	| 0.33	| 0.34	| 0.01
277	| 0.17	| 0.17	| 0.18	| 0.01
278	| 0.31	| 0.32	| 0.30	| 0.02
279	| 0.15	| 0.19	| 0.18	| 0.04
280	| 0.21	| 0.22	| 0.21	| 0.01
281	| 0.35	| 0.35	| 0.31	| 0.03
282	| 0.09	| 0.09	| 0.09	| 0.00
283	| 0.21	| 0.20	| 0.21	| 0.02
284	| 0.21	| 0.21	| 0.20	| 0.01
285	| 0.14	| 0.13	| 0.15	| 0.02
286	| 0.10	| 0.12	| 0.13	| 0.02
287	| 0.29	| 0.25	| 0.26	| 0.04
288	| 0.07	| 0.08	| 0.08	| 0.01
289	| 0.12	| 0.15	| 0.13	| 0.03
290	| 0.18	| 0.19	| 0.18	| 0.01
291	| 0.17	| 0.19	| 0.18	| 0.03
292	| 0.04	| 0.03	| 0.03	| 0.01
293	| 0.03	| 0.04	| 0.03	| 0.01
294	| 0.16	| 0.16	| 0.14	| 0.02
295	| 0.27	| 0.29	| 0.27	| 0.02
296	| 0.27	| 0.26	| 0.28	| 0.01
297	| 0.01	| 0.02	| 0.01	| 0.01
298	| 0.23	| 0.23	| 0.21	| 0.02
299	| 0.10	| 0.11	| 0.10	| 0.01
300	| 0.09	| 0.09	| 0.08	| 0.01
301	| 0.10	| 0.10	| 0.10	| 0.00
302	| 0.07	| 0.07	| 0.10	| 0.02
303	| 0.07	| 0.06	| 0.07	| 0.01
304	| 0.25	| 0.28	| 0.27	| 0.03
305	| 0.27	| 0.25	| 0.27	| 0.02
306	| 0.31	| 0.29	| 0.32	| 0.03
307	| 0.05	| 0.06	| 0.05	| 0.01
308	| 0.27	| 0.30	| 0.27	| 0.02
309	| 0.29	| 0.32	| 0.31	| 0.04
310	| 0.17	| 0.18	| 0.18	| 0.00
311	| 0.27	| 0.30	| 0.29	| 0.03
312	| 0.09	| 0.09	| 0.09	| 0.01
313	| 0.13	| 0.13	| 0.12	| 0.01
314	| 0.29	| 0.27	| 0.29	| 0.02
315	| 0.31	| 0.28	| 0.25	| 0.06
316	| 0.10	| 0.09	| 0.11	| 0.02
317	| 0.16	| 0.16	| 0.16	| 0.00
318	| 0.06	| 0.07	| 0.07	| 0.01
319	| 0.30	| 0.32	| 0.28	| 0.03
320	| 0.09	| 0.09	| 0.10	| 0.01
321	| 0.06	| 0.05	| 0.06	| 0.01
322	| 0.24	| 0.24	| 0.25	| 0.01
323	| 0.31	| 0.35	| 0.31	| 0.04
324	| 0.00	| 0.00	| 0.00	| 0.00
325	| 0.22	| 0.21	| 0.22	| 0.01
326	| 0.10	| 0.08	| 0.08	| 0.03
327	| 0.14	| 0.14	| 0.14	| 0.00
328	| 0.31	| 0.34	| 0.34	| 0.03
329	| 0.08	| 0.09	| 0.07	| 0.02
330	| 0.11	| 0.15	| 0.13	| 0.04
331	| 0.32	| 0.33	| 0.34	| 0.02
332	| 0.27	| 0.25	| 0.25	| 0.02
333	| 0.21	| 0.22	| 0.20	| 0.01
334	| 0.14	| 0.16	| 0.16	| 0.01
335	| 0.14	| 0.13	| 0.14	| 0.00
336	| 0.25	| 0.22	| 0.21	| 0.04
337	| 0.07	| 0.06	| 0.07	| 0.01
338	| 0.23	| 0.19	| 0.23	| 0.04
339	| 0.02	| 0.03	| 0.03	| 0.01
340	| 0.04	| 0.05	| 0.05	| 0.01
341	| 0.12	| 0.13	| 0.12	| 0.01
342	| 0.09	| 0.08	| 0.08	| 0.01
343	| 0.10	| 0.13	| 0.12	| 0.03
344	| 0.02	| 0.01	| 0.02	| 0.01
345	| 0.05	| 0.03	| 0.04	| 0.02
346	| 0.22	| 0.26	| 0.26	| 0.04
347	| 0.17	| 0.15	| 0.14	| 0.02
348	| 0.27	| 0.29	| 0.28	| 0.01
349	| 0.00	| 0.00	| 0.00	| 0.00
350	| 0.04	| 0.05	| 0.04	| 0.01
351	| 0.04	| 0.04	| 0.04	| 0.00
352	| 0.17	| 0.16	| 0.15	| 0.02
353	| 0.30	| 0.31	| 0.28	| 0.03
354	| 0.08	| 0.07	| 0.08	| 0.01
355	| 0.32	| 0.34	| 0.33	| 0.02
356	| 0.27	| 0.26	| 0.27	| 0.01
357	| 0.15	| 0.14	| 0.15	| 0.02
358	| 0.16	| 0.13	| 0.14	| 0.03
359	| 0.01	| 0.01	| 0.01	| 0.00
360	| 0.15	| 0.14	| 0.15	| 0.02
361	| 0.09	| 0.11	| 0.08	| 0.03
362	| 0.19	| 0.21	| 0.18	| 0.03
363	| 0.30	| 0.33	| 0.30	| 0.04
364	| 0.15	| 0.15	| 0.16	| 0.01
365	| 0.18	| 0.18	| 0.18	| 0.00
366	| 0.11	| 0.11	| 0.11	| 0.00
367	| 0.01	| 0.01	| 0.01	| 0.00
368	| 0.13	| 0.15	| 0.14	| 0.01
369	| 0.32	| 0.30	| 0.29	| 0.03
370	| 0.04	| 0.04	| 0.05	| 0.01
371	| 0.00	| 0.00	| 0.01	| 0.00
372	| 0.10	| 0.11	| 0.11	| 0.01
373	| 0.08	| 0.07	| 0.07	| 0.01
374	| 0.17	| 0.17	| 0.17	| 0.00
375	| 0.33	| 0.35	| 0.32	| 0.03
376	| 0.06	| 0.08	| 0.06	| 0.02
377	| 0.26	| 0.24	| 0.26	| 0.02
378	| 0.08	| 0.08	| 0.07	| 0.01
379	| 0.01	| 0.01	| 0.01	| 0.00
380	| 0.25	| 0.24	| 0.23	| 0.02
381	| 0.06	| 0.06	| 0.06	| 0.00
382	| 0.28	| 0.26	| 0.28	| 0.02
383	| 0.04	| 0.05	| 0.06	| 0.02
384	| 0.06	| 0.07	| 0.06	| 0.01
385	| 0.36	| 0.30	| 0.30	| 0.06
386	| 0.15	| 0.16	| 0.14	| 0.02
387	| 0.16	| 0.19	| 0.18	| 0.02
388	| 0.01	| 0.01	| 0.01	| 0.00
389	| 0.33	| 0.29	| 0.34	| 0.05
390	| 0.13	| 0.11	| 0.12	| 0.02
391	| 0.34	| 0.32	| 0.35	| 0.03
392	| 0.23	| 0.22	| 0.21	| 0.01
393	| 0.06	| 0.07	| 0.06	| 0.01
394	| 0.18	| 0.17	| 0.20	| 0.04
395	| 0.15	| 0.16	| 0.15	| 0.02
396	| 0.13	| 0.14	| 0.13	| 0.02
397	| 0.30	| 0.31	| 0.29	| 0.03
398	| 0.17	| 0.16	| 0.16	| 0.01
399	| 0.06	| 0.07	| 0.06	| 0.01
400	| 0.04	| 0.05	| 0.04	| 0.01
401	| 0.28	| 0.29	| 0.29	| 0.02
402	| 0.15	| 0.16	| 0.18	| 0.02
403	| 0.10	| 0.10	| 0.10	| 0.01
404	| 0.19	| 0.18	| 0.19	| 0.01
405	| 0.28	| 0.30	| 0.31	| 0.03
406	| 0.20	| 0.19	| 0.18	| 0.02
407	| 0.18	| 0.19	| 0.18	| 0.02
408	| 0.18	| 0.20	| 0.23	| 0.05
409	| 0.11	| 0.11	| 0.11	| 0.01
410	| 0.18	| 0.21	| 0.18	| 0.02
411	| 0.05	| 0.07	| 0.06	| 0.01
412	| 0.19	| 0.18	| 0.17	| 0.02
413	| 0.22	| 0.22	| 0.22	| 0.00
414	| 0.30	| 0.30	| 0.29	| 0.02
415	| 0.07	| 0.08	| 0.07	| 0.00
416	| 0.13	| 0.14	| 0.13	| 0.01
417	| 0.09	| 0.11	| 0.09	| 0.02
418	| 0.17	| 0.17	| 0.18	| 0.01
419	| 0.30	| 0.34	| 0.31	| 0.04
420	| 0.11	| 0.14	| 0.11	| 0.02
421	| 0.31	| 0.29	| 0.32	| 0.03
422	| 0.13	| 0.13	| 0.15	| 0.01
423	| 0.03	| 0.03	| 0.04	| 0.01
424	| 0.24	| 0.22	| 0.21	| 0.03
425	| 0.09	| 0.08	| 0.10	| 0.02
426	| 0.28	| 0.26	| 0.29	| 0.04
427	| 0.00	| 0.00	| 0.00	| 0.00
428	| 0.14	| 0.13	| 0.12	| 0.02
429	| 0.30	| 0.29	| 0.30	| 0.01
430	| 0.25	| 0.27	| 0.28	| 0.02
431	| 0.12	| 0.12	| 0.12	| 0.01
432	| 0.25	| 0.29	| 0.27	| 0.04
433	| 0.17	| 0.19	| 0.18	| 0.02
434	| 0.02	| 0.03	| 0.02	| 0.01
435	| 0.07	| 0.07	| 0.06	| 0.01
436	| 0.19	| 0.18	| 0.17	| 0.02
437	| 0.21	| 0.19	| 0.19	| 0.02
438	| 0.18	| 0.20	| 0.19	| 0.03
439	| 0.19	| 0.19	| 0.18	| 0.01
440	| 0.16	| 0.20	| 0.15	| 0.05
441	| 0.25	| 0.26	| 0.24	| 0.02
442	| 0.27	| 0.24	| 0.26	| 0.02
443	| 0.07	| 0.07	| 0.06	| 0.02
444	| 0.05	| 0.05	| 0.04	| 0.00
445	| 0.05	| 0.06	| 0.06	| 0.01
446	| 0.21	| 0.23	| 0.25	| 0.04
447	| 0.04	| 0.04	| 0.04	| 0.00
448	| 0.03	| 0.03	| 0.03	| 0.00
449	| 0.15	| 0.18	| 0.18	| 0.03
450	| 0.29	| 0.28	| 0.29	| 0.01
451	| 0.09	| 0.12	| 0.08	| 0.03
452	| 0.13	| 0.11	| 0.13	| 0.02
453	| 0.13	| 0.15	| 0.16	| 0.02
454	| 0.03	| 0.05	| 0.03	| 0.02
455	| 0.30	| 0.32	| 0.34	| 0.04
456	| 0.12	| 0.12	| 0.14	| 0.02
457	| 0.15	| 0.15	| 0.15	| 0.01
458	| 0.10	| 0.10	| 0.09	| 0.01
459	| 0.09	| 0.08	| 0.09	| 0.01
460	| 0.26	| 0.26	| 0.26	| 0.01
461	| 0.26	| 0.24	| 0.25	| 0.02
462	| 0.05	| 0.06	| 0.06	| 0.01
463	| 0.10	| 0.12	| 0.10	| 0.02
464	| 0.01	| 0.01	| 0.01	| 0.01
465	| 0.17	| 0.20	| 0.14	| 0.05
466	| 0.29	| 0.31	| 0.33	| 0.03
467	| 0.34	| 0.31	| 0.32	| 0.03
468	| 0.15	| 0.17	| 0.18	| 0.03
469	| 0.15	| 0.15	| 0.18	| 0.03
470	| 0.06	| 0.05	| 0.06	| 0.01
471	| 0.10	| 0.10	| 0.09	| 0.01
472	| 0.14	| 0.14	| 0.15	| 0.01
473	| 0.21	| 0.21	| 0.18	| 0.03
474	| 0.32	| 0.31	| 0.31	| 0.01
475	| 0.33	| 0.33	| 0.33	| 0.01
476	| 0.08	| 0.09	| 0.09	| 0.01
477	| 0.13	| 0.13	| 0.13	| 0.01
478	| 0.30	| 0.33	| 0.36	| 0.05
479	| 0.04	| 0.06	| 0.03	| 0.02
480	| 0.07	| 0.08	| 0.09	| 0.01
481	| 0.04	| 0.03	| 0.04	| 0.01
482	| 0.06	| 0.07	| 0.05	| 0.02
483	| 0.04	| 0.05	| 0.04	| 0.01
484	| 0.29	| 0.33	| 0.29	| 0.04
485	| 0.28	| 0.28	| 0.27	| 0.01
486	| 0.23	| 0.27	| 0.27	| 0.04
487	| 0.22	| 0.22	| 0.24	| 0.02
488	| 0.21	| 0.21	| 0.22	| 0.01
489	| 0.08	| 0.07	| 0.07	| 0.01
490	| 0.16	| 0.15	| 0.16	| 0.01
491	| 0.04	| 0.04	| 0.05	| 0.00
492	| 0.09	| 0.07	| 0.09	| 0.02
493	| 0.24	| 0.23	| 0.22	| 0.02
494	| 0.22	| 0.25	| 0.25	| 0.03
495	| 0.00	| 0.00	| 0.00	| 0.00
496	| 0.03	| 0.02	| 0.02	| 0.01
497	| 0.19	| 0.17	| 0.18	| 0.02
498	| 0.26	| 0.29	| 0.28	| 0.02
499	| 0.00	| 0.00	| 0.00	| 0.00
500	| 0.29	| 0.26	| 0.25	| 0.04
501	| 0.28	| 0.26	| 0.27	| 0.03
502	| 0.07	| 0.06	| 0.08	| 0.02
503	| 0.14	| 0.17	| 0.15	| 0.03
504	| 0.14	| 0.13	| 0.15	| 0.02
505	| 0.09	| 0.09	| 0.09	| 0.01
506	| 0.17	| 0.18	| 0.19	| 0.02
507	| 0.33	| 0.31	| 0.31	| 0.02
508	| 0.03	| 0.04	| 0.05	| 0.02
509	| 0.17	| 0.21	| 0.18	| 0.04
510	| 0.08	| 0.08	| 0.08	| 0.00
511	| 0.07	| 0.07	| 0.08	| 0.01
512	| 0.31	| 0.29	| 0.28	| 0.02
513	| 0.29	| 0.24	| 0.26	| 0.04
514	| 0.06	| 0.06	| 0.07	| 0.02
515	| 0.10	| 0.11	| 0.10	| 0.02
516	| 0.21	| 0.23	| 0.21	| 0.02
517	| 0.26	| 0.24	| 0.25	| 0.02
518	| 0.31	| 0.29	| 0.32	| 0.02
519	| 0.12	| 0.12	| 0.13	| 0.01
520	| 0.15	| 0.16	| 0.16	| 0.01
521	| 0.19	| 0.19	| 0.18	| 0.02
522	| 0.19	| 0.21	| 0.20	| 0.02
523	| 0.16	| 0.21	| 0.21	| 0.06
524	| 0.09	| 0.10	| 0.10	| 0.00
525	| 0.26	| 0.28	| 0.24	| 0.04
526	| 0.30	| 0.32	| 0.31	| 0.02
527	| 0.24	| 0.27	| 0.28	| 0.03
528	| 0.13	| 0.17	| 0.14	| 0.04
529	| 0.22	| 0.24	| 0.19	| 0.05
530	| 0.37	| 0.35	| 0.29	| 0.08
531	| 0.22	| 0.21	| 0.22	| 0.01
532	| 0.00	| 0.01	| 0.00	| 0.00
533	| 0.34	| 0.33	| 0.33	| 0.01
534	| 0.09	| 0.10	| 0.10	| 0.02
535	| 0.06	| 0.06	| 0.05	| 0.01
536	| 0.05	| 0.05	| 0.06	| 0.01
537	| 0.09	| 0.11	| 0.10	| 0.01
538	| 0.09	| 0.09	| 0.10	| 0.02
539	| 0.21	| 0.22	| 0.25	| 0.04
540	| 0.15	| 0.14	| 0.15	| 0.02
541	| 0.20	| 0.21	| 0.21	| 0.01
542	| 0.12	| 0.10	| 0.10	| 0.02
543	| 0.13	| 0.13	| 0.14	| 0.01
544	| 0.34	| 0.32	| 0.30	| 0.04
545	| 0.00	| 0.00	| 0.00	| 0.00
546	| 0.12	| 0.13	| 0.13	| 0.01
547	| 0.26	| 0.29	| 0.31	| 0.05
548	| 0.01	| 0.01	| 0.01	| 0.01
549	| 0.34	| 0.26	| 0.32	| 0.08
550	| 0.07	| 0.06	| 0.07	| 0.01
551	| 0.18	| 0.19	| 0.22	| 0.04
552	| 0.13	| 0.11	| 0.14	| 0.02
553	| 0.23	| 0.22	| 0.24	| 0.02
554	| 0.04	| 0.03	| 0.04	| 0.01
555	| 0.35	| 0.32	| 0.31	| 0.03
556	| 0.10	| 0.10	| 0.13	| 0.03
557	| 0.23	| 0.27	| 0.25	| 0.04
558	| 0.00	| 0.00	| 0.01	| 0.00
559	| 0.08	| 0.08	| 0.07	| 0.01
560	| 0.09	| 0.07	| 0.10	| 0.03
561	| 0.18	| 0.15	| 0.17	| 0.02
562	| 0.26	| 0.24	| 0.24	| 0.02
563	| 0.01	| 0.01	| 0.01	| 0.00
564	| 0.21	| 0.22	| 0.19	| 0.03
565	| 0.30	| 0.29	| 0.29	| 0.01
566	| 0.03	| 0.04	| 0.03	| 0.02
567	| 0.08	| 0.11	| 0.09	| 0.03
568	| 0.16	| 0.16	| 0.14	| 0.02
569	| 0.17	| 0.16	| 0.18	| 0.02
570	| 0.05	| 0.06	| 0.06	| 0.01
571	| 0.18	| 0.18	| 0.20	| 0.02
572	| 0.03	| 0.03	| 0.03	| 0.01
573	| 0.05	| 0.07	| 0.06	| 0.02
574	| 0.07	| 0.09	| 0.10	| 0.03
575	| 0.19	| 0.21	| 0.21	| 0.02
576	| 0.06	| 0.06	| 0.07	| 0.01
577	| 0.28	| 0.31	| 0.28	| 0.03
578	| 0.22	| 0.23	| 0.24	| 0.01
579	| 0.01	| 0.03	| 0.03	| 0.01
580	| 0.12	| 0.14	| 0.11	| 0.02
581	| 0.26	| 0.24	| 0.23	| 0.03
582	| 0.01	| 0.01	| 0.01	| 0.00
583	| 0.06	| 0.06	| 0.06	| 0.01
584	| 0.26	| 0.27	| 0.29	| 0.03
585	| 0.15	| 0.15	| 0.12	| 0.03
586	| 0.22	| 0.21	| 0.20	| 0.02
587	| 0.31	| 0.33	| 0.29	| 0.04
588	| 0.04	| 0.06	| 0.05	| 0.01
589	| 0.10	| 0.09	| 0.11	| 0.02
590	| 0.25	| 0.22	| 0.23	| 0.03
591	| 0.28	| 0.29	| 0.29	| 0.02
592	| 0.01	| 0.01	| 0.01	| 0.00
593	| 0.23	| 0.24	| 0.24	| 0.01
594	| 0.16	| 0.15	| 0.17	| 0.02
595	| 0.26	| 0.26	| 0.24	| 0.03
596	| 0.29	| 0.32	| 0.29	| 0.03
597	| 0.09	| 0.10	| 0.12	| 0.02
598	| 0.33	| 0.25	| 0.28	| 0.08
599	| 0.30	| 0.33	| 0.32	| 0.03
600	| 0.14	| 0.14	| 0.12	| 0.03
601	| 0.32	| 0.28	| 0.30	| 0.03
602	| 0.29	| 0.30	| 0.31	| 0.02
603	| 0.17	| 0.21	| 0.21	| 0.05
604	| 0.32	| 0.27	| 0.33	| 0.06
605	| 0.33	| 0.29	| 0.34	| 0.05
606	| 0.05	| 0.07	| 0.07	| 0.02
607	| 0.13	| 0.13	| 0.15	| 0.02
608	| 0.17	| 0.15	| 0.18	| 0.03
609	| 0.26	| 0.27	| 0.24	| 0.03
610	| 0.09	| 0.08	| 0.10	| 0.02
611	| 0.02	| 0.02	| 0.02	| 0.01
612	| 0.28	| 0.29	| 0.30	| 0.02
613	| 0.01	| 0.01	| 0.01	| 0.00
614	| 0.24	| 0.27	| 0.23	| 0.03
615	| 0.21	| 0.19	| 0.21	| 0.02
616	| 0.20	| 0.22	| 0.18	| 0.04
617	| 0.12	| 0.14	| 0.12	| 0.02
618	| 0.09	| 0.11	| 0.09	| 0.02
619	| 0.05	| 0.05	| 0.06	| 0.01
620	| 0.24	| 0.26	| 0.23	| 0.03
621	| 0.02	| 0.02	| 0.02	| 0.01
622	| 0.20	| 0.18	| 0.16	| 0.04
623	| 0.06	| 0.05	| 0.07	| 0.01
624	| 0.04	| 0.06	| 0.05	| 0.02
625	| 0.09	| 0.10	| 0.09	| 0.01
626	| 0.20	| 0.22	| 0.22	| 0.02
627	| 0.32	| 0.35	| 0.33	| 0.04
628	| 0.08	| 0.08	| 0.08	| 0.01
629	| 0.31	| 0.33	| 0.32	| 0.02
630	| 0.18	| 0.17	| 0.21	| 0.04
631	| 0.22	| 0.26	| 0.25	| 0.03
632	| 0.14	| 0.13	| 0.14	| 0.01
633	| 0.03	| 0.03	| 0.04	| 0.01
634	| 0.05	| 0.04	| 0.03	| 0.01
635	| 0.10	| 0.10	| 0.10	| 0.01
636	| 0.06	| 0.05	| 0.06	| 0.01
637	| 0.22	| 0.23	| 0.25	| 0.03
638	| 0.03	| 0.02	| 0.03	| 0.01
639	| 0.13	| 0.14	| 0.16	| 0.03
640	| 0.09	| 0.09	| 0.07	| 0.02
641	| 0.21	| 0.22	| 0.26	| 0.04
642	| 0.20	| 0.18	| 0.17	| 0.02
643	| 0.30	| 0.32	| 0.31	| 0.02
644	| 0.05	| 0.04	| 0.05	| 0.00
645	| 0.29	| 0.31	| 0.31	| 0.03
646	| 0.26	| 0.26	| 0.28	| 0.02
647	| 0.27	| 0.27	| 0.24	| 0.03
648	| 0.17	| 0.16	| 0.16	| 0.01
649	| 0.01	| 0.01	| 0.01	| 0.00
650	| 0.21	| 0.19	| 0.18	| 0.03
651	| 0.21	| 0.19	| 0.20	| 0.03
652	| 0.24	| 0.24	| 0.25	| 0.01
653	| 0.27	| 0.26	| 0.25	| 0.02
654	| 0.19	| 0.17	| 0.18	| 0.03
655	| 0.18	| 0.18	| 0.21	| 0.03
656	| 0.25	| 0.25	| 0.26	| 0.02
657	| 0.16	| 0.15	| 0.14	| 0.01
658	| 0.32	| 0.32	| 0.32	| 0.00
659	| 0.24	| 0.24	| 0.21	| 0.03
660	| 0.27	| 0.28	| 0.29	| 0.02
661	| 0.13	| 0.14	| 0.16	| 0.02
662	| 0.19	| 0.16	| 0.19	| 0.03
663	| 0.17	| 0.15	| 0.18	| 0.02
664	| 0.10	| 0.08	| 0.11	| 0.03
665	| 0.34	| 0.29	| 0.32	| 0.05
666	| 0.32	| 0.29	| 0.31	| 0.03
667	| 0.19	| 0.19	| 0.18	| 0.01
668	| 0.33	| 0.32	| 0.32	| 0.02
669	| 0.01	| 0.01	| 0.01	| 0.01
670	| 0.05	| 0.04	| 0.05	| 0.01
671	| 0.15	| 0.14	| 0.13	| 0.01
672	| 0.06	| 0.06	| 0.07	| 0.02
673	| 0.21	| 0.21	| 0.20	| 0.01
674	| 0.21	| 0.24	| 0.24	| 0.03
675	| 0.27	| 0.26	| 0.25	| 0.03
676	| 0.32	| 0.28	| 0.30	| 0.04
677	| 0.11	| 0.11	| 0.12	| 0.01
678	| 0.01	| 0.01	| 0.01	| 0.00
679	| 0.27	| 0.26	| 0.25	| 0.02
680	| 0.17	| 0.18	| 0.17	| 0.01
681	| 0.05	| 0.04	| 0.04	| 0.01
682	| 0.12	| 0.11	| 0.13	| 0.02
683	| 0.20	| 0.21	| 0.20	| 0.01
684	| 0.17	| 0.16	| 0.16	| 0.01
685	| 0.15	| 0.18	| 0.19	| 0.04
686	| 0.23	| 0.24	| 0.22	| 0.01
687	| 0.05	| 0.04	| 0.05	| 0.01
688	| 0.14	| 0.12	| 0.15	| 0.03
689	| 0.09	| 0.10	| 0.09	| 0.01
690	| 0.35	| 0.34	| 0.33	| 0.03
691	| 0.24	| 0.27	| 0.27	| 0.03
692	| 0.03	| 0.02	| 0.04	| 0.02
693	| 0.02	| 0.03	| 0.03	| 0.01
694	| 0.27	| 0.24	| 0.24	| 0.03
695	| 0.29	| 0.29	| 0.28	| 0.01
696	| 0.03	| 0.03	| 0.02	| 0.01
697	| 0.07	| 0.07	| 0.09	| 0.01
698	| 0.19	| 0.18	| 0.17	| 0.02
699	| 0.09	| 0.10	| 0.08	| 0.01
700	| 0.14	| 0.15	| 0.12	| 0.03
701	| 0.27	| 0.26	| 0.31	| 0.05
702	| 0.23	| 0.22	| 0.21	| 0.02
703	| 0.29	| 0.33	| 0.29	| 0.04
704	| 0.27	| 0.25	| 0.28	| 0.02
705	| 0.34	| 0.28	| 0.26	| 0.08
706	| 0.19	| 0.22	| 0.22	| 0.03
707	| 0.28	| 0.29	| 0.30	| 0.03
708	| 0.11	| 0.09	| 0.10	| 0.02
709	| 0.27	| 0.24	| 0.26	| 0.03
710	| 0.17	| 0.15	| 0.17	| 0.03
711	| 0.29	| 0.29	| 0.29	| 0.00
712	| 0.17	| 0.15	| 0.16	| 0.02
713	| 0.15	| 0.15	| 0.16	| 0.01
714	| 0.19	| 0.15	| 0.17	| 0.04
715	| 0.31	| 0.29	| 0.30	| 0.01
716	| 0.27	| 0.28	| 0.28	| 0.01
717	| 0.15	| 0.16	| 0.13	| 0.03
718	| 0.05	| 0.05	| 0.04	| 0.01
719	| 0.04	| 0.03	| 0.02	| 0.02
720	| 0.05	| 0.05	| 0.07	| 0.02
721	| 0.10	| 0.12	| 0.13	| 0.03
722	| 0.24	| 0.26	| 0.26	| 0.02
723	| 0.24	| 0.21	| 0.23	| 0.03
724	| 0.27	| 0.30	| 0.31	| 0.04
725	| 0.03	| 0.02	| 0.03	| 0.01
726	| 0.11	| 0.09	| 0.10	| 0.02
727	| 0.14	| 0.14	| 0.14	| 0.01
728	| 0.18	| 0.24	| 0.21	| 0.06
729	| 0.13	| 0.14	| 0.16	| 0.03
730	| 0.18	| 0.18	| 0.18	| 0.01
731	| 0.33	| 0.30	| 0.30	| 0.03
732	| 0.20	| 0.17	| 0.21	| 0.04
733	| 0.27	| 0.26	| 0.26	| 0.01
734	| 0.03	| 0.01	| 0.02	| 0.01
735	| 0.14	| 0.14	| 0.11	| 0.02
736	| 0.27	| 0.24	| 0.25	| 0.03
737	| 0.30	| 0.27	| 0.27	| 0.03
738	| 0.04	| 0.04	| 0.03	| 0.01
739	| 0.12	| 0.11	| 0.13	| 0.02
740	| 0.27	| 0.30	| 0.29	| 0.03
741	| 0.19	| 0.17	| 0.16	| 0.03
742	| 0.10	| 0.10	| 0.09	| 0.01
743	| 0.03	| 0.05	| 0.05	| 0.01
744	| 0.01	| 0.02	| 0.02	| 0.01
745	| 0.31	| 0.35	| 0.31	| 0.04
746	| 0.19	| 0.19	| 0.19	| 0.01
747	| 0.16	| 0.19	| 0.19	| 0.02
748	| 0.24	| 0.22	| 0.21	| 0.03
749	| 0.07	| 0.08	| 0.07	| 0.01
750	| 0.03	| 0.03	| 0.02	| 0.01
751	| 0.14	| 0.13	| 0.13	| 0.02
752	| 0.10	| 0.10	| 0.13	| 0.03
753	| 0.05	| 0.04	| 0.07	| 0.03
754	| 0.08	| 0.10	| 0.10	| 0.02
755	| 0.09	| 0.09	| 0.08	| 0.01
756	| 0.15	| 0.14	| 0.15	| 0.02
757	| 0.13	| 0.13	| 0.15	| 0.02
758	| 0.12	| 0.14	| 0.15	| 0.03
759	| 0.15	| 0.14	| 0.19	| 0.05
760	| 0.14	| 0.14	| 0.13	| 0.01
761	| 0.00	| 0.00	| 0.00	| 0.00
762	| 0.18	| 0.15	| 0.17	| 0.03
763	| 0.11	| 0.12	| 0.12	| 0.02
764	| 0.03	| 0.05	| 0.04	| 0.02
765	| 0.29	| 0.25	| 0.26	| 0.03
766	| 0.31	| 0.29	| 0.29	| 0.02
767	| 0.00	| 0.00	| 0.00	| 0.00
768	| 0.32	| 0.33	| 0.30	| 0.02
769	| 0.04	| 0.03	| 0.04	| 0.02
770	| 0.36	| 0.30	| 0.32	| 0.06
771	| 0.23	| 0.26	| 0.26	| 0.03
772	| 0.15	| 0.17	| 0.18	| 0.02
773	| 0.07	| 0.05	| 0.06	| 0.02
774	| 0.28	| 0.30	| 0.31	| 0.02
775	| 0.24	| 0.27	| 0.24	| 0.03
776	| 0.14	| 0.16	| 0.16	| 0.02
777	| 0.10	| 0.08	| 0.08	| 0.02
778	| 0.25	| 0.24	| 0.26	| 0.01
779	| 0.28	| 0.31	| 0.31	| 0.02
780	| 0.19	| 0.18	| 0.16	| 0.03
781	| 0.06	| 0.07	| 0.08	| 0.02
782	| 0.19	| 0.17	| 0.18	| 0.02
783	| 0.16	| 0.18	| 0.15	| 0.03
784	| 0.20	| 0.22	| 0.21	| 0.01
785	| 0.10	| 0.10	| 0.10	| 0.01
786	| 0.22	| 0.23	| 0.22	| 0.01
787	| 0.07	| 0.07	| 0.07	| 0.00
788	| 0.32	| 0.32	| 0.32	| 0.00
789	| 0.09	| 0.08	| 0.07	| 0.02
790	| 0.13	| 0.12	| 0.11	| 0.02
791	| 0.05	| 0.06	| 0.06	| 0.01
792	| 0.22	| 0.24	| 0.24	| 0.02
793	| 0.22	| 0.23	| 0.24	| 0.02
794	| 0.25	| 0.23	| 0.24	| 0.02
795	| 0.19	| 0.20	| 0.17	| 0.03
796	| 0.32	| 0.29	| 0.32	| 0.03
797	| 0.26	| 0.28	| 0.27	| 0.02
798	| 0.27	| 0.23	| 0.24	| 0.04
799	| 0.21	| 0.23	| 0.21	| 0.02
800	| 0.26	| 0.27	| 0.29	| 0.03
801	| 0.11	| 0.13	| 0.12	| 0.02
802	| 0.18	| 0.21	| 0.18	| 0.02
803	| 0.19	| 0.22	| 0.18	| 0.05
804	| 0.28	| 0.26	| 0.26	| 0.03
805	| 0.16	| 0.16	| 0.15	| 0.01
806	| 0.02	| 0.02	| 0.01	| 0.01
807	| 0.10	| 0.10	| 0.10	| 0.01
808	| 0.20	| 0.18	| 0.19	| 0.02
809	| 0.05	| 0.05	| 0.06	| 0.01
810	| 0.13	| 0.14	| 0.15	| 0.02
811	| 0.30	| 0.29	| 0.32	| 0.03
812	| 0.30	| 0.26	| 0.31	| 0.05
813	| 0.23	| 0.21	| 0.22	| 0.02
814	| 0.02	| 0.03	| 0.03	| 0.01
815	| 0.19	| 0.17	| 0.17	| 0.02
816	| 0.28	| 0.25	| 0.27	| 0.03
817	| 0.21	| 0.23	| 0.23	| 0.03
818	| 0.29	| 0.30	| 0.34	| 0.05
819	| 0.02	| 0.02	| 0.02	| 0.00
820	| 0.06	| 0.07	| 0.07	| 0.01
821	| 0.26	| 0.29	| 0.29	| 0.04
822	| 0.24	| 0.24	| 0.27	| 0.04
823	| 0.24	| 0.26	| 0.23	| 0.03
824	| 0.10	| 0.11	| 0.09	| 0.02
825	| 0.23	| 0.25	| 0.23	| 0.02
826	| 0.30	| 0.32	| 0.26	| 0.06
827	| 0.34	| 0.29	| 0.32	| 0.04
828	| 0.09	| 0.10	| 0.10	| 0.02
829	| 0.29	| 0.31	| 0.30	| 0.02
830	| 0.28	| 0.32	| 0.28	| 0.04
831	| 0.19	| 0.22	| 0.23	| 0.05
832	| 0.28	| 0.24	| 0.25	| 0.04
833	| 0.04	| 0.04	| 0.05	| 0.01
834	| 0.07	| 0.06	| 0.08	| 0.01
835	| 0.27	| 0.29	| 0.27	| 0.02
836	| 0.23	| 0.25	| 0.26	| 0.03
837	| 0.09	| 0.11	| 0.09	| 0.02
838	| 0.14	| 0.14	| 0.15	| 0.01
839	| 0.00	| 0.00	| 0.00	| 0.00
840	| 0.29	| 0.30	| 0.32	| 0.02
841	| 0.18	| 0.17	| 0.22	| 0.05
842	| 0.08	| 0.09	| 0.08	| 0.01
843	| 0.27	| 0.33	| 0.30	| 0.06
844	| 0.10	| 0.09	| 0.09	| 0.01
845	| 0.15	| 0.15	| 0.11	| 0.04
846	| 0.14	| 0.13	| 0.15	| 0.02
847	| 0.24	| 0.26	| 0.31	| 0.07
848	| 0.22	| 0.25	| 0.23	| 0.03
849	| 0.24	| 0.21	| 0.23	| 0.04
850	| 0.30	| 0.29	| 0.29	| 0.01
851	| 0.18	| 0.17	| 0.16	| 0.02
852	| 0.32	| 0.30	| 0.31	| 0.02
853	| 0.31	| 0.31	| 0.31	| 0.00
854	| 0.24	| 0.24	| 0.21	| 0.03
855	| 0.28	| 0.29	| 0.33	| 0.04
856	| 0.26	| 0.25	| 0.25	| 0.01
857	| 0.11	| 0.11	| 0.10	| 0.01
858	| 0.15	| 0.15	| 0.14	| 0.01
859	| 0.01	| 0.01	| 0.01	| 0.00
860	| 0.02	| 0.03	| 0.03	| 0.02
861	| 0.12	| 0.09	| 0.11	| 0.03
862	| 0.09	| 0.07	| 0.07	| 0.02
863	| 0.31	| 0.32	| 0.32	| 0.01
864	| 0.17	| 0.13	| 0.15	| 0.04
865	| 0.24	| 0.22	| 0.21	| 0.03
866	| 0.35	| 0.34	| 0.31	| 0.04
867	| 0.29	| 0.32	| 0.30	| 0.04
868	| 0.19	| 0.18	| 0.19	| 0.01
869	| 0.23	| 0.20	| 0.19	| 0.04
870	| 0.19	| 0.20	| 0.21	| 0.02
871	| 0.15	| 0.15	| 0.15	| 0.01
872	| 0.20	| 0.24	| 0.23	| 0.04
873	| 0.14	| 0.15	| 0.15	| 0.01
874	| 0.06	| 0.07	| 0.07	| 0.01
875	| 0.06	| 0.04	| 0.07	| 0.02
876	| 0.03	| 0.03	| 0.04	| 0.01
877	| 0.10	| 0.08	| 0.09	| 0.01
878	| 0.05	| 0.06	| 0.06	| 0.01
879	| 0.17	| 0.19	| 0.18	| 0.02
880	| 0.08	| 0.08	| 0.10	| 0.02
881	| 0.13	| 0.12	| 0.11	| 0.01
882	| 0.34	| 0.34	| 0.30	| 0.04
883	| 0.12	| 0.10	| 0.12	| 0.02
884	| 0.29	| 0.27	| 0.29	| 0.03
885	| 0.11	| 0.10	| 0.12	| 0.01
886	| 0.16	| 0.14	| 0.14	| 0.03
887	| 0.06	| 0.05	| 0.06	| 0.01
888	| 0.06	| 0.06	| 0.06	| 0.00
889	| 0.18	| 0.17	| 0.20	| 0.03
890	| 0.24	| 0.22	| 0.26	| 0.03
891	| 0.30	| 0.28	| 0.32	| 0.04
892	| 0.05	| 0.04	| 0.04	| 0.01
893	| 0.31	| 0.32	| 0.34	| 0.03
894	| 0.33	| 0.35	| 0.32	| 0.03
895	| 0.29	| 0.27	| 0.28	| 0.01
896	| 0.10	| 0.09	| 0.08	| 0.01
897	| 0.12	| 0.10	| 0.11	| 0.02
898	| 0.16	| 0.14	| 0.14	| 0.02
899	| 0.31	| 0.30	| 0.29	| 0.02
900	| 0.32	| 0.32	| 0.32	| 0.01
901	| 0.18	| 0.17	| 0.19	| 0.02
902	| 0.09	| 0.09	| 0.09	| 0.01
903	| 0.11	| 0.10	| 0.09	| 0.02
904	| 0.07	| 0.07	| 0.07	| 0.00
905	| 0.08	| 0.08	| 0.08	| 0.00
906	| 0.07	| 0.07	| 0.08	| 0.01
907	| 0.07	| 0.07	| 0.06	| 0.01
908	| 0.27	| 0.31	| 0.33	| 0.06
909	| 0.10	| 0.12	| 0.11	| 0.02
910	| 0.32	| 0.29	| 0.32	| 0.04
911	| 0.20	| 0.20	| 0.20	| 0.01
912	| 0.08	| 0.08	| 0.07	| 0.01
913	| 0.21	| 0.21	| 0.21	| 0.01
914	| 0.07	| 0.08	| 0.09	| 0.02
915	| 0.03	| 0.02	| 0.03	| 0.01
916	| 0.22	| 0.23	| 0.21	| 0.02
917	| 0.25	| 0.27	| 0.22	| 0.04
918	| 0.03	| 0.04	| 0.03	| 0.01
919	| 0.23	| 0.23	| 0.22	| 0.01
920	| 0.16	| 0.13	| 0.15	| 0.03
921	| 0.01	| 0.01	| 0.01	| 0.00
922	| 0.21	| 0.21	| 0.20	| 0.01
923	| 0.00	| 0.01	| 0.01	| 0.01
924	| 0.35	| 0.28	| 0.31	| 0.08
925	| 0.14	| 0.14	| 0.12	| 0.01
926	| 0.04	| 0.04	| 0.05	| 0.01
927	| 0.06	| 0.07	| 0.07	| 0.01
928	| 0.00	| 0.00	| 0.00	| 0.00
929	| 0.32	| 0.27	| 0.28	| 0.04
930	| 0.17	| 0.17	| 0.16	| 0.01
931	| 0.28	| 0.33	| 0.28	| 0.05
932	| 0.16	| 0.19	| 0.14	| 0.05
933	| 0.31	| 0.29	| 0.28	| 0.03
934	| 0.04	| 0.04	| 0.04	| 0.01
935	| 0.22	| 0.24	| 0.23	| 0.03
936	| 0.33	| 0.34	| 0.31	| 0.03
937	| 0.19	| 0.19	| 0.23	| 0.04
938	| 0.14	| 0.13	| 0.15	| 0.02
939	| 0.02	| 0.02	| 0.02	| 0.01
940	| 0.15	| 0.13	| 0.12	| 0.04
941	| 0.14	| 0.18	| 0.16	| 0.04
942	| 0.26	| 0.29	| 0.29	| 0.04
943	| 0.07	| 0.05	| 0.07	| 0.02
944	| 0.00	| 0.00	| 0.00	| 0.00
945	| 0.25	| 0.26	| 0.27	| 0.02
946	| 0.18	| 0.19	| 0.19	| 0.01
947	| 0.22	| 0.24	| 0.25	| 0.03
948	| 0.09	| 0.09	| 0.08	| 0.01
949	| 0.26	| 0.26	| 0.30	| 0.04
950	| 0.12	| 0.12	| 0.14	| 0.02
951	| 0.04	| 0.04	| 0.03	| 0.01
952	| 0.09	| 0.09	| 0.09	| 0.00
953	| 0.28	| 0.27	| 0.24	| 0.05
954	| 0.18	| 0.15	| 0.17	| 0.02
955	| 0.04	| 0.06	| 0.06	| 0.02
956	| 0.12	| 0.11	| 0.10	| 0.02
957	| 0.05	| 0.04	| 0.04	| 0.01
958	| 0.08	| 0.08	| 0.09	| 0.01
959	| 0.05	| 0.05	| 0.04	| 0.01
960	| 0.08	| 0.09	| 0.09	| 0.00
961	| 0.27	| 0.29	| 0.28	| 0.02
962	| 0.15	| 0.15	| 0.15	| 0.01
963	| 0.01	| 0.02	| 0.01	| 0.00
964	| 0.15	| 0.17	| 0.16	| 0.02
965	| 0.25	| 0.26	| 0.29	| 0.03
966	| 0.13	| 0.14	| 0.14	| 0.01
967	| 0.19	| 0.16	| 0.16	| 0.03
968	| 0.01	| 0.01	| 0.00	| 0.00
969	| 0.01	| 0.01	| 0.02	| 0.01
970	| 0.34	| 0.34	| 0.33	| 0.01
971	| 0.04	| 0.05	| 0.04	| 0.01
972	| 0.26	| 0.27	| 0.29	| 0.03
973	| 0.24	| 0.24	| 0.24	| 0.01
974	| 0.18	| 0.16	| 0.16	| 0.02
975	| 0.26	| 0.34	| 0.31	| 0.08
976	| 0.22	| 0.27	| 0.24	| 0.05
977	| 0.20	| 0.19	| 0.18	| 0.02
978	| 0.29	| 0.28	| 0.27	| 0.02
979	| 0.01	| 0.01	| 0.02	| 0.01
980	| 0.23	| 0.21	| 0.23	| 0.02
981	| 0.14	| 0.11	| 0.15	| 0.04
982	| 0.26	| 0.32	| 0.31	| 0.06
983	| 0.22	| 0.23	| 0.24	| 0.03
984	| 0.04	| 0.04	| 0.05	| 0.00
985	| 0.11	| 0.12	| 0.11	| 0.01
986	| 0.10	| 0.10	| 0.09	| 0.01
987	| 0.01	| 0.01	| 0.01	| 0.01
988	| 0.00	| 0.00	| 0.00	| 0.00
989	| 0.28	| 0.25	| 0.26	| 0.02
990	| 0.32	| 0.29	| 0.29	| 0.04
991	| 0.18	| 0.21	| 0.21	| 0.03
992	| 0.21	| 0.21	| 0.19	| 0.01
993	| 0.14	| 0.15	| 0.14	| 0.02
994	| 0.26	| 0.25	| 0.26	| 0.01
995	| 0.26	| 0.25	| 0.23	| 0.03
996	| 0.19	| 0.17	| 0.16	| 0.03
997	| 0.23	| 0.23	| 0.20	| 0.02
998	| 0.24	| 0.27	| 0.26	| 0.03
999	| 0.25	| 0.23	| 0.23	| 0.02
1000	| 0.02	| 0.02	| 0.02	| 0.01
1001	| 0.20	| 0.18	| 0.20	| 0.02
1002	| 0.10	| 0.12	| 0.12	| 0.02
1003	| 0.04	| 0.04	| 0.04	| 0.01
1004	| 0.10	| 0.10	| 0.10	| 0.00
1005	| 0.13	| 0.13	| 0.11	| 0.02
1006	| 0.17	| 0.19	| 0.17	| 0.02
1007	| 0.01	| 0.00	| 0.02	| 0.02
1008	| 0.29	| 0.26	| 0.29	| 0.03
1009	| 0.13	| 0.14	| 0.11	| 0.03
1010	| 0.33	| 0.35	| 0.32	| 0.03
1011	| 0.20	| 0.24	| 0.23	| 0.03
1012	| 0.11	| 0.13	| 0.11	| 0.01
1013	| 0.12	| 0.13	| 0.13	| 0.02
1014	| 0.07	| 0.06	| 0.08	| 0.02
1015	| 0.05	| 0.03	| 0.04	| 0.02
1016	| 0.04	| 0.04	| 0.04	| 0.01
1017	| 0.16	| 0.15	| 0.15	| 0.01
1018	| 0.01	| 0.01	| 0.01	| 0.00
1019	| 0.03	| 0.04	| 0.03	| 0.01
1020	| 0.07	| 0.09	| 0.09	| 0.02
1021	| 0.37	| 0.33	| 0.33	| 0.04
1022	| 0.15	| 0.14	| 0.14	| 0.01
1023	| 0.15	| 0.18	| 0.16	| 0.02
1024	| 0.04	| 0.04	| 0.04	| 0.00
1025	| 0.04	| 0.03	| 0.03	| 0.01
1026	| 0.04	| 0.03	| 0.03	| 0.01
1027	| 0.14	| 0.15	| 0.18	| 0.04
1028	| 0.01	| 0.01	| 0.01	| 0.01
1029	| 0.04	| 0.03	| 0.02	| 0.01
1030	| 0.03	| 0.02	| 0.02	| 0.01
1031	| 0.26	| 0.23	| 0.21	| 0.05
1032	| 0.29	| 0.28	| 0.30	| 0.02
1033	| 0.34	| 0.34	| 0.34	| 0.01
1034	| 0.24	| 0.26	| 0.25	| 0.02
1035	| 0.35	| 0.34	| 0.34	| 0.01
1036	| 0.30	| 0.31	| 0.35	| 0.05
1037	| 0.03	| 0.03	| 0.04	| 0.01
1038	| 0.09	| 0.07	| 0.08	| 0.02
1039	| 0.19	| 0.20	| 0.19	| 0.01
1040	| 0.03	| 0.04	| 0.05	| 0.02
1041	| 0.06	| 0.06	| 0.06	| 0.00
1042	| 0.01	| 0.01	| 0.02	| 0.01
1043	| 0.20	| 0.26	| 0.21	| 0.05
1044	| 0.07	| 0.06	| 0.07	| 0.01
1045	| 0.30	| 0.33	| 0.30	| 0.03
1046	| 0.15	| 0.13	| 0.14	| 0.02
1047	| 0.11	| 0.09	| 0.10	| 0.02
1048	| 0.12	| 0.11	| 0.10	| 0.02
1049	| 0.21	| 0.20	| 0.23	| 0.03
1050	| 0.17	| 0.18	| 0.18	| 0.02
1051	| 0.01	| 0.01	| 0.01	| 0.00
1052	| 0.06	| 0.06	| 0.06	| 0.00
1053	| 0.33	| 0.32	| 0.34	| 0.02
1054	| 0.15	| 0.18	| 0.18	| 0.03
1055	| 0.30	| 0.28	| 0.25	| 0.05
1056	| 0.09	| 0.07	| 0.08	| 0.02
1057	| 0.09	| 0.10	| 0.09	| 0.01
1058	| 0.27	| 0.27	| 0.27	| 0.00
1059	| 0.02	| 0.02	| 0.03	| 0.01
1060	| 0.25	| 0.24	| 0.22	| 0.03
1061	| 0.25	| 0.24	| 0.27	| 0.03
1062	| 0.03	| 0.03	| 0.03	| 0.01
1063	| 0.32	| 0.33	| 0.29	| 0.04
1064	| 0.01	| 0.00	| 0.01	| 0.01
1065	| 0.13	| 0.12	| 0.11	| 0.02
1066	| 0.03	| 0.03	| 0.03	| 0.00
1067	| 0.19	| 0.16	| 0.18	| 0.03
1068	| 0.07	| 0.09	| 0.08	| 0.02
1069	| 0.04	| 0.04	| 0.04	| 0.01
1070	| 0.34	| 0.32	| 0.32	| 0.02
1071	| 0.25	| 0.24	| 0.25	| 0.02
1072	| 0.01	| 0.01	| 0.01	| 0.00
1073	| 0.17	| 0.19	| 0.16	| 0.03
1074	| 0.07	| 0.07	| 0.06	| 0.01
1075	| 0.11	| 0.12	| 0.11	| 0.01
1076	| 0.31	| 0.36	| 0.35	| 0.05
1077	| 0.32	| 0.33	| 0.33	| 0.02
1078	| 0.14	| 0.15	| 0.16	| 0.03
1079	| 0.29	| 0.29	| 0.31	| 0.02
1080	| 0.04	| 0.04	| 0.03	| 0.01
1081	| 0.26	| 0.26	| 0.27	| 0.02
1082	| 0.17	| 0.16	| 0.20	| 0.04
1083	| 0.23	| 0.24	| 0.23	| 0.01
1084	| 0.03	| 0.05	| 0.04	| 0.01
1085	| 0.04	| 0.05	| 0.05	| 0.01
1086	| 0.04	| 0.06	| 0.06	| 0.01
1087	| 0.29	| 0.30	| 0.30	| 0.01
1088	| 0.19	| 0.17	| 0.18	| 0.02
1089	| 0.30	| 0.32	| 0.30	| 0.02
1090	| 0.17	| 0.19	| 0.17	| 0.02
1091	| 0.21	| 0.20	| 0.21	| 0.01
1092	| 0.01	| 0.01	| 0.01	| 0.00
1093	| 0.11	| 0.08	| 0.10	| 0.03
1094	| 0.03	| 0.03	| 0.03	| 0.00
1095	| 0.16	| 0.16	| 0.18	| 0.02
1096	| 0.04	| 0.05	| 0.05	| 0.01
1097	| 0.19	| 0.24	| 0.22	| 0.04
1098	| 0.16	| 0.14	| 0.17	| 0.03
1099	| 0.06	| 0.06	| 0.06	| 0.00
1100	| 0.22	| 0.26	| 0.26	| 0.04
1101	| 0.07	| 0.07	| 0.07	| 0.00
1102	| 0.08	| 0.10	| 0.10	| 0.03
1103	| 0.10	| 0.10	| 0.08	| 0.03
1104	| 0.09	| 0.09	| 0.08	| 0.01
1105	| 0.14	| 0.15	| 0.16	| 0.02
1106	| 0.03	| 0.04	| 0.03	| 0.01
1107	| 0.26	| 0.30	| 0.25	| 0.05
1108	| 0.29	| 0.25	| 0.23	| 0.06
1109	| 0.10	| 0.10	| 0.10	| 0.01
1110	| 0.01	| 0.01	| 0.03	| 0.01
1111	| 0.09	| 0.07	| 0.07	| 0.01
1112	| 0.20	| 0.20	| 0.21	| 0.01
1113	| 0.23	| 0.30	| 0.25	| 0.07
1114	| 0.33	| 0.33	| 0.31	| 0.02
1115	| 0.15	| 0.14	| 0.15	| 0.01
1116	| 0.24	| 0.21	| 0.20	| 0.04
1117	| 0.27	| 0.26	| 0.27	| 0.02
1118	| 0.11	| 0.11	| 0.12	| 0.01
1119	| 0.26	| 0.27	| 0.27	| 0.02
1120	| 0.14	| 0.12	| 0.11	| 0.02
1121	| 0.09	| 0.10	| 0.10	| 0.01
1122	| 0.30	| 0.29	| 0.28	| 0.02
1123	| 0.31	| 0.27	| 0.33	| 0.06
1124	| 0.26	| 0.22	| 0.22	| 0.04
1125	| 0.16	| 0.15	| 0.20	| 0.05
1126	| 0.14	| 0.13	| 0.14	| 0.01
1127	| 0.22	| 0.18	| 0.21	| 0.04
1128	| 0.01	| 0.02	| 0.01	| 0.01
1129	| 0.24	| 0.28	| 0.27	| 0.04
1130	| 0.16	| 0.11	| 0.13	| 0.05
1131	| 0.00	| 0.00	| 0.00	| 0.00
1132	| 0.05	| 0.03	| 0.06	| 0.02
1133	| 0.05	| 0.04	| 0.04	| 0.01
1134	| 0.31	| 0.30	| 0.31	| 0.01
1135	| 0.21	| 0.23	| 0.22	| 0.02
1136	| 0.06	| 0.06	| 0.07	| 0.01
1137	| 0.10	| 0.12	| 0.12	| 0.02
1138	| 0.34	| 0.35	| 0.33	| 0.02
1139	| 0.31	| 0.33	| 0.32	| 0.02
1140	| 0.04	| 0.05	| 0.06	| 0.02
1141	| 0.15	| 0.12	| 0.15	| 0.03
1142	| 0.23	| 0.21	| 0.17	| 0.06
1143	| 0.03	| 0.03	| 0.04	| 0.01
1144	| 0.12	| 0.10	| 0.11	| 0.02
1145	| 0.16	| 0.19	| 0.18	| 0.03
1146	| 0.23	| 0.21	| 0.19	| 0.04
1147	| 0.03	| 0.02	| 0.03	| 0.01
1148	| 0.11	| 0.12	| 0.12	| 0.02
1149	| 0.03	| 0.04	| 0.04	| 0.01
1150	| 0.12	| 0.13	| 0.13	| 0.01
1151	| 0.02	| 0.01	| 0.02	| 0.01
1152	| 0.23	| 0.22	| 0.23	| 0.02
1153	| 0.07	| 0.07	| 0.08	| 0.01
1154	| 0.25	| 0.22	| 0.27	| 0.04
1155	| 0.07	| 0.08	| 0.10	| 0.03
1156	| 0.23	| 0.19	| 0.23	| 0.04
1157	| 0.06	| 0.07	| 0.06	| 0.01
1158	| 0.29	| 0.30	| 0.33	| 0.04
1159	| 0.07	| 0.08	| 0.08	| 0.01
1160	| 0.24	| 0.24	| 0.22	| 0.02
1161	| 0.03	| 0.02	| 0.03	| 0.01
1162	| 0.32	| 0.32	| 0.32	| 0.00
1163	| 0.23	| 0.21	| 0.20	| 0.03
1164	| 0.11	| 0.11	| 0.13	| 0.02
1165	| 0.33	| 0.33	| 0.29	| 0.04
1166	| 0.17	| 0.18	| 0.16	| 0.01
1167	| 0.03	| 0.02	| 0.02	| 0.01
1168	| 0.06	| 0.06	| 0.07	| 0.01
1169	| 0.13	| 0.12	| 0.12	| 0.01
1170	| 0.35	| 0.30	| 0.36	| 0.06
1171	| 0.25	| 0.31	| 0.29	| 0.05
1172	| 0.35	| 0.34	| 0.31	| 0.04
1173	| 0.03	| 0.03	| 0.03	| 0.00
1174	| 0.06	| 0.07	| 0.07	| 0.01
1175	| 0.08	| 0.06	| 0.08	| 0.02
1176	| 0.28	| 0.27	| 0.28	| 0.01
1177	| 0.04	| 0.04	| 0.04	| 0.01
1178	| 0.10	| 0.12	| 0.11	| 0.01
1179	| 0.27	| 0.24	| 0.27	| 0.03
1180	| 0.32	| 0.32	| 0.34	| 0.03
1181	| 0.05	| 0.03	| 0.03	| 0.02
1182	| 0.14	| 0.10	| 0.11	| 0.04
1183	| 0.26	| 0.29	| 0.31	| 0.05
1184	| 0.04	| 0.05	| 0.06	| 0.02
1185	| 0.34	| 0.32	| 0.30	| 0.03
1186	| 0.07	| 0.07	| 0.07	| 0.01
1187	| 0.16	| 0.16	| 0.13	| 0.03
1188	| 0.30	| 0.30	| 0.29	| 0.01
1189	| 0.26	| 0.25	| 0.29	| 0.03
1190	| 0.01	| 0.01	| 0.01	| 0.01
1191	| 0.10	| 0.08	| 0.10	| 0.02
1192	| 0.18	| 0.18	| 0.17	| 0.01
1193	| 0.19	| 0.16	| 0.17	| 0.02
1194	| 0.23	| 0.21	| 0.24	| 0.03
1195	| 0.31	| 0.31	| 0.29	| 0.02
1196	| 0.27	| 0.29	| 0.28	| 0.02
1197	| 0.04	| 0.04	| 0.03	| 0.01
1198	| 0.03	| 0.03	| 0.03	| 0.01
1199	| 0.03	| 0.06	| 0.06	| 0.03
1200	| 0.20	| 0.19	| 0.20	| 0.01
1201	| 0.14	| 0.12	| 0.11	| 0.02
1202	| 0.14	| 0.14	| 0.15	| 0.01
1203	| 0.26	| 0.25	| 0.29	| 0.04
1204	| 0.05	| 0.06	| 0.06	| 0.01
1205	| 0.31	| 0.30	| 0.29	| 0.02
1206	| 0.10	| 0.13	| 0.13	| 0.03
1207	| 0.24	| 0.21	| 0.22	| 0.03
1208	| 0.33	| 0.34	| 0.31	| 0.03
1209	| 0.28	| 0.30	| 0.29	| 0.03
1210	| 0.15	| 0.16	| 0.17	| 0.02
1211	| 0.06	| 0.08	| 0.07	| 0.02
1212	| 0.33	| 0.33	| 0.33	| 0.00
1213	| 0.28	| 0.28	| 0.30	| 0.02
1214	| 0.07	| 0.10	| 0.07	| 0.03
1215	| 0.15	| 0.17	| 0.15	| 0.02
1216	| 0.05	| 0.06	| 0.05	| 0.01
1217	| 0.10	| 0.13	| 0.12	| 0.02
1218	| 0.29	| 0.31	| 0.29	| 0.03
1219	| 0.05	| 0.05	| 0.07	| 0.02
1220	| 0.21	| 0.20	| 0.17	| 0.04
1221	| 0.08	| 0.07	| 0.07	| 0.01
1222	| 0.03	| 0.03	| 0.04	| 0.01
1223	| 0.08	| 0.08	| 0.09	| 0.01
1224	| 0.21	| 0.18	| 0.18	| 0.03
1225	| 0.10	| 0.08	| 0.07	| 0.03
1226	| 0.05	| 0.05	| 0.05	| 0.01
1227	| 0.27	| 0.22	| 0.22	| 0.04
1228	| 0.24	| 0.24	| 0.25	| 0.00
1229	| 0.28	| 0.28	| 0.31	| 0.03
1230	| 0.27	| 0.29	| 0.28	| 0.02
1231	| 0.22	| 0.24	| 0.22	| 0.01
1232	| 0.10	| 0.09	| 0.11	| 0.02
1233	| 0.12	| 0.12	| 0.11	| 0.01
1234	| 0.04	| 0.04	| 0.04	| 0.00
1235	| 0.06	| 0.09	| 0.07	| 0.03
1236	| 0.10	| 0.12	| 0.12	| 0.03
1237	| 0.22	| 0.20	| 0.21	| 0.02
1238	| 0.34	| 0.36	| 0.31	| 0.04
1239	| 0.32	| 0.35	| 0.31	| 0.04
1240	| 0.04	| 0.03	| 0.03	| 0.01
1241	| 0.19	| 0.19	| 0.20	| 0.00
1242	| 0.17	| 0.15	| 0.17	| 0.02
1243	| 0.25	| 0.28	| 0.29	| 0.03
1244	| 0.06	| 0.07	| 0.06	| 0.02
1245	| 0.31	| 0.31	| 0.33	| 0.02
1246	| 0.01	| 0.00	| 0.00	| 0.00
1247	| 0.08	| 0.09	| 0.07	| 0.02
1248	| 0.26	| 0.25	| 0.28	| 0.03
1249	| 0.01	| 0.01	| 0.01	| 0.00
1250	| 0.03	| 0.03	| 0.03	| 0.00
1251	| 0.17	| 0.18	| 0.18	| 0.01
1252	| 0.26	| 0.27	| 0.29	| 0.04
1253	| 0.20	| 0.18	| 0.18	| 0.02
1254	| 0.26	| 0.30	| 0.27	| 0.04
1255	| 0.33	| 0.30	| 0.29	| 0.03
1256	| 0.12	| 0.11	| 0.12	| 0.01
1257	| 0.26	| 0.26	| 0.27	| 0.01
1258	| 0.04	| 0.03	| 0.03	| 0.01
1259	| 0.28	| 0.32	| 0.29	| 0.04
1260	| 0.24	| 0.24	| 0.25	| 0.01
1261	| 0.05	| 0.06	| 0.06	| 0.01
1262	| 0.07	| 0.08	| 0.08	| 0.01
1263	| 0.09	| 0.10	| 0.10	| 0.01
1264	| 0.22	| 0.21	| 0.23	| 0.03
1265	| 0.17	| 0.19	| 0.19	| 0.02
1266	| 0.21	| 0.17	| 0.18	| 0.04
1267	| 0.21	| 0.21	| 0.20	| 0.01
1268	| 0.28	| 0.30	| 0.31	| 0.02
1269	| 0.32	| 0.31	| 0.34	| 0.03
1270	| 0.01	| 0.02	| 0.01	| 0.01
1271	| 0.18	| 0.16	| 0.16	| 0.02
1272	| 0.10	| 0.10	| 0.08	| 0.02
1273	| 0.28	| 0.26	| 0.28	| 0.03
1274	| 0.08	| 0.09	| 0.08	| 0.01
1275	| 0.20	| 0.21	| 0.20	| 0.01
1276	| 0.28	| 0.29	| 0.28	| 0.02
1277	| 0.27	| 0.27	| 0.29	| 0.02
1278	| 0.18	| 0.18	| 0.20	| 0.02
1279	| 0.35	| 0.33	| 0.34	| 0.02
1280	| 0.05	| 0.06	| 0.07	| 0.01
1281	| 0.34	| 0.34	| 0.33	| 0.01
1282	| 0.32	| 0.33	| 0.35	| 0.03
1283	| 0.24	| 0.25	| 0.24	| 0.01
1284	| 0.03	| 0.03	| 0.02	| 0.01
1285	| 0.03	| 0.02	| 0.02	| 0.01
1286	| 0.15	| 0.19	| 0.18	| 0.04
1287	| 0.34	| 0.35	| 0.33	| 0.02
1288	| 0.18	| 0.15	| 0.17	| 0.03
1289	| 0.19	| 0.17	| 0.20	| 0.02
1290	| 0.14	| 0.15	| 0.12	| 0.03
1291	| 0.19	| 0.18	| 0.22	| 0.03
1292	| 0.22	| 0.24	| 0.23	| 0.03
1293	| 0.31	| 0.32	| 0.33	| 0.02
1294	| 0.21	| 0.22	| 0.18	| 0.04
1295	| 0.16	| 0.18	| 0.15	| 0.03
1296	| 0.11	| 0.10	| 0.10	| 0.02
1297	| 0.15	| 0.15	| 0.14	| 0.01
1298	| 0.07	| 0.07	| 0.06	| 0.01
1299	| 0.01	| 0.01	| 0.01	| 0.01
1300	| 0.09	| 0.07	| 0.10	| 0.03
1301	| 0.07	| 0.10	| 0.08	| 0.02
1302	| 0.13	| 0.13	| 0.11	| 0.02
1303	| 0.08	| 0.09	| 0.09	| 0.00
1304	| 0.17	| 0.18	| 0.17	| 0.01
1305	| 0.15	| 0.15	| 0.18	| 0.03
1306	| 0.03	| 0.03	| 0.02	| 0.01
1307	| 0.18	| 0.17	| 0.18	| 0.02
1308	| 0.28	| 0.25	| 0.28	| 0.03
1309	| 0.24	| 0.26	| 0.26	| 0.02
1310	| 0.03	| 0.04	| 0.03	| 0.01
1311	| 0.07	| 0.09	| 0.08	| 0.02
1312	| 0.03	| 0.03	| 0.02	| 0.01
1313	| 0.06	| 0.05	| 0.06	| 0.01
1314	| 0.13	| 0.11	| 0.10	| 0.03
1315	| 0.01	| 0.01	| 0.01	| 0.00
1316	| 0.19	| 0.15	| 0.17	| 0.03
1317	| 0.08	| 0.09	| 0.08	| 0.01
1318	| 0.16	| 0.17	| 0.15	| 0.02
1319	| 0.28	| 0.30	| 0.29	| 0.02
1320	| 0.27	| 0.24	| 0.25	| 0.03
1321	| 0.34	| 0.31	| 0.33	| 0.03
1322	| 0.32	| 0.29	| 0.32	| 0.03
1323	| 0.21	| 0.20	| 0.22	| 0.01
1324	| 0.27	| 0.23	| 0.26	| 0.04
1325	| 0.04	| 0.05	| 0.04	| 0.01
1326	| 0.03	| 0.03	| 0.02	| 0.01
1327	| 0.03	| 0.03	| 0.02	| 0.01
1328	| 0.13	| 0.12	| 0.13	| 0.01
1329	| 0.03	| 0.04	| 0.03	| 0.01
1330	| 0.24	| 0.24	| 0.24	| 0.01
1331	| 0.07	| 0.07	| 0.08	| 0.01
1332	| 0.11	| 0.11	| 0.12	| 0.01
1333	| 0.23	| 0.24	| 0.25	| 0.02
1334	| 0.25	| 0.27	| 0.26	| 0.02
1335	| 0.21	| 0.20	| 0.19	| 0.01
1336	| 0.08	| 0.09	| 0.07	| 0.02
1337	| 0.16	| 0.16	| 0.17	| 0.01
1338	| 0.08	| 0.07	| 0.08	| 0.01
1339	| 0.14	| 0.15	| 0.11	| 0.04
1340	| 0.21	| 0.20	| 0.21	| 0.01
1341	| 0.19	| 0.18	| 0.19	| 0.01
1342	| 0.23	| 0.21	| 0.27	| 0.05
1343	| 0.29	| 0.29	| 0.26	| 0.03
1344	| 0.01	| 0.01	| 0.01	| 0.01
1345	| 0.29	| 0.29	| 0.30	| 0.01
1346	| 0.32	| 0.33	| 0.36	| 0.04
1347	| 0.27	| 0.24	| 0.27	| 0.04
1348	| 0.29	| 0.32	| 0.28	| 0.04
1349	| 0.24	| 0.23	| 0.24	| 0.02
1350	| 0.29	| 0.29	| 0.27	| 0.03
1351	| 0.27	| 0.29	| 0.28	| 0.02
1352	| 0.10	| 0.10	| 0.11	| 0.01
1353	| 0.31	| 0.29	| 0.29	| 0.02
1354	| 0.10	| 0.09	| 0.09	| 0.01
1355	| 0.25	| 0.21	| 0.22	| 0.03
1356	| 0.12	| 0.14	| 0.12	| 0.01
1357	| 0.15	| 0.17	| 0.14	| 0.02
1358	| 0.01	| 0.01	| 0.01	| 0.00
1359	| 0.12	| 0.12	| 0.12	| 0.00
1360	| 0.14	| 0.15	| 0.15	| 0.01
1361	| 0.30	| 0.31	| 0.32	| 0.01
1362	| 0.20	| 0.23	| 0.18	| 0.05
1363	| 0.00	| 0.00	| 0.00	| 0.00
1364	| 0.04	| 0.03	| 0.05	| 0.02
1365	| 0.10	| 0.07	| 0.07	| 0.03
1366	| 0.24	| 0.22	| 0.26	| 0.04
1367	| 0.30	| 0.29	| 0.26	| 0.04
1368	| 0.06	| 0.06	| 0.06	| 0.00
1369	| 0.27	| 0.30	| 0.32	| 0.04
1370	| 0.13	| 0.12	| 0.10	| 0.03
1371	| 0.02	| 0.01	| 0.02	| 0.01
1372	| 0.15	| 0.16	| 0.17	| 0.02
1373	| 0.14	| 0.10	| 0.09	| 0.05
1374	| 0.32	| 0.28	| 0.32	| 0.04
1375	| 0.20	| 0.21	| 0.18	| 0.04
1376	| 0.17	| 0.17	| 0.17	| 0.00
1377	| 0.08	| 0.09	| 0.07	| 0.02
1378	| 0.12	| 0.10	| 0.12	| 0.02
1379	| 0.25	| 0.21	| 0.23	| 0.05
1380	| 0.04	| 0.04	| 0.03	| 0.00
1381	| 0.23	| 0.27	| 0.25	| 0.04
1382	| 0.29	| 0.32	| 0.33	| 0.04
1383	| 0.19	| 0.19	| 0.15	| 0.03
1384	| 0.32	| 0.33	| 0.33	| 0.01
1385	| 0.15	| 0.15	| 0.17	| 0.02
1386	| 0.06	| 0.05	| 0.05	| 0.01
1387	| 0.08	| 0.08	| 0.08	| 0.00
1388	| 0.20	| 0.19	| 0.18	| 0.01
1389	| 0.23	| 0.23	| 0.18	| 0.06
1390	| 0.11	| 0.12	| 0.12	| 0.00
1391	| 0.10	| 0.11	| 0.09	| 0.01
1392	| 0.23	| 0.22	| 0.22	| 0.01
1393	| 0.13	| 0.13	| 0.13	| 0.01
1394	| 0.29	| 0.27	| 0.28	| 0.03
1395	| 0.16	| 0.17	| 0.17	| 0.01
1396	| 0.30	| 0.31	| 0.30	| 0.02
1397	| 0.23	| 0.26	| 0.25	| 0.04
1398	| 0.33	| 0.31	| 0.35	| 0.04
1399	| 0.30	| 0.29	| 0.27	| 0.03
1400	| 0.23	| 0.26	| 0.22	| 0.04
1401	| 0.19	| 0.22	| 0.20	| 0.03
1402	| 0.21	| 0.20	| 0.21	| 0.01
1403	| 0.21	| 0.21	| 0.19	| 0.02
1404	| 0.18	| 0.17	| 0.18	| 0.01
1405	| 0.21	| 0.21	| 0.20	| 0.01
1406	| 0.25	| 0.21	| 0.22	| 0.05
1407	| 0.19	| 0.17	| 0.22	| 0.05
1408	| 0.17	| 0.15	| 0.15	| 0.02
1409	| 0.01	| 0.01	| 0.01	| 0.00
1410	| 0.10	| 0.10	| 0.10	| 0.00
1411	| 0.19	| 0.19	| 0.19	| 0.00
1412	| 0.28	| 0.31	| 0.28	| 0.03
1413	| 0.18	| 0.20	| 0.17	| 0.03
1414	| 0.28	| 0.30	| 0.24	| 0.06
1415	| 0.13	| 0.14	| 0.12	| 0.02
1416	| 0.34	| 0.32	| 0.28	| 0.06
1417	| 0.26	| 0.29	| 0.30	| 0.04
1418	| 0.31	| 0.30	| 0.31	| 0.01
1419	| 0.23	| 0.23	| 0.29	| 0.06
1420	| 0.24	| 0.26	| 0.24	| 0.02
1421	| 0.19	| 0.20	| 0.18	| 0.02
1422	| 0.16	| 0.18	| 0.17	| 0.01
1423	| 0.10	| 0.14	| 0.12	| 0.04
1424	| 0.16	| 0.14	| 0.18	| 0.04
1425	| 0.18	| 0.17	| 0.19	| 0.02
1426	| 0.12	| 0.12	| 0.14	| 0.03
1427	| 0.07	| 0.06	| 0.06	| 0.01
1428	| 0.28	| 0.29	| 0.30	| 0.02
1429	| 0.25	| 0.25	| 0.27	| 0.02
1430	| 0.32	| 0.30	| 0.33	| 0.02
1431	| 0.22	| 0.24	| 0.21	| 0.03
1432	| 0.06	| 0.07	| 0.07	| 0.01
1433	| 0.14	| 0.13	| 0.14	| 0.01
1434	| 0.16	| 0.17	| 0.15	| 0.02
1435	| 0.31	| 0.30	| 0.33	| 0.04
1436	| 0.31	| 0.33	| 0.27	| 0.06
1437	| 0.14	| 0.18	| 0.15	| 0.04
1438	| 0.07	| 0.09	| 0.07	| 0.02
1439	| 0.27	| 0.30	| 0.27	| 0.03
1440	| 0.12	| 0.10	| 0.11	| 0.02
1441	| 0.12	| 0.11	| 0.10	| 0.02
1442	| 0.34	| 0.32	| 0.29	| 0.04
1443	| 0.15	| 0.15	| 0.14	| 0.01
1444	| 0.10	| 0.10	| 0.10	| 0.01
1445	| 0.02	| 0.02	| 0.02	| 0.01
1446	| 0.02	| 0.02	| 0.01	| 0.01
1447	| 0.27	| 0.24	| 0.24	| 0.03
1448	| 0.22	| 0.21	| 0.19	| 0.02
1449	| 0.16	| 0.18	| 0.16	| 0.02
1450	| 0.00	| 0.00	| 0.00	| 0.00
1451	| 0.29	| 0.31	| 0.31	| 0.03
1452	| 0.27	| 0.24	| 0.26	| 0.03
1453	| 0.24	| 0.26	| 0.25	| 0.02
1454	| 0.30	| 0.34	| 0.31	| 0.04
1455	| 0.08	| 0.09	| 0.09	| 0.01
1456	| 0.13	| 0.12	| 0.12	| 0.00
1457	| 0.32	| 0.29	| 0.28	| 0.04
1458	| 0.29	| 0.31	| 0.30	| 0.02
1459	| 0.23	| 0.22	| 0.19	| 0.05
1460	| 0.32	| 0.33	| 0.34	| 0.02
1461	| 0.09	| 0.10	| 0.09	| 0.01
1462	| 0.06	| 0.08	| 0.06	| 0.03
1463	| 0.12	| 0.12	| 0.11	| 0.01
1464	| 0.21	| 0.22	| 0.24	| 0.03
1465	| 0.19	| 0.19	| 0.20	| 0.00
1466	| 0.03	| 0.01	| 0.02	| 0.01
1467	| 0.19	| 0.16	| 0.15	| 0.04
1468	| 0.07	| 0.08	| 0.08	| 0.01
1469	| 0.25	| 0.21	| 0.23	| 0.04
1470	| 0.10	| 0.11	| 0.09	| 0.02
1471	| 0.19	| 0.19	| 0.20	| 0.01
1472	| 0.29	| 0.27	| 0.28	| 0.03
1473	| 0.21	| 0.19	| 0.20	| 0.02
1474	| 0.02	| 0.02	| 0.02	| 0.00
1475	| 0.20	| 0.18	| 0.20	| 0.01
1476	| 0.16	| 0.14	| 0.15	| 0.02
1477	| 0.09	| 0.08	| 0.08	| 0.01
1478	| 0.11	| 0.09	| 0.13	| 0.04
1479	| 0.17	| 0.14	| 0.13	| 0.03
1480	| 0.13	| 0.13	| 0.14	| 0.01
1481	| 0.01	| 0.02	| 0.01	| 0.01
1482	| 0.12	| 0.13	| 0.13	| 0.01
1483	| 0.35	| 0.32	| 0.29	| 0.06
1484	| 0.04	| 0.04	| 0.03	| 0.01
1485	| 0.06	| 0.06	| 0.07	| 0.01
1486	| 0.06	| 0.09	| 0.08	| 0.03
1487	| 0.03	| 0.02	| 0.03	| 0.01
1488	| 0.27	| 0.26	| 0.29	| 0.03
1489	| 0.05	| 0.07	| 0.06	| 0.01
1490	| 0.04	| 0.03	| 0.03	| 0.01
1491	| 0.17	| 0.17	| 0.17	| 0.01
1492	| 0.30	| 0.28	| 0.29	| 0.02
1493	| 0.35	| 0.32	| 0.33	| 0.03
1494	| 0.17	| 0.20	| 0.19	| 0.03
1495	| 0.14	| 0.14	| 0.14	| 0.00
1496	| 0.28	| 0.26	| 0.27	| 0.02
1497	| 0.04	| 0.04	| 0.05	| 0.01
1498	| 0.04	| 0.03	| 0.05	| 0.02
1499	| 0.08	| 0.08	| 0.07	| 0.01
1500	| 0.15	| 0.14	| 0.12	| 0.03
1501	| 0.22	| 0.23	| 0.23	| 0.02
1502	| 0.21	| 0.22	| 0.26	| 0.05
1503	| 0.14	| 0.12	| 0.14	| 0.02
1504	| 0.33	| 0.35	| 0.32	| 0.03
1505	| 0.17	| 0.17	| 0.15	| 0.02
1506	| 0.01	| 0.01	| 0.00	| 0.01
1507	| 0.20	| 0.21	| 0.22	| 0.02
1508	| 0.18	| 0.15	| 0.15	| 0.03
1509	| 0.16	| 0.15	| 0.17	| 0.03
1510	| 0.13	| 0.12	| 0.13	| 0.01
1511	| 0.04	| 0.04	| 0.04	| 0.00
1512	| 0.23	| 0.24	| 0.26	| 0.03
1513	| 0.19	| 0.18	| 0.21	| 0.03
1514	| 0.16	| 0.13	| 0.15	| 0.03
1515	| 0.29	| 0.30	| 0.33	| 0.04
1516	| 0.30	| 0.30	| 0.27	| 0.03
1517	| 0.02	| 0.02	| 0.02	| 0.01
1518	| 0.22	| 0.24	| 0.23	| 0.02
1519	| 0.27	| 0.27	| 0.27	| 0.01
1520	| 0.08	| 0.07	| 0.09	| 0.02
1521	| 0.28	| 0.29	| 0.29	| 0.01
1522	| 0.00	| 0.00	| 0.00	| 0.00
1523	| 0.06	| 0.05	| 0.07	| 0.02
1524	| 0.27	| 0.26	| 0.27	| 0.01
1525	| 0.16	| 0.18	| 0.17	| 0.02
1526	| 0.20	| 0.21	| 0.22	| 0.02
1527	| 0.31	| 0.30	| 0.28	| 0.03
1528	| 0.01	| 0.01	| 0.01	| 0.01
1529	| 0.34	| 0.33	| 0.32	| 0.01
1530	| 0.18	| 0.12	| 0.15	| 0.05
1531	| 0.18	| 0.18	| 0.18	| 0.00
1532	| 0.34	| 0.28	| 0.30	| 0.06
1533	| 0.28	| 0.27	| 0.28	| 0.02
1534	| 0.01	| 0.01	| 0.01	| 0.01
1535	| 0.24	| 0.26	| 0.25	| 0.02
1536	| 0.02	| 0.02	| 0.03	| 0.01
1537	| 0.04	| 0.03	| 0.04	| 0.02
1538	| 0.06	| 0.06	| 0.08	| 0.02
1539	| 0.15	| 0.17	| 0.16	| 0.02
1540	| 0.26	| 0.27	| 0.27	| 0.02
1541	| 0.08	| 0.08	| 0.07	| 0.02
1542	| 0.07	| 0.06	| 0.07	| 0.02
1543	| 0.30	| 0.30	| 0.30	| 0.01
1544	| 0.24	| 0.27	| 0.27	| 0.03
1545	| 0.02	| 0.03	| 0.02	| 0.00
1546	| 0.16	| 0.15	| 0.14	| 0.02
1547	| 0.25	| 0.30	| 0.30	| 0.05
1548	| 0.31	| 0.31	| 0.28	| 0.03
1549	| 0.10	| 0.09	| 0.08	| 0.01
1550	| 0.05	| 0.04	| 0.04	| 0.01
1551	| 0.32	| 0.34	| 0.31	| 0.03
1552	| 0.30	| 0.29	| 0.29	| 0.01
1553	| 0.05	| 0.07	| 0.08	| 0.02
1554	| 0.03	| 0.03	| 0.03	| 0.00
1555	| 0.29	| 0.33	| 0.30	| 0.04
1556	| 0.04	| 0.06	| 0.05	| 0.02
1557	| 0.18	| 0.18	| 0.17	| 0.01
1558	| 0.22	| 0.26	| 0.26	| 0.04
1559	| 0.05	| 0.06	| 0.05	| 0.01
1560	| 0.17	| 0.15	| 0.17	| 0.02
1561	| 0.10	| 0.09	| 0.10	| 0.01
1562	| 0.08	| 0.07	| 0.07	| 0.01
1563	| 0.22	| 0.24	| 0.25	| 0.03
1564	| 0.02	| 0.01	| 0.02	| 0.00
1565	| 0.15	| 0.18	| 0.16	| 0.03
1566	| 0.15	| 0.12	| 0.11	| 0.04
1567	| 0.08	| 0.07	| 0.08	| 0.01
1568	| 0.11	| 0.10	| 0.11	| 0.01
1569	| 0.12	| 0.12	| 0.13	| 0.01
1570	| 0.29	| 0.28	| 0.31	| 0.03
1571	| 0.12	| 0.13	| 0.13	| 0.01
1572	| 0.24	| 0.25	| 0.23	| 0.02
1573	| 0.03	| 0.03	| 0.03	| 0.01
1574	| 0.25	| 0.31	| 0.27	| 0.07
1575	| 0.28	| 0.26	| 0.28	| 0.02
1576	| 0.20	| 0.19	| 0.18	| 0.02
1577	| 0.07	| 0.07	| 0.08	| 0.02
1578	| 0.20	| 0.20	| 0.18	| 0.02
1579	| 0.11	| 0.10	| 0.11	| 0.01
1580	| 0.04	| 0.04	| 0.04	| 0.00
1581	| 0.10	| 0.09	| 0.10	| 0.00
1582	| 0.06	| 0.06	| 0.05	| 0.01
1583	| 0.34	| 0.31	| 0.33	| 0.03
1584	| 0.05	| 0.05	| 0.04	| 0.01
1585	| 0.09	| 0.08	| 0.08	| 0.01
1586	| 0.26	| 0.33	| 0.28	| 0.07
1587	| 0.11	| 0.10	| 0.09	| 0.02
1588	| 0.06	| 0.06	| 0.06	| 0.00
1589	| 0.19	| 0.17	| 0.18	| 0.02
1590	| 0.20	| 0.18	| 0.18	| 0.02
1591	| 0.15	| 0.15	| 0.16	| 0.01
1592	| 0.17	| 0.15	| 0.17	| 0.02
1593	| 0.07	| 0.06	| 0.07	| 0.01
1594	| 0.07	| 0.05	| 0.06	| 0.02
1595	| 0.09	| 0.10	| 0.08	| 0.02
1596	| 0.28	| 0.29	| 0.30	| 0.02
1597	| 0.12	| 0.10	| 0.12	| 0.02
1598	| 0.09	| 0.09	| 0.07	| 0.02
1599	| 0.32	| 0.30	| 0.34	| 0.03
1600	| 0.20	| 0.18	| 0.21	| 0.02
1601	| 0.25	| 0.27	| 0.27	| 0.02
1602	| 0.03	| 0.03	| 0.02	| 0.01
1603	| 0.11	| 0.08	| 0.10	| 0.03
1604	| 0.06	| 0.06	| 0.05	| 0.01
1605	| 0.09	| 0.08	| 0.10	| 0.02
1606	| 0.10	| 0.10	| 0.10	| 0.00
1607	| 0.34	| 0.33	| 0.29	| 0.04
1608	| 0.24	| 0.23	| 0.24	| 0.01
1609	| 0.11	| 0.10	| 0.10	| 0.01
1610	| 0.17	| 0.16	| 0.16	| 0.01
1611	| 0.04	| 0.04	| 0.04	| 0.00
1612	| 0.24	| 0.25	| 0.27	| 0.03
1613	| 0.28	| 0.31	| 0.30	| 0.03
1614	| 0.33	| 0.35	| 0.34	| 0.01
1615	| 0.01	| 0.01	| 0.01	| 0.01
1616	| 0.26	| 0.23	| 0.25	| 0.03
1617	| 0.29	| 0.29	| 0.28	| 0.02
1618	| 0.01	| 0.01	| 0.01	| 0.00
1619	| 0.17	| 0.16	| 0.15	| 0.02
1620	| 0.07	| 0.05	| 0.06	| 0.01
1621	| 0.30	| 0.32	| 0.29	| 0.02
1622	| 0.09	| 0.08	| 0.09	| 0.01
1623	| 0.09	| 0.08	| 0.10	| 0.01
1624	| 0.10	| 0.10	| 0.12	| 0.02
1625	| 0.28	| 0.28	| 0.25	| 0.04
1626	| 0.24	| 0.25	| 0.27	| 0.03
1627	| 0.19	| 0.21	| 0.21	| 0.02
1628	| 0.16	| 0.15	| 0.15	| 0.01
1629	| 0.16	| 0.15	| 0.15	| 0.01
1630	| 0.27	| 0.27	| 0.27	| 0.00
1631	| 0.05	| 0.06	| 0.06	| 0.02
1632	| 0.09	| 0.07	| 0.10	| 0.02
1633	| 0.29	| 0.27	| 0.28	| 0.01
1634	| 0.02	| 0.01	| 0.01	| 0.00
1635	| 0.14	| 0.12	| 0.17	| 0.04
1636	| 0.31	| 0.33	| 0.29	| 0.03
1637	| 0.05	| 0.04	| 0.03	| 0.02
1638	| 0.27	| 0.28	| 0.28	| 0.00
1639	| 0.12	| 0.14	| 0.11	| 0.03
1640	| 0.28	| 0.27	| 0.29	| 0.02
1641	| 0.21	| 0.23	| 0.21	| 0.02
1642	| 0.21	| 0.18	| 0.18	| 0.02
1643	| 0.23	| 0.24	| 0.23	| 0.01
1644	| 0.07	| 0.08	| 0.08	| 0.01
1645	| 0.33	| 0.34	| 0.35	| 0.02
1646	| 0.00	| 0.01	| 0.01	| 0.01
1647	| 0.27	| 0.24	| 0.24	| 0.04
1648	| 0.20	| 0.22	| 0.24	| 0.04
1649	| 0.12	| 0.13	| 0.14	| 0.02
1650	| 0.34	| 0.32	| 0.32	| 0.02
1651	| 0.02	| 0.04	| 0.03	| 0.01
1652	| 0.27	| 0.26	| 0.29	| 0.03
1653	| 0.24	| 0.24	| 0.24	| 0.00
1654	| 0.14	| 0.17	| 0.14	| 0.04
1655	| 0.18	| 0.19	| 0.16	| 0.04
1656	| 0.34	| 0.34	| 0.33	| 0.01
1657	| 0.20	| 0.21	| 0.22	| 0.02
1658	| 0.12	| 0.13	| 0.13	| 0.01
1659	| 0.36	| 0.34	| 0.32	| 0.04
1660	| 0.30	| 0.28	| 0.29	| 0.01
1661	| 0.07	| 0.09	| 0.09	| 0.02
1662	| 0.30	| 0.26	| 0.31	| 0.05
1663	| 0.25	| 0.24	| 0.26	| 0.01
1664	| 0.04	| 0.04	| 0.05	| 0.01
1665	| 0.08	| 0.09	| 0.11	| 0.03
1666	| 0.11	| 0.13	| 0.13	| 0.03
1667	| 0.20	| 0.22	| 0.21	| 0.02
1668	| 0.05	| 0.05	| 0.05	| 0.01
1669	| 0.12	| 0.09	| 0.11	| 0.02
1670	| 0.18	| 0.18	| 0.18	| 0.01
1671	| 0.29	| 0.27	| 0.29	| 0.02
1672	| 0.09	| 0.09	| 0.10	| 0.01
1673	| 0.19	| 0.20	| 0.20	| 0.01
1674	| 0.07	| 0.05	| 0.06	| 0.02
1675	| 0.23	| 0.21	| 0.24	| 0.03
1676	| 0.28	| 0.27	| 0.26	| 0.03
1677	| 0.07	| 0.07	| 0.06	| 0.01
1678	| 0.28	| 0.26	| 0.30	| 0.04
1679	| 0.31	| 0.31	| 0.29	| 0.02
1680	| 0.28	| 0.30	| 0.32	| 0.04
1681	| 0.29	| 0.30	| 0.31	| 0.02
1682	| 0.11	| 0.13	| 0.12	| 0.02
1683	| 0.09	| 0.09	| 0.11	| 0.02
1684	| 0.23	| 0.26	| 0.25	| 0.03
1685	| 0.28	| 0.21	| 0.24	| 0.06
1686	| 0.21	| 0.21	| 0.21	| 0.01
1687	| 0.36	| 0.33	| 0.35	| 0.03
1688	| 0.24	| 0.25	| 0.21	| 0.04
1689	| 0.33	| 0.31	| 0.31	| 0.03
1690	| 0.25	| 0.21	| 0.25	| 0.04
1691	| 0.07	| 0.06	| 0.08	| 0.01
1692	| 0.13	| 0.15	| 0.16	| 0.03
1693	| 0.03	| 0.03	| 0.05	| 0.02
1694	| 0.15	| 0.15	| 0.16	| 0.01
1695	| 0.06	| 0.05	| 0.06	| 0.01
1696	| 0.18	| 0.20	| 0.20	| 0.02
1697	| 0.19	| 0.19	| 0.21	| 0.02
1698	| 0.31	| 0.32	| 0.32	| 0.02
1699	| 0.27	| 0.26	| 0.26	| 0.01
1700	| 0.25	| 0.26	| 0.28	| 0.03
1701	| 0.09	| 0.09	| 0.11	| 0.02
1702	| 0.14	| 0.11	| 0.11	| 0.03
1703	| 0.20	| 0.20	| 0.21	| 0.02
1704	| 0.01	| 0.01	| 0.01	| 0.00
1705	| 0.16	| 0.16	| 0.14	| 0.02
1706	| 0.22	| 0.24	| 0.24	| 0.02
1707	| 0.29	| 0.29	| 0.24	| 0.05
1708	| 0.09	| 0.10	| 0.09	| 0.01
1709	| 0.28	| 0.28	| 0.32	| 0.04
1710	| 0.20	| 0.22	| 0.20	| 0.02
1711	| 0.07	| 0.06	| 0.06	| 0.01
1712	| 0.10	| 0.10	| 0.10	| 0.01
1713	| 0.19	| 0.18	| 0.20	| 0.01
1714	| 0.17	| 0.17	| 0.21	| 0.04
1715	| 0.28	| 0.28	| 0.28	| 0.00
1716	| 0.28	| 0.29	| 0.29	| 0.01
1717	| 0.08	| 0.07	| 0.07	| 0.01
1718	| 0.36	| 0.30	| 0.34	| 0.06
1719	| 0.28	| 0.26	| 0.25	| 0.03
1720	| 0.23	| 0.23	| 0.21	| 0.02
1721	| 0.25	| 0.27	| 0.27	| 0.02
1722	| 0.30	| 0.30	| 0.29	| 0.01
1723	| 0.09	| 0.08	| 0.09	| 0.01
1724	| 0.27	| 0.28	| 0.29	| 0.02
1725	| 0.20	| 0.19	| 0.21	| 0.02
1726	| 0.09	| 0.08	| 0.09	| 0.01
1727	| 0.06	| 0.06	| 0.06	| 0.01
1728	| 0.28	| 0.25	| 0.24	| 0.04
1729	| 0.17	| 0.20	| 0.21	| 0.03
1730	| 0.07	| 0.08	| 0.06	| 0.03
1731	| 0.29	| 0.31	| 0.32	| 0.02
1732	| 0.19	| 0.19	| 0.19	| 0.01
1733	| 0.04	| 0.05	| 0.04	| 0.01
1734	| 0.32	| 0.30	| 0.30	| 0.02
1735	| 0.01	| 0.01	| 0.01	| 0.00
1736	| 0.06	| 0.07	| 0.07	| 0.01
1737	| 0.02	| 0.02	| 0.02	| 0.01
1738	| 0.12	| 0.12	| 0.12	| 0.00
1739	| 0.09	| 0.08	| 0.08	| 0.01
1740	| 0.07	| 0.04	| 0.05	| 0.03
1741	| 0.09	| 0.13	| 0.11	| 0.04
1742	| 0.13	| 0.14	| 0.14	| 0.01
1743	| 0.12	| 0.12	| 0.12	| 0.00
1744	| 0.12	| 0.10	| 0.13	| 0.03
1745	| 0.02	| 0.01	| 0.02	| 0.01
1746	| 0.15	| 0.17	| 0.16	| 0.02
1747	| 0.02	| 0.04	| 0.03	| 0.01
1748	| 0.26	| 0.31	| 0.28	| 0.05
1749	| 0.13	| 0.11	| 0.10	| 0.03
1750	| 0.08	| 0.07	| 0.07	| 0.02
1751	| 0.22	| 0.21	| 0.23	| 0.02
1752	| 0.29	| 0.33	| 0.29	| 0.04
1753	| 0.11	| 0.11	| 0.10	| 0.01
1754	| 0.27	| 0.26	| 0.27	| 0.01
1755	| 0.26	| 0.26	| 0.24	| 0.02
1756	| 0.18	| 0.19	| 0.16	| 0.02
1757	| 0.17	| 0.18	| 0.18	| 0.01
1758	| 0.31	| 0.28	| 0.33	| 0.04
1759	| 0.32	| 0.31	| 0.30	| 0.01
1760	| 0.17	| 0.15	| 0.14	| 0.03
1761	| 0.25	| 0.24	| 0.22	| 0.03
1762	| 0.23	| 0.23	| 0.22	| 0.01
1763	| 0.06	| 0.06	| 0.07	| 0.01
1764	| 0.13	| 0.12	| 0.14	| 0.01
1765	| 0.31	| 0.30	| 0.32	| 0.02
1766	| 0.07	| 0.06	| 0.06	| 0.01
1767	| 0.27	| 0.24	| 0.27	| 0.03
1768	| 0.27	| 0.22	| 0.26	| 0.04
1769	| 0.08	| 0.10	| 0.07	| 0.02
1770	| 0.34	| 0.36	| 0.36	| 0.02
1771	| 0.16	| 0.15	| 0.15	| 0.01
1772	| 0.04	| 0.05	| 0.04	| 0.00
1773	| 0.30	| 0.32	| 0.29	| 0.03
1774	| 0.05	| 0.07	| 0.07	| 0.02
1775	| 0.34	| 0.31	| 0.30	| 0.04
1776	| 0.28	| 0.27	| 0.26	| 0.02
1777	| 0.21	| 0.20	| 0.23	| 0.03
1778	| 0.20	| 0.22	| 0.22	| 0.02
1779	| 0.15	| 0.19	| 0.15	| 0.04
1780	| 0.29	| 0.25	| 0.26	| 0.04
1781	| 0.18	| 0.16	| 0.15	| 0.03
1782	| 0.20	| 0.19	| 0.20	| 0.01
1783	| 0.02	| 0.01	| 0.01	| 0.01
1784	| 0.23	| 0.25	| 0.24	| 0.02
1785	| 0.01	| 0.01	| 0.01	| 0.01
1786	| 0.18	| 0.21	| 0.21	| 0.03
1787	| 0.22	| 0.24	| 0.26	| 0.04
1788	| 0.27	| 0.29	| 0.28	| 0.02
1789	| 0.01	| 0.01	| 0.01	| 0.00
1790	| 0.09	| 0.10	| 0.10	| 0.01
1791	| 0.06	| 0.05	| 0.05	| 0.01
1792	| 0.33	| 0.29	| 0.30	| 0.04
1793	| 0.13	| 0.15	| 0.11	| 0.04
1794	| 0.23	| 0.21	| 0.24	| 0.03
1795	| 0.12	| 0.12	| 0.12	| 0.01
1796	| 0.29	| 0.24	| 0.26	| 0.05
1797	| 0.33	| 0.30	| 0.33	| 0.03
1798	| 0.23	| 0.24	| 0.25	| 0.02
1799	| 0.27	| 0.25	| 0.26	| 0.02
1800	| 0.30	| 0.31	| 0.33	| 0.04
1801	| 0.26	| 0.22	| 0.25	| 0.04
1802	| 0.17	| 0.17	| 0.18	| 0.02
1803	| 0.19	| 0.15	| 0.19	| 0.04
1804	| 0.10	| 0.09	| 0.08	| 0.02
1805	| 0.31	| 0.28	| 0.32	| 0.04
1806	| 0.14	| 0.13	| 0.12	| 0.02
1807	| 0.33	| 0.29	| 0.32	| 0.04
1808	| 0.14	| 0.12	| 0.13	| 0.02
1809	| 0.02	| 0.01	| 0.01	| 0.00
1810	| 0.27	| 0.29	| 0.23	| 0.06
1811	| 0.01	| 0.01	| 0.01	| 0.00
1812	| 0.08	| 0.09	| 0.09	| 0.01
1813	| 0.02	| 0.03	| 0.02	| 0.00
1814	| 0.25	| 0.24	| 0.24	| 0.02
1815	| 0.34	| 0.35	| 0.31	| 0.04
1816	| 0.12	| 0.10	| 0.10	| 0.02
1817	| 0.19	| 0.19	| 0.20	| 0.00
1818	| 0.16	| 0.17	| 0.16	| 0.01
1819	| 0.25	| 0.25	| 0.25	| 0.00
1820	| 0.08	| 0.04	| 0.06	| 0.04
1821	| 0.04	| 0.03	| 0.03	| 0.01
1822	| 0.11	| 0.10	| 0.12	| 0.03
1823	| 0.03	| 0.02	| 0.02	| 0.01
1824	| 0.24	| 0.23	| 0.23	| 0.01
1825	| 0.23	| 0.24	| 0.24	| 0.01
1826	| 0.21	| 0.23	| 0.19	| 0.04
1827	| 0.21	| 0.21	| 0.21	| 0.01
1828	| 0.13	| 0.13	| 0.12	| 0.01
1829	| 0.33	| 0.33	| 0.33	| 0.00
1830	| 0.10	| 0.11	| 0.10	| 0.01
1831	| 0.32	| 0.30	| 0.27	| 0.05
1832	| 0.17	| 0.21	| 0.18	| 0.04
1833	| 0.30	| 0.29	| 0.32	| 0.03
1834	| 0.02	| 0.01	| 0.02	| 0.01
1835	| 0.32	| 0.33	| 0.34	| 0.02
1836	| 0.11	| 0.11	| 0.10	| 0.01
1837	| 0.17	| 0.17	| 0.17	| 0.01
1838	| 0.22	| 0.19	| 0.18	| 0.04
1839	| 0.32	| 0.27	| 0.29	| 0.05
1840	| 0.04	| 0.03	| 0.04	| 0.01
1841	| 0.25	| 0.29	| 0.30	| 0.05
1842	| 0.30	| 0.29	| 0.31	| 0.02
1843	| 0.27	| 0.28	| 0.28	| 0.02
1844	| 0.11	| 0.11	| 0.10	| 0.01
1845	| 0.02	| 0.02	| 0.02	| 0.00
1846	| 0.05	| 0.06	| 0.05	| 0.01
1847	| 0.20	| 0.21	| 0.21	| 0.01
1848	| 0.25	| 0.22	| 0.22	| 0.03
1849	| 0.08	| 0.08	| 0.07	| 0.01
1850	| 0.04	| 0.04	| 0.03	| 0.01
1851	| 0.27	| 0.27	| 0.26	| 0.01
1852	| 0.26	| 0.27	| 0.25	| 0.01
1853	| 0.05	| 0.06	| 0.05	| 0.01
1854	| 0.12	| 0.11	| 0.10	| 0.02
1855	| 0.01	| 0.01	| 0.01	| 0.00
1856	| 0.29	| 0.29	| 0.27	| 0.02
1857	| 0.03	| 0.04	| 0.03	| 0.00
1858	| 0.21	| 0.20	| 0.18	| 0.03
1859	| 0.33	| 0.31	| 0.35	| 0.04
1860	| 0.11	| 0.11	| 0.12	| 0.01
1861	| 0.08	| 0.10	| 0.10	| 0.02
1862	| 0.11	| 0.11	| 0.13	| 0.02
1863	| 0.21	| 0.23	| 0.19	| 0.04
1864	| 0.17	| 0.17	| 0.19	| 0.02
1865	| 0.05	| 0.05	| 0.06	| 0.01
1866	| 0.16	| 0.16	| 0.15	| 0.01
1867	| 0.32	| 0.34	| 0.31	| 0.03
1868	| 0.21	| 0.21	| 0.20	| 0.02
1869	| 0.01	| 0.01	| 0.01	| 0.00
1870	| 0.35	| 0.30	| 0.29	| 0.06
1871	| 0.24	| 0.22	| 0.23	| 0.02
1872	| 0.01	| 0.01	| 0.00	| 0.01
1873	| 0.01	| 0.01	| 0.01	| 0.00
1874	| 0.03	| 0.03	| 0.03	| 0.01
1875	| 0.27	| 0.29	| 0.29	| 0.02
1876	| 0.03	| 0.04	| 0.03	| 0.02
1877	| 0.04	| 0.04	| 0.05	| 0.01
1878	| 0.04	| 0.03	| 0.03	| 0.01
1879	| 0.02	| 0.02	| 0.02	| 0.01
1880	| 0.06	| 0.04	| 0.06	| 0.02
1881	| 0.29	| 0.31	| 0.30	| 0.02
1882	| 0.03	| 0.03	| 0.03	| 0.00
1883	| 0.04	| 0.05	| 0.04	| 0.01
1884	| 0.28	| 0.27	| 0.27	| 0.01
1885	| 0.19	| 0.19	| 0.19	| 0.00
1886	| 0.16	| 0.15	| 0.17	| 0.01
1887	| 0.00	| 0.00	| 0.01	| 0.00
1888	| 0.19	| 0.22	| 0.20	| 0.02
1889	| 0.22	| 0.21	| 0.20	| 0.02
1890	| 0.11	| 0.11	| 0.12	| 0.01
1891	| 0.24	| 0.25	| 0.22	| 0.04
1892	| 0.24	| 0.27	| 0.25	| 0.02
1893	| 0.27	| 0.23	| 0.22	| 0.05
1894	| 0.03	| 0.03	| 0.03	| 0.01
1895	| 0.27	| 0.27	| 0.26	| 0.02
1896	| 0.15	| 0.13	| 0.15	| 0.02
1897	| 0.03	| 0.03	| 0.03	| 0.00
1898	| 0.16	| 0.18	| 0.15	| 0.03
1899	| 0.18	| 0.19	| 0.22	| 0.04
1900	| 0.29	| 0.34	| 0.32	| 0.05
1901	| 0.07	| 0.08	| 0.05	| 0.03
1902	| 0.03	| 0.06	| 0.05	| 0.02
1903	| 0.14	| 0.13	| 0.14	| 0.01
1904	| 0.14	| 0.14	| 0.13	| 0.01
1905	| 0.05	| 0.05	| 0.05	| 0.01
1906	| 0.12	| 0.12	| 0.12	| 0.01
1907	| 0.27	| 0.24	| 0.25	| 0.03
1908	| 0.32	| 0.30	| 0.29	| 0.03
1909	| 0.05	| 0.05	| 0.07	| 0.02
1910	| 0.20	| 0.20	| 0.20	| 0.01
1911	| 0.32	| 0.31	| 0.33	| 0.02
1912	| 0.30	| 0.34	| 0.32	| 0.04
1913	| 0.00	| 0.01	| 0.01	| 0.01
1914	| 0.20	| 0.20	| 0.22	| 0.02
1915	| 0.04	| 0.04	| 0.05	| 0.01
1916	| 0.05	| 0.03	| 0.03	| 0.01
1917	| 0.20	| 0.21	| 0.22	| 0.02
1918	| 0.21	| 0.25	| 0.25	| 0.04
1919	| 0.20	| 0.22	| 0.20	| 0.02
1920	| 0.06	| 0.09	| 0.06	| 0.03
1921	| 0.33	| 0.34	| 0.31	| 0.03
1922	| 0.07	| 0.07	| 0.08	| 0.01
1923	| 0.26	| 0.23	| 0.24	| 0.03
1924	| 0.32	| 0.33	| 0.31	| 0.01
1925	| 0.18	| 0.18	| 0.17	| 0.01
1926	| 0.10	| 0.10	| 0.10	| 0.00
1927	| 0.16	| 0.16	| 0.15	| 0.01
1928	| 0.28	| 0.27	| 0.23	| 0.04
1929	| 0.07	| 0.06	| 0.05	| 0.02
1930	| 0.21	| 0.22	| 0.22	| 0.02
1931	| 0.08	| 0.12	| 0.10	| 0.04
1932	| 0.29	| 0.34	| 0.29	| 0.05
1933	| 0.09	| 0.09	| 0.10	| 0.01
1934	| 0.27	| 0.25	| 0.26	| 0.02
1935	| 0.17	| 0.16	| 0.16	| 0.02
1936	| 0.19	| 0.18	| 0.20	| 0.02
1937	| 0.29	| 0.29	| 0.27	| 0.02
1938	| 0.36	| 0.33	| 0.30	| 0.05
1939	| 0.02	| 0.01	| 0.02	| 0.00
1940	| 0.10	| 0.11	| 0.10	| 0.01
1941	| 0.12	| 0.11	| 0.10	| 0.02
1942	| 0.14	| 0.15	| 0.16	| 0.02
1943	| 0.29	| 0.29	| 0.33	| 0.04
1944	| 0.07	| 0.06	| 0.07	| 0.01
1945	| 0.26	| 0.23	| 0.23	| 0.03
1946	| 0.20	| 0.22	| 0.22	| 0.02
1947	| 0.13	| 0.12	| 0.11	| 0.02
1948	| 0.15	| 0.14	| 0.11	| 0.04
1949	| 0.18	| 0.19	| 0.19	| 0.01
1950	| 0.27	| 0.28	| 0.26	| 0.02
1951	| 0.09	| 0.08	| 0.09	| 0.01
1952	| 0.31	| 0.32	| 0.31	| 0.01
1953	| 0.09	| 0.09	| 0.08	| 0.01
1954	| 0.10	| 0.11	| 0.10	| 0.01
1955	| 0.23	| 0.22	| 0.20	| 0.03
1956	| 0.13	| 0.12	| 0.11	| 0.02
1957	| 0.02	| 0.02	| 0.02	| 0.01
1958	| 0.08	| 0.10	| 0.09	| 0.02
1959	| 0.14	| 0.14	| 0.14	| 0.01
1960	| 0.25	| 0.24	| 0.25	| 0.02
1961	| 0.01	| 0.01	| 0.01	| 0.01
1962	| 0.34	| 0.31	| 0.31	| 0.03
1963	| 0.17	| 0.17	| 0.18	| 0.02
1964	| 0.24	| 0.22	| 0.22	| 0.03
1965	| 0.12	| 0.10	| 0.11	| 0.02
1966	| 0.06	| 0.05	| 0.04	| 0.01
1967	| 0.23	| 0.22	| 0.24	| 0.02
1968	| 0.10	| 0.09	| 0.10	| 0.01
1969	| 0.28	| 0.33	| 0.28	| 0.04
1970	| 0.16	| 0.17	| 0.18	| 0.02
1971	| 0.28	| 0.26	| 0.31	| 0.04
1972	| 0.25	| 0.24	| 0.24	| 0.01
1973	| 0.26	| 0.27	| 0.26	| 0.01
1974	| 0.20	| 0.19	| 0.19	| 0.01
1975	| 0.15	| 0.14	| 0.14	| 0.02
1976	| 0.11	| 0.14	| 0.14	| 0.03
1977	| 0.20	| 0.19	| 0.21	| 0.02
1978	| 0.27	| 0.28	| 0.27	| 0.01
1979	| 0.14	| 0.11	| 0.13	| 0.03
1980	| 0.23	| 0.23	| 0.21	| 0.02
1981	| 0.18	| 0.17	| 0.18	| 0.01
1982	| 0.07	| 0.07	| 0.07	| 0.01
1983	| 0.01	| 0.01	| 0.01	| 0.01
1984	| 0.09	| 0.11	| 0.08	| 0.03
1985	| 0.25	| 0.25	| 0.27	| 0.02
1986	| 0.18	| 0.21	| 0.20	| 0.03
1987	| 0.11	| 0.12	| 0.12	| 0.02
1988	| 0.07	| 0.08	| 0.08	| 0.01
1989	| 0.27	| 0.31	| 0.30	| 0.04
1990	| 0.19	| 0.18	| 0.16	| 0.03
1991	| 0.31	| 0.31	| 0.29	| 0.02
1992	| 0.14	| 0.14	| 0.15	| 0.01
1993	| 0.14	| 0.13	| 0.13	| 0.01
1994	| 0.04	| 0.04	| 0.03	| 0.01
1995	| 0.33	| 0.32	| 0.30	| 0.04
1996	| 0.29	| 0.26	| 0.26	| 0.03
1997	| 0.01	| 0.01	| 0.01	| 0.00
1998	| 0.16	| 0.14	| 0.15	| 0.02
1999	| 0.31	| 0.29	| 0.29	| 0.02
2000	| 0.26	| 0.24	| 0.24	| 0.02
2001	| 0.18	| 0.20	| 0.19	| 0.02
2002	| 0.26	| 0.26	| 0.28	| 0.02
2003	| 0.16	| 0.16	| 0.15	| 0.00
2004	| 0.31	| 0.35	| 0.29	| 0.05
2005	| 0.02	| 0.03	| 0.03	| 0.01
2006	| 0.33	| 0.34	| 0.32	| 0.02
2007	| 0.27	| 0.28	| 0.27	| 0.01
2008	| 0.09	| 0.08	| 0.09	| 0.00
2009	| 0.05	| 0.06	| 0.05	| 0.01
2010	| 0.11	| 0.08	| 0.09	| 0.02
2011	| 0.10	| 0.11	| 0.09	| 0.01
2012	| 0.21	| 0.20	| 0.18	| 0.03
2013	| 0.17	| 0.22	| 0.18	| 0.04
2014	| 0.32	| 0.31	| 0.31	| 0.01
2015	| 0.03	| 0.05	| 0.04	| 0.02
2016	| 0.08	| 0.10	| 0.09	| 0.02
2017	| 0.15	| 0.18	| 0.18	| 0.02
2018	| 0.05	| 0.05	| 0.04	| 0.01
2019	| 0.14	| 0.14	| 0.14	| 0.01
2020	| 0.09	| 0.09	| 0.09	| 0.00
2021	| 0.21	| 0.18	| 0.20	| 0.03
2022	| 0.05	| 0.06	| 0.06	| 0.01
2023	| 0.10	| 0.09	| 0.10	| 0.01
2024	| 0.17	| 0.22	| 0.22	| 0.05
2025	| 0.31	| 0.29	| 0.32	| 0.03
2026	| 0.24	| 0.24	| 0.27	| 0.03
2027	| 0.17	| 0.17	| 0.18	| 0.01
2028	| 0.23	| 0.24	| 0.22	| 0.02
2029	| 0.15	| 0.15	| 0.14	| 0.01
2030	| 0.24	| 0.25	| 0.22	| 0.03
2031	| 0.13	| 0.12	| 0.11	| 0.02
2032	| 0.30	| 0.31	| 0.33	| 0.03
2033	| 0.12	| 0.12	| 0.09	| 0.03
2034	| 0.14	| 0.17	| 0.17	| 0.03
2035	| 0.06	| 0.05	| 0.05	| 0.01
2036	| 0.06	| 0.09	| 0.07	| 0.03
2037	| 0.14	| 0.15	| 0.14	| 0.01
2038	| 0.01	| 0.01	| 0.00	| 0.01
2039	| 0.34	| 0.30	| 0.32	| 0.04
2040	| 0.28	| 0.29	| 0.29	| 0.01
2041	| 0.34	| 0.31	| 0.35	| 0.03
2042	| 0.20	| 0.15	| 0.18	| 0.05
2043	| 0.16	| 0.16	| 0.16	| 0.01
2044	| 0.16	| 0.15	| 0.17	| 0.01
2045	| 0.25	| 0.25	| 0.25	| 0.00
2046	| 0.21	| 0.21	| 0.19	| 0.02
2047	| 0.14	| 0.16	| 0.16	| 0.03
2048	| 0.29	| 0.29	| 0.30	| 0.01
2049	| 0.24	| 0.24	| 0.23	| 0.02
2050	| 0.29	| 0.31	| 0.31	| 0.02
2051	| 0.18	| 0.17	| 0.19	| 0.03
2052	| 0.17	| 0.16	| 0.16	| 0.01
2053	| 0.17	| 0.19	| 0.17	| 0.02
2054	| 0.09	| 0.09	| 0.10	| 0.01
2055	| 0.32	| 0.28	| 0.31	| 0.04
2056	| 0.15	| 0.12	| 0.12	| 0.02
2057	| 0.23	| 0.19	| 0.19	| 0.04
2058	| 0.21	| 0.19	| 0.21	| 0.02
2059	| 0.17	| 0.19	| 0.20	| 0.04
2060	| 0.11	| 0.12	| 0.11	| 0.01
2061	| 0.18	| 0.19	| 0.18	| 0.01
2062	| 0.28	| 0.25	| 0.30	| 0.04
2063	| 0.15	| 0.18	| 0.17	| 0.04
2064	| 0.30	| 0.28	| 0.27	| 0.04
2065	| 0.31	| 0.32	| 0.31	| 0.02
2066	| 0.03	| 0.03	| 0.03	| 0.00
2067	| 0.09	| 0.07	| 0.07	| 0.02
2068	| 0.09	| 0.11	| 0.09	| 0.02
2069	| 0.29	| 0.33	| 0.30	| 0.04
2070	| 0.01	| 0.01	| 0.01	| 0.00
2071	| 0.21	| 0.19	| 0.19	| 0.02
2072	| 0.06	| 0.05	| 0.06	| 0.01
2073	| 0.02	| 0.02	| 0.02	| 0.01
2074	| 0.18	| 0.18	| 0.16	| 0.02
2075	| 0.21	| 0.19	| 0.22	| 0.03
2076	| 0.14	| 0.11	| 0.12	| 0.03
2077	| 0.18	| 0.16	| 0.14	| 0.03
2078	| 0.10	| 0.10	| 0.08	| 0.01
2079	| 0.13	| 0.14	| 0.13	| 0.01
2080	| 0.09	| 0.09	| 0.09	| 0.00
2081	| 0.03	| 0.04	| 0.03	| 0.01
2082	| 0.13	| 0.15	| 0.13	| 0.02
2083	| 0.18	| 0.21	| 0.18	| 0.03
2084	| 0.26	| 0.25	| 0.24	| 0.02
2085	| 0.02	| 0.01	| 0.02	| 0.01
2086	| 0.27	| 0.27	| 0.29	| 0.02
2087	| 0.04	| 0.05	| 0.06	| 0.02
2088	| 0.15	| 0.16	| 0.16	| 0.01
2089	| 0.08	| 0.08	| 0.09	| 0.01
2090	| 0.32	| 0.32	| 0.31	| 0.01
2091	| 0.32	| 0.32	| 0.31	| 0.01
2092	| 0.22	| 0.20	| 0.20	| 0.02
2093	| 0.10	| 0.10	| 0.12	| 0.01
2094	| 0.01	| 0.01	| 0.01	| 0.00
2095	| 0.30	| 0.29	| 0.32	| 0.03
2096	| 0.22	| 0.25	| 0.23	| 0.03
2097	| 0.13	| 0.11	| 0.13	| 0.02
2098	| 0.06	| 0.03	| 0.07	| 0.03
2099	| 0.24	| 0.24	| 0.25	| 0.01
2100	| 0.11	| 0.10	| 0.11	| 0.00
2101	| 0.34	| 0.31	| 0.32	| 0.03
2102	| 0.18	| 0.18	| 0.15	| 0.03
2103	| 0.20	| 0.20	| 0.19	| 0.02
2104	| 0.24	| 0.27	| 0.29	| 0.05
2105	| 0.30	| 0.36	| 0.32	| 0.06
2106	| 0.27	| 0.24	| 0.22	| 0.05
2107	| 0.10	| 0.07	| 0.10	| 0.03
2108	| 0.17	| 0.16	| 0.18	| 0.02
2109	| 0.17	| 0.18	| 0.18	| 0.01
2110	| 0.22	| 0.23	| 0.22	| 0.01
2111	| 0.35	| 0.34	| 0.34	| 0.01
2112	| 0.32	| 0.33	| 0.35	| 0.03
2113	| 0.10	| 0.10	| 0.10	| 0.01
2114	| 0.21	| 0.21	| 0.22	| 0.01
2115	| 0.21	| 0.21	| 0.22	| 0.01
2116	| 0.27	| 0.27	| 0.27	| 0.00
2117	| 0.21	| 0.24	| 0.25	| 0.04
2118	| 0.10	| 0.08	| 0.09	| 0.02
2119	| 0.27	| 0.27	| 0.29	| 0.02
2120	| 0.21	| 0.20	| 0.20	| 0.01
2121	| 0.05	| 0.06	| 0.05	| 0.01
2122	| 0.24	| 0.25	| 0.23	| 0.02
2123	| 0.08	| 0.08	| 0.07	| 0.01
2124	| 0.10	| 0.11	| 0.10	| 0.02
2125	| 0.31	| 0.30	| 0.31	| 0.01
2126	| 0.30	| 0.33	| 0.36	| 0.06
2127	| 0.13	| 0.12	| 0.11	| 0.03
2128	| 0.33	| 0.33	| 0.33	| 0.01
2129	| 0.01	| 0.01	| 0.02	| 0.01
2130	| 0.14	| 0.13	| 0.14	| 0.02
2131	| 0.01	| 0.01	| 0.00	| 0.01
2132	| 0.13	| 0.15	| 0.14	| 0.01
2133	| 0.03	| 0.02	| 0.02	| 0.02
2134	| 0.30	| 0.27	| 0.27	| 0.03
2135	| 0.25	| 0.27	| 0.24	| 0.02
2136	| 0.26	| 0.27	| 0.27	| 0.01
2137	| 0.31	| 0.31	| 0.32	| 0.01
2138	| 0.30	| 0.30	| 0.28	| 0.02
2139	| 0.06	| 0.07	| 0.08	| 0.01
2140	| 0.30	| 0.29	| 0.34	| 0.04
2141	| 0.01	| 0.02	| 0.01	| 0.01
2142	| 0.22	| 0.24	| 0.24	| 0.02
2143	| 0.04	| 0.04	| 0.03	| 0.01
2144	| 0.28	| 0.26	| 0.21	| 0.07
2145	| 0.02	| 0.02	| 0.02	| 0.00
2146	| 0.18	| 0.21	| 0.18	| 0.03
2147	| 0.33	| 0.30	| 0.33	| 0.03
2148	| 0.29	| 0.29	| 0.31	| 0.02
2149	| 0.25	| 0.26	| 0.25	| 0.01
2150	| 0.02	| 0.02	| 0.02	| 0.00
2151	| 0.05	| 0.06	| 0.05	| 0.00
2152	| 0.29	| 0.25	| 0.26	| 0.03
2153	| 0.09	| 0.09	| 0.09	| 0.00
2154	| 0.03	| 0.04	| 0.03	| 0.02
2155	| 0.20	| 0.23	| 0.18	| 0.05
2156	| 0.04	| 0.04	| 0.04	| 0.01
2157	| 0.01	| 0.01	| 0.01	| 0.00
2158	| 0.01	| 0.01	| 0.02	| 0.01
2159	| 0.12	| 0.12	| 0.12	| 0.00
2160	| 0.10	| 0.11	| 0.12	| 0.02
2161	| 0.03	| 0.04	| 0.03	| 0.01
2162	| 0.11	| 0.10	| 0.11	| 0.02
2163	| 0.23	| 0.23	| 0.21	| 0.03
2164	| 0.11	| 0.11	| 0.11	| 0.01
2165	| 0.20	| 0.17	| 0.19	| 0.04
2166	| 0.27	| 0.25	| 0.26	| 0.02
2167	| 0.10	| 0.09	| 0.10	| 0.01
2168	| 0.01	| 0.01	| 0.01	| 0.00
2169	| 0.11	| 0.08	| 0.09	| 0.03
2170	| 0.22	| 0.19	| 0.21	| 0.03
2171	| 0.17	| 0.18	| 0.17	| 0.01
2172	| 0.08	| 0.10	| 0.10	| 0.02
2173	| 0.10	| 0.10	| 0.11	| 0.01
2174	| 0.33	| 0.35	| 0.30	| 0.05
2175	| 0.06	| 0.06	| 0.08	| 0.02
2176	| 0.13	| 0.14	| 0.13	| 0.02
2177	| 0.30	| 0.36	| 0.31	| 0.06
2178	| 0.01	| 0.01	| 0.02	| 0.01
2179	| 0.14	| 0.14	| 0.14	| 0.00
2180	| 0.30	| 0.33	| 0.34	| 0.04
2181	| 0.08	| 0.07	| 0.08	| 0.01
2182	| 0.22	| 0.25	| 0.24	| 0.03
2183	| 0.32	| 0.32	| 0.30	| 0.02
2184	| 0.30	| 0.29	| 0.30	| 0.01
2185	| 0.26	| 0.24	| 0.24	| 0.02
2186	| 0.21	| 0.23	| 0.22	| 0.02
2187	| 0.32	| 0.30	| 0.30	| 0.02
2188	| 0.10	| 0.12	| 0.10	| 0.03
2189	| 0.08	| 0.07	| 0.06	| 0.02
2190	| 0.26	| 0.26	| 0.26	| 0.01
2191	| 0.22	| 0.23	| 0.23	| 0.01
2192	| 0.09	| 0.09	| 0.11	| 0.02
2193	| 0.01	| 0.03	| 0.02	| 0.02
2194	| 0.06	| 0.06	| 0.06	| 0.01
2195	| 0.02	| 0.02	| 0.02	| 0.00
2196	| 0.21	| 0.21	| 0.20	| 0.01
2197	| 0.17	| 0.21	| 0.17	| 0.04
2198	| 0.12	| 0.14	| 0.14	| 0.02
2199	| 0.22	| 0.18	| 0.17	| 0.04
2200	| 0.04	| 0.04	| 0.04	| 0.00
2201	| 0.07	| 0.09	| 0.07	| 0.03
2202	| 0.13	| 0.12	| 0.13	| 0.02
2203	| 0.30	| 0.30	| 0.32	| 0.02
2204	| 0.03	| 0.03	| 0.02	| 0.01
2205	| 0.12	| 0.10	| 0.11	| 0.01
2206	| 0.20	| 0.23	| 0.22	| 0.04
2207	| 0.19	| 0.19	| 0.22	| 0.03
2208	| 0.06	| 0.07	| 0.04	| 0.03
2209	| 0.08	| 0.07	| 0.07	| 0.01
2210	| 0.29	| 0.29	| 0.31	| 0.03
2211	| 0.33	| 0.30	| 0.32	| 0.03
2212	| 0.02	| 0.02	| 0.03	| 0.01
2213	| 0.03	| 0.02	| 0.03	| 0.01
2214	| 0.30	| 0.33	| 0.33	| 0.03
2215	| 0.00	| 0.00	| 0.00	| 0.00
2216	| 0.33	| 0.33	| 0.36	| 0.04
2217	| 0.30	| 0.32	| 0.30	| 0.02
2218	| 0.13	| 0.11	| 0.10	| 0.02
2219	| 0.31	| 0.31	| 0.31	| 0.01
2220	| 0.08	| 0.09	| 0.08	| 0.01
2221	| 0.08	| 0.09	| 0.09	| 0.01
2222	| 0.11	| 0.12	| 0.12	| 0.01
2223	| 0.18	| 0.18	| 0.19	| 0.01
2224	| 0.19	| 0.22	| 0.18	| 0.04
2225	| 0.19	| 0.22	| 0.19	| 0.03
2226	| 0.28	| 0.27	| 0.29	| 0.02
2227	| 0.06	| 0.09	| 0.07	| 0.03
2228	| 0.21	| 0.26	| 0.20	| 0.06
2229	| 0.06	| 0.06	| 0.06	| 0.00
2230	| 0.29	| 0.31	| 0.25	| 0.05
2231	| 0.21	| 0.17	| 0.19	| 0.04
2232	| 0.27	| 0.25	| 0.27	| 0.02
2233	| 0.01	| 0.02	| 0.02	| 0.01
2234	| 0.19	| 0.21	| 0.21	| 0.02
2235	| 0.28	| 0.24	| 0.25	| 0.04
2236	| 0.05	| 0.05	| 0.04	| 0.01
2237	| 0.03	| 0.03	| 0.02	| 0.00
2238	| 0.22	| 0.26	| 0.24	| 0.03
2239	| 0.12	| 0.12	| 0.14	| 0.02
2240	| 0.13	| 0.13	| 0.11	| 0.02
2241	| 0.08	| 0.06	| 0.08	| 0.02
2242	| 0.24	| 0.24	| 0.23	| 0.01
2243	| 0.12	| 0.11	| 0.12	| 0.01
2244	| 0.19	| 0.21	| 0.19	| 0.01
2245	| 0.25	| 0.23	| 0.22	| 0.02
2246	| 0.00	| 0.00	| 0.00	| 0.00
2247	| 0.09	| 0.10	| 0.12	| 0.02
2248	| 0.10	| 0.10	| 0.08	| 0.02
2249	| 0.34	| 0.33	| 0.32	| 0.02
2250	| 0.22	| 0.23	| 0.21	| 0.02
2251	| 0.04	| 0.05	| 0.05	| 0.01
2252	| 0.19	| 0.19	| 0.20	| 0.01
2253	| 0.18	| 0.19	| 0.19	| 0.01
2254	| 0.34	| 0.33	| 0.35	| 0.01
2255	| 0.05	| 0.06	| 0.05	| 0.01
2256	| 0.15	| 0.14	| 0.14	| 0.01
2257	| 0.06	| 0.04	| 0.06	| 0.02
2258	| 0.30	| 0.26	| 0.28	| 0.04
2259	| 0.23	| 0.21	| 0.21	| 0.02
2260	| 0.31	| 0.33	| 0.32	| 0.02
2261	| 0.22	| 0.23	| 0.22	| 0.01
2262	| 0.07	| 0.10	| 0.09	| 0.03
2263	| 0.29	| 0.29	| 0.31	| 0.02
2264	| 0.24	| 0.23	| 0.23	| 0.01
2265	| 0.18	| 0.18	| 0.17	| 0.01
2266	| 0.31	| 0.29	| 0.26	| 0.04
2267	| 0.30	| 0.30	| 0.31	| 0.01
2268	| 0.13	| 0.10	| 0.12	| 0.03
2269	| 0.14	| 0.14	| 0.14	| 0.01
2270	| 0.16	| 0.12	| 0.11	| 0.05
2271	| 0.31	| 0.29	| 0.32	| 0.04
2272	| 0.19	| 0.18	| 0.18	| 0.01
2273	| 0.30	| 0.33	| 0.30	| 0.02
2274	| 0.08	| 0.10	| 0.10	| 0.02
2275	| 0.11	| 0.09	| 0.09	| 0.02
2276	| 0.17	| 0.18	| 0.17	| 0.01
2277	| 0.12	| 0.12	| 0.10	| 0.03
2278	| 0.32	| 0.31	| 0.32	| 0.01
2279	| 0.13	| 0.15	| 0.14	| 0.02
2280	| 0.18	| 0.22	| 0.20	| 0.04
2281	| 0.12	| 0.13	| 0.12	| 0.01
2282	| 0.11	| 0.12	| 0.13	| 0.01
2283	| 0.18	| 0.19	| 0.18	| 0.00
2284	| 0.00	| 0.00	| 0.00	| 0.00
2285	| 0.08	| 0.10	| 0.10	| 0.02
2286	| 0.07	| 0.07	| 0.08	| 0.01
2287	| 0.10	| 0.08	| 0.09	| 0.01
2288	| 0.29	| 0.29	| 0.28	| 0.01
2289	| 0.26	| 0.26	| 0.25	| 0.01
2290	| 0.12	| 0.11	| 0.13	| 0.02
2291	| 0.01	| 0.01	| 0.01	| 0.00
2292	| 0.25	| 0.21	| 0.19	| 0.05
2293	| 0.25	| 0.23	| 0.24	| 0.01
2294	| 0.05	| 0.05	| 0.05	| 0.00
2295	| 0.21	| 0.19	| 0.20	| 0.01
2296	| 0.19	| 0.23	| 0.20	| 0.03
2297	| 0.15	| 0.15	| 0.16	| 0.01
2298	| 0.17	| 0.16	| 0.16	| 0.02
2299	| 0.02	| 0.02	| 0.01	| 0.01
2300	| 0.14	| 0.15	| 0.14	| 0.01
2301	| 0.11	| 0.10	| 0.10	| 0.01
2302	| 0.03	| 0.03	| 0.03	| 0.00
2303	| 0.31	| 0.27	| 0.30	| 0.04
2304	| 0.33	| 0.31	| 0.34	| 0.02
2305	| 0.24	| 0.24	| 0.23	| 0.01
2306	| 0.27	| 0.25	| 0.26	| 0.01
2307	| 0.21	| 0.20	| 0.23	| 0.03
2308	| 0.26	| 0.21	| 0.20	| 0.06
2309	| 0.17	| 0.21	| 0.19	| 0.04
2310	| 0.19	| 0.16	| 0.15	| 0.04
2311	| 0.09	| 0.08	| 0.10	| 0.01
2312	| 0.21	| 0.19	| 0.22	| 0.02
2313	| 0.08	| 0.07	| 0.08	| 0.01
2314	| 0.17	| 0.15	| 0.16	| 0.02
2315	| 0.27	| 0.23	| 0.26	| 0.04
2316	| 0.31	| 0.29	| 0.31	| 0.02
2317	| 0.30	| 0.34	| 0.33	| 0.04
2318	| 0.27	| 0.27	| 0.29	| 0.02
2319	| 0.30	| 0.27	| 0.27	| 0.03
2320	| 0.06	| 0.09	| 0.07	| 0.03
2321	| 0.19	| 0.21	| 0.22	| 0.03
2322	| 0.06	| 0.04	| 0.05	| 0.01
2323	| 0.30	| 0.30	| 0.34	| 0.04
2324	| 0.17	| 0.14	| 0.15	| 0.03
2325	| 0.25	| 0.22	| 0.25	| 0.03
2326	| 0.32	| 0.31	| 0.31	| 0.01
2327	| 0.16	| 0.17	| 0.14	| 0.02
2328	| 0.06	| 0.05	| 0.04	| 0.02
2329	| 0.10	| 0.12	| 0.11	| 0.01
2330	| 0.16	| 0.18	| 0.17	| 0.02
2331	| 0.27	| 0.32	| 0.31	| 0.05
2332	| 0.22	| 0.20	| 0.21	| 0.01
2333	| 0.11	| 0.11	| 0.09	| 0.02
2334	| 0.14	| 0.16	| 0.14	| 0.02
2335	| 0.05	| 0.06	| 0.04	| 0.01
2336	| 0.06	| 0.06	| 0.06	| 0.01
2337	| 0.28	| 0.30	| 0.22	| 0.08
2338	| 0.19	| 0.15	| 0.21	| 0.05
2339	| 0.07	| 0.07	| 0.07	| 0.01
2340	| 0.13	| 0.14	| 0.15	| 0.02
2341	| 0.03	| 0.03	| 0.03	| 0.00
2342	| 0.35	| 0.34	| 0.36	| 0.01
2343	| 0.23	| 0.23	| 0.20	| 0.03
2344	| 0.35	| 0.29	| 0.31	| 0.06
2345	| 0.07	| 0.10	| 0.08	| 0.02
2346	| 0.29	| 0.27	| 0.28	| 0.01
2347	| 0.05	| 0.05	| 0.06	| 0.01
2348	| 0.14	| 0.15	| 0.13	| 0.02
2349	| 0.01	| 0.01	| 0.01	| 0.00
2350	| 0.01	| 0.01	| 0.01	| 0.01
2351	| 0.19	| 0.16	| 0.18	| 0.03
2352	| 0.18	| 0.21	| 0.21	| 0.03
2353	| 0.21	| 0.22	| 0.22	| 0.01
2354	| 0.13	| 0.16	| 0.12	| 0.04
2355	| 0.30	| 0.31	| 0.30	| 0.02
2356	| 0.14	| 0.12	| 0.14	| 0.02
2357	| 0.27	| 0.24	| 0.23	| 0.04
2358	| 0.00	| 0.00	| 0.00	| 0.00
2359	| 0.17	| 0.15	| 0.16	| 0.02
2360	| 0.26	| 0.26	| 0.24	| 0.02
2361	| 0.14	| 0.15	| 0.17	| 0.03
2362	| 0.09	| 0.10	| 0.09	| 0.01
2363	| 0.16	| 0.17	| 0.14	| 0.03
2364	| 0.30	| 0.26	| 0.27	| 0.03
2365	| 0.04	| 0.04	| 0.05	| 0.01
2366	| 0.09	| 0.07	| 0.09	| 0.02
2367	| 0.32	| 0.30	| 0.30	| 0.02
2368	| 0.12	| 0.12	| 0.11	| 0.01
2369	| 0.07	| 0.09	| 0.09	| 0.02
2370	| 0.29	| 0.34	| 0.32	| 0.05
2371	| 0.08	| 0.10	| 0.07	| 0.04
2372	| 0.08	| 0.08	| 0.07	| 0.01
2373	| 0.15	| 0.12	| 0.15	| 0.02
2374	| 0.17	| 0.18	| 0.16	| 0.02
2375	| 0.15	| 0.16	| 0.14	| 0.02
2376	| 0.25	| 0.23	| 0.25	| 0.02
2377	| 0.28	| 0.24	| 0.26	| 0.04
2378	| 0.04	| 0.03	| 0.03	| 0.01
2379	| 0.25	| 0.32	| 0.29	| 0.07
2380	| 0.11	| 0.10	| 0.13	| 0.02
2381	| 0.09	| 0.10	| 0.09	| 0.01
2382	| 0.03	| 0.04	| 0.02	| 0.01
2383	| 0.22	| 0.24	| 0.25	| 0.03
2384	| 0.10	| 0.10	| 0.10	| 0.01
2385	| 0.20	| 0.19	| 0.20	| 0.01
2386	| 0.18	| 0.20	| 0.21	| 0.03
2387	| 0.12	| 0.11	| 0.11	| 0.01
2388	| 0.27	| 0.33	| 0.31	| 0.06
2389	| 0.17	| 0.14	| 0.16	| 0.03
2390	| 0.09	| 0.10	| 0.10	| 0.02
2391	| 0.08	| 0.09	| 0.09	| 0.01
2392	| 0.01	| 0.02	| 0.01	| 0.00
2393	| 0.01	| 0.01	| 0.01	| 0.00
2394	| 0.16	| 0.15	| 0.16	| 0.01
2395	| 0.17	| 0.19	| 0.17	| 0.02
2396	| 0.28	| 0.30	| 0.28	| 0.02
2397	| 0.07	| 0.08	| 0.07	| 0.01
2398	| 0.12	| 0.11	| 0.09	| 0.03
2399	| 0.08	| 0.06	| 0.07	| 0.02
2400	| 0.11	| 0.09	| 0.09	| 0.01
2401	| 0.27	| 0.30	| 0.29	| 0.03
2402	| 0.14	| 0.16	| 0.15	| 0.01
2403	| 0.13	| 0.15	| 0.14	| 0.02
2404	| 0.20	| 0.19	| 0.19	| 0.01
2405	| 0.14	| 0.15	| 0.14	| 0.01
2406	| 0.26	| 0.29	| 0.28	| 0.03
2407	| 0.14	| 0.15	| 0.12	| 0.03
2408	| 0.03	| 0.02	| 0.02	| 0.01
2409	| 0.12	| 0.13	| 0.12	| 0.01
2410	| 0.13	| 0.14	| 0.14	| 0.00
2411	| 0.25	| 0.23	| 0.23	| 0.03
2412	| 0.04	| 0.05	| 0.05	| 0.01
2413	| 0.24	| 0.22	| 0.26	| 0.03
2414	| 0.05	| 0.05	| 0.05	| 0.00
2415	| 0.20	| 0.18	| 0.19	| 0.03
2416	| 0.24	| 0.24	| 0.26	| 0.02
2417	| 0.15	| 0.15	| 0.17	| 0.02
2418	| 0.27	| 0.25	| 0.25	| 0.02
2419	| 0.04	| 0.02	| 0.03	| 0.02
2420	| 0.12	| 0.12	| 0.11	| 0.01
2421	| 0.06	| 0.06	| 0.05	| 0.01
2422	| 0.08	| 0.08	| 0.09	| 0.01
2423	| 0.08	| 0.09	| 0.08	| 0.01
2424	| 0.27	| 0.27	| 0.27	| 0.00
2425	| 0.12	| 0.13	| 0.12	| 0.01
2426	| 0.12	| 0.11	| 0.13	| 0.02
2427	| 0.18	| 0.19	| 0.18	| 0.01
2428	| 0.30	| 0.28	| 0.29	| 0.02
2429	| 0.05	| 0.07	| 0.06	| 0.01
2430	| 0.30	| 0.27	| 0.31	| 0.04
2431	| 0.00	| 0.00	| 0.00	| 0.00
2432	| 0.22	| 0.23	| 0.23	| 0.01
2433	| 0.31	| 0.34	| 0.31	| 0.04
2434	| 0.07	| 0.08	| 0.07	| 0.01
2435	| 0.05	| 0.06	| 0.05	| 0.00
2436	| 0.29	| 0.29	| 0.28	| 0.00
2437	| 0.22	| 0.24	| 0.22	| 0.02
2438	| 0.05	| 0.05	| 0.06	| 0.02
2439	| 0.15	| 0.16	| 0.17	| 0.02
2440	| 0.07	| 0.09	| 0.07	| 0.01
2441	| 0.20	| 0.18	| 0.19	| 0.02
2442	| 0.14	| 0.16	| 0.14	| 0.02
2443	| 0.36	| 0.31	| 0.36	| 0.05
2444	| 0.08	| 0.08	| 0.09	| 0.01
2445	| 0.28	| 0.25	| 0.24	| 0.04
2446	| 0.18	| 0.17	| 0.17	| 0.01
2447	| 0.18	| 0.19	| 0.17	| 0.02
2448	| 0.20	| 0.18	| 0.20	| 0.02
2449	| 0.29	| 0.26	| 0.29	| 0.03
2450	| 0.33	| 0.32	| 0.33	| 0.01
2451	| 0.29	| 0.28	| 0.27	| 0.02
2452	| 0.25	| 0.22	| 0.25	| 0.03
2453	| 0.02	| 0.03	| 0.02	| 0.01
2454	| 0.07	| 0.06	| 0.06	| 0.02
2455	| 0.23	| 0.24	| 0.24	| 0.01
2456	| 0.01	| 0.01	| 0.01	| 0.00
2457	| 0.13	| 0.12	| 0.14	| 0.01
2458	| 0.30	| 0.28	| 0.29	| 0.02
2459	| 0.18	| 0.15	| 0.18	| 0.03
2460	| 0.11	| 0.13	| 0.13	| 0.02
2461	| 0.10	| 0.11	| 0.11	| 0.00
2462	| 0.10	| 0.12	| 0.12	| 0.02
2463	| 0.09	| 0.09	| 0.09	| 0.00
2464	| 0.10	| 0.08	| 0.07	| 0.02
2465	| 0.11	| 0.11	| 0.10	| 0.01
2466	| 0.08	| 0.09	| 0.09	| 0.01
2467	| 0.20	| 0.19	| 0.21	| 0.02
2468	| 0.30	| 0.26	| 0.25	| 0.05
2469	| 0.29	| 0.28	| 0.29	| 0.02
2470	| 0.19	| 0.15	| 0.17	| 0.03
2471	| 0.18	| 0.23	| 0.22	| 0.05
2472	| 0.33	| 0.30	| 0.33	| 0.04
2473	| 0.27	| 0.29	| 0.27	| 0.03
2474	| 0.29	| 0.29	| 0.30	| 0.01
2475	| 0.06	| 0.07	| 0.07	| 0.01
2476	| 0.12	| 0.13	| 0.12	| 0.00
2477	| 0.16	| 0.18	| 0.17	| 0.02
2478	| 0.16	| 0.16	| 0.16	| 0.01
2479	| 0.19	| 0.19	| 0.19	| 0.01
2480	| 0.31	| 0.30	| 0.28	| 0.03
2481	| 0.04	| 0.04	| 0.04	| 0.01
2482	| 0.15	| 0.17	| 0.17	| 0.02
2483	| 0.15	| 0.14	| 0.17	| 0.04
2484	| 0.16	| 0.15	| 0.17	| 0.01
2485	| 0.23	| 0.28	| 0.31	| 0.07
2486	| 0.16	| 0.14	| 0.18	| 0.04
2487	| 0.23	| 0.24	| 0.21	| 0.02
2488	| 0.18	| 0.18	| 0.16	| 0.02
2489	| 0.28	| 0.32	| 0.27	| 0.05
2490	| 0.06	| 0.06	| 0.06	| 0.00
2491	| 0.19	| 0.19	| 0.22	| 0.03
2492	| 0.00	| 0.00	| 0.00	| 0.00
2493	| 0.14	| 0.15	| 0.14	| 0.01
2494	| 0.21	| 0.20	| 0.23	| 0.03
2495	| 0.02	| 0.01	| 0.02	| 0.01
2496	| 0.22	| 0.23	| 0.25	| 0.03
2497	| 0.24	| 0.22	| 0.23	| 0.02
2498	| 0.04	| 0.05	| 0.04	| 0.01
2499	| 0.29	| 0.27	| 0.28	| 0.02
2500	| 0.01	| 0.01	| 0.01	| 0.00
2501	| 0.27	| 0.30	| 0.28	| 0.02
2502	| 0.27	| 0.26	| 0.28	| 0.01
2503	| 0.29	| 0.29	| 0.28	| 0.01
2504	| 0.17	| 0.19	| 0.19	| 0.02
2505	| 0.21	| 0.19	| 0.19	| 0.02
2506	| 0.33	| 0.29	| 0.36	| 0.06
2507	| 0.24	| 0.23	| 0.24	| 0.00
2508	| 0.27	| 0.28	| 0.27	| 0.01
2509	| 0.09	| 0.08	| 0.08	| 0.01
2510	| 0.07	| 0.08	| 0.07	| 0.01
2511	| 0.07	| 0.08	| 0.06	| 0.02
2512	| 0.27	| 0.28	| 0.27	| 0.02
2513	| 0.33	| 0.32	| 0.30	| 0.03
2514	| 0.26	| 0.25	| 0.27	| 0.02
2515	| 0.25	| 0.26	| 0.25	| 0.01
2516	| 0.23	| 0.25	| 0.24	| 0.02
2517	| 0.21	| 0.20	| 0.18	| 0.03
2518	| 0.29	| 0.30	| 0.28	| 0.03
2519	| 0.25	| 0.29	| 0.24	| 0.06
2520	| 0.11	| 0.13	| 0.12	| 0.02
2521	| 0.29	| 0.30	| 0.33	| 0.04
2522	| 0.25	| 0.27	| 0.24	| 0.03
2523	| 0.30	| 0.29	| 0.31	| 0.02
2524	| 0.05	| 0.04	| 0.05	| 0.01
2525	| 0.10	| 0.08	| 0.08	| 0.02
2526	| 0.20	| 0.19	| 0.19	| 0.01
2527	| 0.00	| 0.00	| 0.00	| 0.00
2528	| 0.16	| 0.17	| 0.16	| 0.01
2529	| 0.19	| 0.19	| 0.18	| 0.01
2530	| 0.13	| 0.14	| 0.15	| 0.02
2531	| 0.12	| 0.11	| 0.12	| 0.01
2532	| 0.28	| 0.25	| 0.27	| 0.03
2533	| 0.04	| 0.04	| 0.04	| 0.01
2534	| 0.09	| 0.10	| 0.08	| 0.02
2535	| 0.01	| 0.02	| 0.02	| 0.01
2536	| 0.01	| 0.01	| 0.01	| 0.00
2537	| 0.26	| 0.24	| 0.27	| 0.03
2538	| 0.03	| 0.03	| 0.04	| 0.01
2539	| 0.06	| 0.06	| 0.07	| 0.01
2540	| 0.06	| 0.06	| 0.06	| 0.01
2541	| 0.29	| 0.29	| 0.29	| 0.00
2542	| 0.10	| 0.08	| 0.06	| 0.04
2543	| 0.30	| 0.34	| 0.31	| 0.04
2544	| 0.25	| 0.25	| 0.22	| 0.03
2545	| 0.16	| 0.18	| 0.20	| 0.04
2546	| 0.09	| 0.10	| 0.09	| 0.02
2547	| 0.31	| 0.31	| 0.30	| 0.02
2548	| 0.16	| 0.16	| 0.14	| 0.02
2549	| 0.22	| 0.22	| 0.22	| 0.00
2550	| 0.27	| 0.27	| 0.28	| 0.02
2551	| 0.06	| 0.07	| 0.06	| 0.01
2552	| 0.26	| 0.25	| 0.28	| 0.04
2553	| 0.10	| 0.12	| 0.10	| 0.02
2554	| 0.25	| 0.26	| 0.28	| 0.03
2555	| 0.29	| 0.30	| 0.30	| 0.01
2556	| 0.26	| 0.26	| 0.27	| 0.01
2557	| 0.26	| 0.27	| 0.27	| 0.02
2558	| 0.23	| 0.23	| 0.28	| 0.05
2559	| 0.16	| 0.19	| 0.20	| 0.04
2560	| 0.08	| 0.08	| 0.06	| 0.02
2561	| 0.19	| 0.20	| 0.20	| 0.01
2562	| 0.15	| 0.17	| 0.17	| 0.02
2563	| 0.03	| 0.01	| 0.03	| 0.01
2564	| 0.02	| 0.02	| 0.03	| 0.01
2565	| 0.17	| 0.14	| 0.14	| 0.03
2566	| 0.07	| 0.08	| 0.08	| 0.01
2567	| 0.20	| 0.16	| 0.21	| 0.05
2568	| 0.08	| 0.08	| 0.08	| 0.00
2569	| 0.07	| 0.06	| 0.08	| 0.01
2570	| 0.00	| 0.00	| 0.00	| 0.00
2571	| 0.08	| 0.08	| 0.10	| 0.02
2572	| 0.28	| 0.31	| 0.29	| 0.03
2573	| 0.15	| 0.13	| 0.16	| 0.03
2574	| 0.03	| 0.03	| 0.03	| 0.00
2575	| 0.25	| 0.26	| 0.24	| 0.02
2576	| 0.12	| 0.15	| 0.14	| 0.02
2577	| 0.21	| 0.20	| 0.19	| 0.02
2578	| 0.33	| 0.29	| 0.31	| 0.04
2579	| 0.08	| 0.08	| 0.09	| 0.01
2580	| 0.34	| 0.32	| 0.29	| 0.05
2581	| 0.17	| 0.17	| 0.19	| 0.02
2582	| 0.04	| 0.06	| 0.05	| 0.02
2583	| 0.10	| 0.08	| 0.08	| 0.01
2584	| 0.26	| 0.28	| 0.25	| 0.03
2585	| 0.07	| 0.06	| 0.07	| 0.01
2586	| 0.03	| 0.03	| 0.03	| 0.01
2587	| 0.16	| 0.16	| 0.17	| 0.01
2588	| 0.24	| 0.26	| 0.25	| 0.02
2589	| 0.27	| 0.28	| 0.31	| 0.04
2590	| 0.22	| 0.23	| 0.25	| 0.03
2591	| 0.05	| 0.07	| 0.07	| 0.02
2592	| 0.02	| 0.02	| 0.03	| 0.01
2593	| 0.27	| 0.26	| 0.28	| 0.02
2594	| 0.14	| 0.14	| 0.13	| 0.02
2595	| 0.15	| 0.14	| 0.18	| 0.04
2596	| 0.12	| 0.11	| 0.12	| 0.01
2597	| 0.21	| 0.24	| 0.24	| 0.03
2598	| 0.26	| 0.25	| 0.23	| 0.03
2599	| 0.05	| 0.05	| 0.05	| 0.00
2600	| 0.12	| 0.13	| 0.12	| 0.01
2601	| 0.25	| 0.23	| 0.22	| 0.03
2602	| 0.07	| 0.08	| 0.09	| 0.02
2603	| 0.05	| 0.04	| 0.05	| 0.01
2604	| 0.22	| 0.21	| 0.21	| 0.01
2605	| 0.17	| 0.15	| 0.17	| 0.02
2606	| 0.09	| 0.10	| 0.07	| 0.03
2607	| 0.24	| 0.23	| 0.25	| 0.02
2608	| 0.01	| 0.02	| 0.02	| 0.00
2609	| 0.15	| 0.19	| 0.18	| 0.04
2610	| 0.30	| 0.31	| 0.32	| 0.02
2611	| 0.31	| 0.33	| 0.31	| 0.02
2612	| 0.08	| 0.08	| 0.10	| 0.01
2613	| 0.04	| 0.04	| 0.05	| 0.01
2614	| 0.31	| 0.34	| 0.33	| 0.02
2615	| 0.26	| 0.25	| 0.26	| 0.01
2616	| 0.28	| 0.31	| 0.31	| 0.03
2617	| 0.24	| 0.19	| 0.24	| 0.05
2618	| 0.04	| 0.03	| 0.04	| 0.01
2619	| 0.22	| 0.24	| 0.28	| 0.05
2620	| 0.28	| 0.26	| 0.32	| 0.07
2621	| 0.23	| 0.30	| 0.23	| 0.07
2622	| 0.19	| 0.22	| 0.20	| 0.02
2623	| 0.28	| 0.24	| 0.27	| 0.03
2624	| 0.13	| 0.13	| 0.12	| 0.01
2625	| 0.16	| 0.16	| 0.18	| 0.02
2626	| 0.26	| 0.27	| 0.28	| 0.02
2627	| 0.03	| 0.03	| 0.03	| 0.00
2628	| 0.02	| 0.03	| 0.02	| 0.01
2629	| 0.08	| 0.09	| 0.09	| 0.01
2630	| 0.23	| 0.21	| 0.20	| 0.03
2631	| 0.15	| 0.16	| 0.13	| 0.03
2632	| 0.03	| 0.03	| 0.03	| 0.01
2633	| 0.25	| 0.29	| 0.28	| 0.04
2634	| 0.14	| 0.14	| 0.15	| 0.02
2635	| 0.26	| 0.28	| 0.32	| 0.05
2636	| 0.23	| 0.22	| 0.23	| 0.01
2637	| 0.16	| 0.15	| 0.14	| 0.02
2638	| 0.19	| 0.17	| 0.20	| 0.03
2639	| 0.02	| 0.02	| 0.02	| 0.00
2640	| 0.16	| 0.16	| 0.18	| 0.02
2641	| 0.28	| 0.27	| 0.25	| 0.03
2642	| 0.30	| 0.29	| 0.31	| 0.02
2643	| 0.21	| 0.21	| 0.18	| 0.04
2644	| 0.33	| 0.28	| 0.32	| 0.05
2645	| 0.08	| 0.08	| 0.07	| 0.02
2646	| 0.28	| 0.28	| 0.30	| 0.02
2647	| 0.26	| 0.28	| 0.25	| 0.03
2648	| 0.16	| 0.16	| 0.16	| 0.01
2649	| 0.20	| 0.19	| 0.20	| 0.01
2650	| 0.05	| 0.04	| 0.04	| 0.00
2651	| 0.06	| 0.07	| 0.06	| 0.02
2652	| 0.11	| 0.13	| 0.12	| 0.01
2653	| 0.20	| 0.17	| 0.17	| 0.03
2654	| 0.04	| 0.04	| 0.04	| 0.00
2655	| 0.17	| 0.18	| 0.18	| 0.01
2656	| 0.21	| 0.20	| 0.22	| 0.02
2657	| 0.14	| 0.14	| 0.18	| 0.04
2658	| 0.00	| 0.00	| 0.00	| 0.00
2659	| 0.17	| 0.18	| 0.18	| 0.02
2660	| 0.01	| 0.01	| 0.01	| 0.00
2661	| 0.07	| 0.04	| 0.06	| 0.03
2662	| 0.30	| 0.31	| 0.31	| 0.01
2663	| 0.25	| 0.25	| 0.22	| 0.03
2664	| 0.20	| 0.24	| 0.23	| 0.04
2665	| 0.21	| 0.18	| 0.21	| 0.03
2666	| 0.25	| 0.27	| 0.24	| 0.03
2667	| 0.10	| 0.10	| 0.08	| 0.02
2668	| 0.14	| 0.14	| 0.14	| 0.00
2669	| 0.20	| 0.19	| 0.21	| 0.03
2670	| 0.24	| 0.23	| 0.23	| 0.01
2671	| 0.28	| 0.24	| 0.27	| 0.03
2672	| 0.12	| 0.09	| 0.10	| 0.03
2673	| 0.11	| 0.09	| 0.11	| 0.02
2674	| 0.08	| 0.07	| 0.07	| 0.01
2675	| 0.34	| 0.34	| 0.32	| 0.02
2676	| 0.12	| 0.14	| 0.14	| 0.01
2677	| 0.11	| 0.10	| 0.10	| 0.01
2678	| 0.08	| 0.09	| 0.09	| 0.01
2679	| 0.00	| 0.00	| 0.00	| 0.00
2680	| 0.26	| 0.27	| 0.26	| 0.01
2681	| 0.20	| 0.21	| 0.22	| 0.02
2682	| 0.04	| 0.05	| 0.05	| 0.01
2683	| 0.20	| 0.20	| 0.22	| 0.02
2684	| 0.03	| 0.03	| 0.04	| 0.01
2685	| 0.22	| 0.21	| 0.17	| 0.04
2686	| 0.23	| 0.23	| 0.26	| 0.03
2687	| 0.06	| 0.07	| 0.06	| 0.01
2688	| 0.28	| 0.26	| 0.28	| 0.02
2689	| 0.19	| 0.22	| 0.21	| 0.04
2690	| 0.19	| 0.18	| 0.19	| 0.01
2691	| 0.16	| 0.16	| 0.17	| 0.01
2692	| 0.23	| 0.23	| 0.22	| 0.01
2693	| 0.12	| 0.12	| 0.14	| 0.02
2694	| 0.30	| 0.31	| 0.32	| 0.01
2695	| 0.16	| 0.17	| 0.16	| 0.00
2696	| 0.17	| 0.14	| 0.16	| 0.03
2697	| 0.05	| 0.04	| 0.07	| 0.02
2698	| 0.07	| 0.07	| 0.06	| 0.01
2699	| 0.31	| 0.32	| 0.35	| 0.04
2700	| 0.00	| 0.00	| 0.00	| 0.00
2701	| 0.21	| 0.18	| 0.19	| 0.02
2702	| 0.11	| 0.12	| 0.11	| 0.01
2703	| 0.14	| 0.16	| 0.15	| 0.02
2704	| 0.24	| 0.22	| 0.24	| 0.02
2705	| 0.16	| 0.12	| 0.13	| 0.03
2706	| 0.01	| 0.01	| 0.00	| 0.01
2707	| 0.27	| 0.29	| 0.29	| 0.01
2708	| 0.05	| 0.06	| 0.06	| 0.01
2709	| 0.18	| 0.17	| 0.17	| 0.02
2710	| 0.18	| 0.18	| 0.17	| 0.02
2711	| 0.01	| 0.02	| 0.01	| 0.01
2712	| 0.21	| 0.22	| 0.20	| 0.03
2713	| 0.27	| 0.32	| 0.28	| 0.05
2714	| 0.15	| 0.16	| 0.15	| 0.01
2715	| 0.34	| 0.34	| 0.35	| 0.02
2716	| 0.14	| 0.13	| 0.13	| 0.01
2717	| 0.23	| 0.20	| 0.19	| 0.04
2718	| 0.12	| 0.13	| 0.12	| 0.01
2719	| 0.14	| 0.13	| 0.15	| 0.01
2720	| 0.20	| 0.18	| 0.16	| 0.04
2721	| 0.32	| 0.28	| 0.31	| 0.04
2722	| 0.25	| 0.22	| 0.25	| 0.03
2723	| 0.20	| 0.23	| 0.23	| 0.03
2724	| 0.29	| 0.32	| 0.34	| 0.05
2725	| 0.11	| 0.12	| 0.14	| 0.02
2726	| 0.32	| 0.32	| 0.34	| 0.02
2727	| 0.16	| 0.15	| 0.13	| 0.02
2728	| 0.04	| 0.06	| 0.05	| 0.02
2729	| 0.08	| 0.09	| 0.10	| 0.03
2730	| 0.26	| 0.26	| 0.24	| 0.02
2731	| 0.29	| 0.29	| 0.28	| 0.01
2732	| 0.15	| 0.17	| 0.15	| 0.02
2733	| 0.11	| 0.11	| 0.10	| 0.01
2734	| 0.10	| 0.08	| 0.10	| 0.02
2735	| 0.08	| 0.08	| 0.11	| 0.03
2736	| 0.28	| 0.28	| 0.29	| 0.01
2737	| 0.04	| 0.03	| 0.04	| 0.01
2738	| 0.23	| 0.22	| 0.23	| 0.00
2739	| 0.27	| 0.30	| 0.28	| 0.03
2740	| 0.24	| 0.25	| 0.23	| 0.02
2741	| 0.14	| 0.16	| 0.17	| 0.03
2742	| 0.30	| 0.32	| 0.29	| 0.03
2743	| 0.27	| 0.28	| 0.30	| 0.03
2744	| 0.30	| 0.31	| 0.32	| 0.02
2745	| 0.18	| 0.20	| 0.18	| 0.02
2746	| 0.05	| 0.05	| 0.05	| 0.00
2747	| 0.10	| 0.10	| 0.08	| 0.01
2748	| 0.22	| 0.23	| 0.22	| 0.01
2749	| 0.24	| 0.23	| 0.21	| 0.03
2750	| 0.04	| 0.02	| 0.04	| 0.02
2751	| 0.15	| 0.17	| 0.17	| 0.02
2752	| 0.08	| 0.07	| 0.07	| 0.01
2753	| 0.30	| 0.31	| 0.34	| 0.03
2754	| 0.26	| 0.24	| 0.23	| 0.02
2755	| 0.20	| 0.21	| 0.20	| 0.01
2756	| 0.21	| 0.23	| 0.19	| 0.04
2757	| 0.04	| 0.05	| 0.05	| 0.00
2758	| 0.21	| 0.18	| 0.17	| 0.03
2759	| 0.17	| 0.14	| 0.16	| 0.03
2760	| 0.16	| 0.17	| 0.18	| 0.02
2761	| 0.23	| 0.22	| 0.24	| 0.01
2762	| 0.34	| 0.35	| 0.29	| 0.06
2763	| 0.31	| 0.31	| 0.31	| 0.01
2764	| 0.28	| 0.25	| 0.26	| 0.03
2765	| 0.06	| 0.07	| 0.06	| 0.02
2766	| 0.02	| 0.02	| 0.02	| 0.01
2767	| 0.24	| 0.22	| 0.26	| 0.04
2768	| 0.06	| 0.05	| 0.05	| 0.01
2769	| 0.09	| 0.10	| 0.11	| 0.02
2770	| 0.30	| 0.31	| 0.33	| 0.03
2771	| 0.19	| 0.17	| 0.17	| 0.02
2772	| 0.02	| 0.02	| 0.02	| 0.01
2773	| 0.35	| 0.31	| 0.34	| 0.04
2774	| 0.20	| 0.19	| 0.20	| 0.01
2775	| 0.13	| 0.13	| 0.13	| 0.01
2776	| 0.28	| 0.29	| 0.27	| 0.02
2777	| 0.29	| 0.27	| 0.26	| 0.03
2778	| 0.21	| 0.21	| 0.21	| 0.01
2779	| 0.03	| 0.02	| 0.03	| 0.01
2780	| 0.13	| 0.11	| 0.13	| 0.02
2781	| 0.36	| 0.30	| 0.34	| 0.06
2782	| 0.15	| 0.18	| 0.17	| 0.03
2783	| 0.20	| 0.21	| 0.20	| 0.01
2784	| 0.01	| 0.02	| 0.02	| 0.01
2785	| 0.32	| 0.34	| 0.34	| 0.02
2786	| 0.01	| 0.01	| 0.01	| 0.00
2787	| 0.17	| 0.19	| 0.19	| 0.02
2788	| 0.03	| 0.05	| 0.05	| 0.01
2789	| 0.07	| 0.08	| 0.07	| 0.01
2790	| 0.01	| 0.02	| 0.01	| 0.01
2791	| 0.28	| 0.23	| 0.24	| 0.05
2792	| 0.19	| 0.16	| 0.18	| 0.03
2793	| 0.28	| 0.26	| 0.25	| 0.03
2794	| 0.17	| 0.18	| 0.16	| 0.01
2795	| 0.07	| 0.06	| 0.06	| 0.01
2796	| 0.19	| 0.19	| 0.20	| 0.01
2797	| 0.03	| 0.03	| 0.03	| 0.01
2798	| 0.25	| 0.25	| 0.29	| 0.04
2799	| 0.23	| 0.22	| 0.22	| 0.01
2800	| 0.08	| 0.09	| 0.08	| 0.02
2801	| 0.11	| 0.12	| 0.12	| 0.02
2802	| 0.09	| 0.07	| 0.08	| 0.02
2803	| 0.14	| 0.13	| 0.16	| 0.04
2804	| 0.17	| 0.18	| 0.20	| 0.02
2805	| 0.14	| 0.14	| 0.13	| 0.01
2806	| 0.11	| 0.13	| 0.12	| 0.01
2807	| 0.34	| 0.35	| 0.31	| 0.04
2808	| 0.26	| 0.25	| 0.25	| 0.01
2809	| 0.09	| 0.08	| 0.10	| 0.02
2810	| 0.17	| 0.17	| 0.17	| 0.01
2811	| 0.17	| 0.15	| 0.15	| 0.01
2812	| 0.08	| 0.07	| 0.07	| 0.01
2813	| 0.23	| 0.24	| 0.23	| 0.01
2814	| 0.21	| 0.22	| 0.21	| 0.01
2815	| 0.14	| 0.17	| 0.16	| 0.03
2816	| 0.15	| 0.13	| 0.15	| 0.03
2817	| 0.01	| 0.01	| 0.01	| 0.00
2818	| 0.23	| 0.22	| 0.20	| 0.02
2819	| 0.10	| 0.12	| 0.13	| 0.03
2820	| 0.25	| 0.26	| 0.22	| 0.04
2821	| 0.18	| 0.22	| 0.19	| 0.04
2822	| 0.01	| 0.01	| 0.01	| 0.00
2823	| 0.07	| 0.07	| 0.07	| 0.00
2824	| 0.09	| 0.09	| 0.10	| 0.01
2825	| 0.07	| 0.09	| 0.09	| 0.02
2826	| 0.23	| 0.26	| 0.23	| 0.03
2827	| 0.22	| 0.19	| 0.18	| 0.04
2828	| 0.30	| 0.27	| 0.29	| 0.03
2829	| 0.27	| 0.27	| 0.28	| 0.01
2830	| 0.15	| 0.17	| 0.14	| 0.03
2831	| 0.09	| 0.08	| 0.09	| 0.01
2832	| 0.29	| 0.30	| 0.29	| 0.01
2833	| 0.35	| 0.34	| 0.31	| 0.04
2834	| 0.16	| 0.17	| 0.19	| 0.02
2835	| 0.07	| 0.07	| 0.07	| 0.01
2836	| 0.09	| 0.10	| 0.08	| 0.01
2837	| 0.04	| 0.03	| 0.04	| 0.01
2838	| 0.20	| 0.21	| 0.22	| 0.02
2839	| 0.21	| 0.21	| 0.21	| 0.01
2840	| 0.23	| 0.23	| 0.21	| 0.02
2841	| 0.16	| 0.18	| 0.20	| 0.04
2842	| 0.03	| 0.02	| 0.02	| 0.01
2843	| 0.04	| 0.05	| 0.05	| 0.01
2844	| 0.07	| 0.07	| 0.07	| 0.01
2845	| 0.12	| 0.16	| 0.13	| 0.03
2846	| 0.04	| 0.04	| 0.03	| 0.01
2847	| 0.05	| 0.07	| 0.07	| 0.02
2848	| 0.03	| 0.03	| 0.03	| 0.00
2849	| 0.21	| 0.19	| 0.20	| 0.02
2850	| 0.09	| 0.10	| 0.09	| 0.01
2851	| 0.01	| 0.01	| 0.01	| 0.01
2852	| 0.26	| 0.26	| 0.28	| 0.01
2853	| 0.18	| 0.18	| 0.17	| 0.01
2854	| 0.17	| 0.18	| 0.18	| 0.01
2855	| 0.23	| 0.25	| 0.23	| 0.03
2856	| 0.28	| 0.26	| 0.28	| 0.03
2857	| 0.10	| 0.10	| 0.12	| 0.02
2858	| 0.13	| 0.14	| 0.12	| 0.02
2859	| 0.28	| 0.31	| 0.31	| 0.03
2860	| 0.08	| 0.09	| 0.10	| 0.02
2861	| 0.32	| 0.30	| 0.32	| 0.02
2862	| 0.09	| 0.09	| 0.11	| 0.02
2863	| 0.11	| 0.11	| 0.10	| 0.01
2864	| 0.29	| 0.28	| 0.31	| 0.03
2865	| 0.16	| 0.15	| 0.17	| 0.02
2866	| 0.12	| 0.09	| 0.12	| 0.03
2867	| 0.30	| 0.31	| 0.33	| 0.03
2868	| 0.21	| 0.23	| 0.20	| 0.03
2869	| 0.12	| 0.11	| 0.14	| 0.02
2870	| 0.20	| 0.20	| 0.21	| 0.01
2871	| 0.01	| 0.01	| 0.02	| 0.00
2872	| 0.08	| 0.06	| 0.07	| 0.02
2873	| 0.05	| 0.05	| 0.05	| 0.00
2874	| 0.29	| 0.27	| 0.24	| 0.04
2875	| 0.03	| 0.02	| 0.03	| 0.01
2876	| 0.18	| 0.15	| 0.17	| 0.03
2877	| 0.09	| 0.13	| 0.14	| 0.05
2878	| 0.03	| 0.03	| 0.03	| 0.00
2879	| 0.14	| 0.17	| 0.13	| 0.04
2880	| 0.12	| 0.12	| 0.13	| 0.02
2881	| 0.15	| 0.16	| 0.19	| 0.04
2882	| 0.11	| 0.13	| 0.11	| 0.02
2883	| 0.06	| 0.05	| 0.06	| 0.01
2884	| 0.07	| 0.06	| 0.07	| 0.00
2885	| 0.29	| 0.30	| 0.29	| 0.01
2886	| 0.34	| 0.29	| 0.32	| 0.05
2887	| 0.21	| 0.19	| 0.20	| 0.02
2888	| 0.21	| 0.19	| 0.22	| 0.02
2889	| 0.19	| 0.15	| 0.14	| 0.05
2890	| 0.34	| 0.29	| 0.33	| 0.05
2891	| 0.21	| 0.24	| 0.25	| 0.04
2892	| 0.06	| 0.07	| 0.06	| 0.01
2893	| 0.09	| 0.08	| 0.08	| 0.01
2894	| 0.10	| 0.11	| 0.10	| 0.02
2895	| 0.09	| 0.10	| 0.09	| 0.01
2896	| 0.23	| 0.23	| 0.22	| 0.01
2897	| 0.04	| 0.06	| 0.05	| 0.01
2898	| 0.11	| 0.11	| 0.08	| 0.02
2899	| 0.04	| 0.04	| 0.05	| 0.01
2900	| 0.29	| 0.29	| 0.25	| 0.04
2901	| 0.06	| 0.05	| 0.04	| 0.02
2902	| 0.33	| 0.30	| 0.28	| 0.05
2903	| 0.24	| 0.25	| 0.26	| 0.02
2904	| 0.29	| 0.31	| 0.28	| 0.04
2905	| 0.04	| 0.05	| 0.04	| 0.01
2906	| 0.21	| 0.23	| 0.20	| 0.03
2907	| 0.09	| 0.07	| 0.07	| 0.02
2908	| 0.05	| 0.05	| 0.05	| 0.00
2909	| 0.30	| 0.34	| 0.32	| 0.04
2910	| 0.02	| 0.02	| 0.02	| 0.00
2911	| 0.10	| 0.09	| 0.09	| 0.01
2912	| 0.05	| 0.05	| 0.07	| 0.02
2913	| 0.08	| 0.07	| 0.07	| 0.01
2914	| 0.17	| 0.17	| 0.19	| 0.02
2915	| 0.22	| 0.21	| 0.22	| 0.01
2916	| 0.06	| 0.07	| 0.06	| 0.01
2917	| 0.32	| 0.27	| 0.30	| 0.05
2918	| 0.22	| 0.21	| 0.22	| 0.01
2919	| 0.24	| 0.23	| 0.23	| 0.01
2920	| 0.01	| 0.00	| 0.00	| 0.00
2921	| 0.23	| 0.22	| 0.21	| 0.02
2922	| 0.08	| 0.07	| 0.08	| 0.01
2923	| 0.08	| 0.07	| 0.09	| 0.02
2924	| 0.13	| 0.13	| 0.13	| 0.00
2925	| 0.05	| 0.05	| 0.06	| 0.01
2926	| 0.11	| 0.12	| 0.11	| 0.01
2927	| 0.22	| 0.21	| 0.20	| 0.02
2928	| 0.15	| 0.16	| 0.15	| 0.01
2929	| 0.04	| 0.04	| 0.04	| 0.01
2930	| 0.08	| 0.08	| 0.09	| 0.01
2931	| 0.33	| 0.29	| 0.28	| 0.05
2932	| 0.23	| 0.19	| 0.23	| 0.04
2933	| 0.08	| 0.08	| 0.08	| 0.01
2934	| 0.13	| 0.12	| 0.11	| 0.02
2935	| 0.30	| 0.27	| 0.25	| 0.04
2936	| 0.30	| 0.29	| 0.28	| 0.02
2937	| 0.02	| 0.03	| 0.03	| 0.01
2938	| 0.27	| 0.27	| 0.24	| 0.04
2939	| 0.23	| 0.21	| 0.23	| 0.02
2940	| 0.22	| 0.21	| 0.23	| 0.02
2941	| 0.17	| 0.19	| 0.16	| 0.03
2942	| 0.00	| 0.00	| 0.00	| 0.00
2943	| 0.32	| 0.29	| 0.31	| 0.03
2944	| 0.26	| 0.25	| 0.25	| 0.01
2945	| 0.23	| 0.24	| 0.23	| 0.01
2946	| 0.25	| 0.25	| 0.27	| 0.02
2947	| 0.05	| 0.06	| 0.07	| 0.02
2948	| 0.13	| 0.11	| 0.10	| 0.03
2949	| 0.04	| 0.03	| 0.03	| 0.01
2950	| 0.24	| 0.24	| 0.25	| 0.01
2951	| 0.35	| 0.33	| 0.32	| 0.02
2952	| 0.28	| 0.28	| 0.30	| 0.02
2953	| 0.20	| 0.19	| 0.17	| 0.04
2954	| 0.21	| 0.21	| 0.20	| 0.01
2955	| 0.12	| 0.12	| 0.14	| 0.02
2956	| 0.29	| 0.30	| 0.27	| 0.03
2957	| 0.36	| 0.32	| 0.34	| 0.04
2958	| 0.24	| 0.24	| 0.24	| 0.00
2959	| 0.16	| 0.17	| 0.17	| 0.01
2960	| 0.09	| 0.09	| 0.09	| 0.01
2961	| 0.29	| 0.26	| 0.28	| 0.03
2962	| 0.24	| 0.27	| 0.29	| 0.05
2963	| 0.21	| 0.21	| 0.21	| 0.01
2964	| 0.14	| 0.13	| 0.14	| 0.01
2965	| 0.31	| 0.32	| 0.30	| 0.02
2966	| 0.27	| 0.29	| 0.29	| 0.02
2967	| 0.27	| 0.25	| 0.27	| 0.02
2968	| 0.01	| 0.01	| 0.01	| 0.01
2969	| 0.29	| 0.26	| 0.29	| 0.02
2970	| 0.04	| 0.05	| 0.05	| 0.01
2971	| 0.14	| 0.17	| 0.16	| 0.02
2972	| 0.01	| 0.01	| 0.01	| 0.00
2973	| 0.19	| 0.18	| 0.20	| 0.02
2974	| 0.07	| 0.06	| 0.06	| 0.01
2975	| 0.07	| 0.08	| 0.08	| 0.02
2976	| 0.26	| 0.32	| 0.29	| 0.06
2977	| 0.19	| 0.19	| 0.16	| 0.03
2978	| 0.09	| 0.08	| 0.08	| 0.02
2979	| 0.23	| 0.24	| 0.23	| 0.01
2980	| 0.17	| 0.20	| 0.20	| 0.04
2981	| 0.04	| 0.03	| 0.03	| 0.01
2982	| 0.09	| 0.10	| 0.11	| 0.01
2983	| 0.33	| 0.32	| 0.33	| 0.00
2984	| 0.03	| 0.03	| 0.02	| 0.01
2985	| 0.11	| 0.12	| 0.12	| 0.01
2986	| 0.20	| 0.18	| 0.18	| 0.02
2987	| 0.29	| 0.30	| 0.27	| 0.03
2988	| 0.17	| 0.19	| 0.17	| 0.03
2989	| 0.22	| 0.22	| 0.20	| 0.02
2990	| 0.20	| 0.15	| 0.18	| 0.05
2991	| 0.07	| 0.06	| 0.06	| 0.01
2992	| 0.16	| 0.15	| 0.15	| 0.01
2993	| 0.05	| 0.04	| 0.06	| 0.02
2994	| 0.04	| 0.05	| 0.05	| 0.01
2995	| 0.28	| 0.29	| 0.28	| 0.01
2996	| 0.06	| 0.04	| 0.06	| 0.01
2997	| 0.14	| 0.15	| 0.12	| 0.02
2998	| 0.05	| 0.05	| 0.05	| 0.01
2999	| 0.09	| 0.12	| 0.10	| 0.03
