Weighted Random Sampling Comparison on 100000 Trials
---------------------------------------------
Difference is bigger than 1 in the following indices: []
Elapsed time: Naive: 26.075959333s, Fenwick: 3.72785425s, Python: 25.893284797s

---------------------------------------------
Probability(%) of each element being selected:
Element	| Naive	| Fenw	| Pyth	| Diff(Max-Min)
---------------------------------------------
0	| 78.11	| 78.04	| 78.05	| 0.07
1	| 69.61	| 69.81	| 69.61	| 0.20
2	| 56.30	| 56.46	| 56.40	| 0.16
3	| 10.92	| 10.99	| 11.16	| 0.24
4	| 75.82	| 75.73	| 75.62	| 0.20
5	| 68.77	| 68.89	| 68.89	| 0.12
6	| 15.05	| 14.99	| 15.05	| 0.06
7	| 71.89	| 72.07	| 72.09	| 0.20
8	| 32.70	| 33.12	| 32.64	| 0.48
9	| 72.52	| 72.49	| 72.74	| 0.25
10	| 71.28	| 71.31	| 71.24	| 0.07
11	| 75.85	| 76.17	| 75.95	| 0.32
12	| 56.73	| 56.48	| 56.86	| 0.37
13	| 66.85	| 66.98	| 66.95	| 0.13
14	| 71.64	| 71.84	| 71.87	| 0.22
15	| 73.55	| 73.71	| 73.72	| 0.17
16	| 73.17	| 73.18	| 72.78	| 0.40
17	| 46.93	| 47.05	| 46.87	| 0.18
18	| 41.48	| 41.35	| 41.57	| 0.22
19	| 67.98	| 67.91	| 67.78	| 0.20
20	| 76.63	| 76.65	| 76.62	| 0.03
21	| 30.43	| 30.44	| 30.08	| 0.37
22	| 38.68	| 38.89	| 39.23	| 0.55
23	| 41.35	| 41.68	| 41.47	| 0.33
24	| 50.73	| 51.02	| 50.85	| 0.29
25	| 77.38	| 77.61	| 77.81	| 0.42
26	| 74.66	| 74.66	| 74.20	| 0.46
27	| 64.50	| 64.22	| 64.24	| 0.27
28	| 18.31	| 18.51	| 18.46	| 0.20
29	| 62.83	| 62.78	| 62.54	| 0.30
30	| 45.94	| 45.86	| 45.93	| 0.08
31	| 77.48	| 77.54	| 77.50	| 0.06
32	| 62.72	| 62.66	| 62.78	| 0.12
33	| 15.30	| 15.17	| 15.16	| 0.13
34	| 3.74	| 3.54	| 3.77	| 0.23
35	| 33.02	| 33.00	| 32.71	| 0.31
36	| 44.88	| 45.35	| 45.24	| 0.48
37	| 76.50	| 76.43	| 76.45	| 0.07
38	| 55.15	| 55.30	| 55.31	| 0.16
39	| 70.84	| 70.83	| 70.83	| 0.01
40	| 62.63	| 62.63	| 61.94	| 0.69
41	| 8.30	| 8.38	| 8.30	| 0.08
42	| 38.53	| 38.14	| 38.55	| 0.41
43	| 76.25	| 76.07	| 76.16	| 0.18
44	| 75.83	| 75.79	| 75.56	| 0.28
45	| 34.93	| 34.95	| 35.16	| 0.24
46	| 77.24	| 77.45	| 77.08	| 0.37
47	| 32.09	| 32.01	| 32.03	| 0.08
48	| 76.45	| 76.23	| 76.58	| 0.34
49	| 75.26	| 75.32	| 75.13	| 0.19
50	| 77.81	| 77.65	| 77.70	| 0.16
51	| 70.22	| 70.16	| 70.08	| 0.14
52	| 31.92	| 31.47	| 31.85	| 0.45
53	| 46.59	| 46.10	| 46.33	| 0.49
54	| 34.66	| 34.26	| 34.44	| 0.41
55	| 0.39	| 0.36	| 0.39	| 0.04
56	| 4.01	| 4.10	| 4.15	| 0.15
57	| 12.01	| 11.99	| 11.99	| 0.03
58	| 59.05	| 58.85	| 58.93	| 0.20
59	| 48.52	| 48.67	| 48.83	| 0.31
60	| 40.57	| 40.49	| 40.76	| 0.26
61	| 70.55	| 70.47	| 70.25	| 0.30
62	| 29.82	| 29.48	| 29.65	| 0.34
63	| 3.01	| 3.12	| 3.09	| 0.10
64	| 29.18	| 29.18	| 29.13	| 0.06
65	| 33.64	| 33.42	| 33.58	| 0.22
66	| 23.48	| 23.36	| 23.67	| 0.31
67	| 72.91	| 72.92	| 72.84	| 0.08
68	| 12.42	| 12.28	| 12.44	| 0.17
69	| 74.07	| 74.08	| 74.06	| 0.02
70	| 55.34	| 55.27	| 55.04	| 0.30
71	| 4.98	| 4.97	| 4.99	| 0.02
72	| 37.09	| 37.02	| 36.89	| 0.20
73	| 73.91	| 74.28	| 74.22	| 0.37
74	| 72.67	| 72.35	| 72.53	| 0.32
75	| 50.32	| 50.56	| 50.22	| 0.34
76	| 45.97	| 45.44	| 45.61	| 0.53
77	| 64.27	| 64.07	| 64.29	| 0.22
78	| 72.12	| 72.04	| 71.97	| 0.15
79	| 64.30	| 64.32	| 64.18	| 0.13
80	| 30.24	| 30.20	| 30.53	| 0.33
81	| 58.45	| 58.37	| 58.29	| 0.16
82	| 29.62	| 29.96	| 29.85	| 0.34
83	| 68.69	| 69.12	| 68.92	| 0.42
84	| 26.50	| 26.20	| 26.35	| 0.30
85	| 35.02	| 35.24	| 35.20	| 0.22
86	| 62.37	| 62.27	| 62.38	| 0.10
87	| 36.31	| 36.04	| 36.05	| 0.27
88	| 56.27	| 56.50	| 56.54	| 0.27
89	| 33.75	| 33.47	| 33.93	| 0.47
90	| 38.06	| 38.27	| 38.01	| 0.25
91	| 6.99	| 7.19	| 7.14	| 0.20
92	| 75.94	| 76.36	| 76.34	| 0.42
93	| 60.10	| 60.02	| 60.23	| 0.21
94	| 69.79	| 69.89	| 69.96	| 0.17
95	| 70.23	| 70.36	| 70.49	| 0.26
96	| 68.83	| 68.83	| 68.86	| 0.03
97	| 61.48	| 61.15	| 61.38	| 0.33
98	| 41.04	| 41.13	| 40.62	| 0.51
99	| 44.38	| 44.30	| 44.19	| 0.19
100	| 66.26	| 65.90	| 66.04	| 0.36
101	| 34.94	| 34.97	| 35.03	| 0.09
102	| 3.79	| 3.73	| 3.81	| 0.08
103	| 72.02	| 72.15	| 71.87	| 0.28
104	| 55.94	| 55.94	| 56.53	| 0.59
105	| 50.11	| 50.17	| 50.09	| 0.08
106	| 56.17	| 56.59	| 56.45	| 0.43
107	| 61.68	| 61.70	| 61.49	| 0.21
108	| 39.48	| 39.41	| 39.33	| 0.15
109	| 32.89	| 33.05	| 33.11	| 0.22
110	| 67.69	| 67.52	| 67.20	| 0.50
111	| 42.34	| 42.73	| 42.49	| 0.39
112	| 50.48	| 50.44	| 50.29	| 0.19
113	| 71.30	| 71.11	| 71.27	| 0.19
114	| 63.88	| 63.90	| 63.50	| 0.40
115	| 69.99	| 70.03	| 70.16	| 0.16
116	| 72.38	| 72.44	| 72.65	| 0.27
117	| 70.47	| 70.72	| 70.61	| 0.25
118	| 19.39	| 19.45	| 19.52	| 0.13
119	| 78.28	| 78.38	| 78.14	| 0.24
120	| 49.50	| 49.66	| 49.72	| 0.21
121	| 61.22	| 61.04	| 60.96	| 0.26
122	| 27.95	| 28.04	| 27.82	| 0.22
123	| 24.71	| 24.32	| 24.44	| 0.40
124	| 0.68	| 0.66	| 0.71	| 0.05
125	| 53.84	| 53.32	| 53.54	| 0.51
126	| 71.07	| 71.25	| 71.33	| 0.26
127	| 75.42	| 75.54	| 75.27	| 0.28
128	| 12.65	| 12.51	| 12.61	| 0.14
129	| 74.40	| 74.33	| 74.41	| 0.07
130	| 60.63	| 60.45	| 60.77	| 0.32
131	| 60.58	| 60.88	| 60.55	| 0.34
132	| 43.50	| 43.27	| 43.38	| 0.23
133	| 65.91	| 65.97	| 66.12	| 0.21
134	| 78.12	| 78.42	| 78.46	| 0.34
135	| 25.45	| 25.35	| 25.55	| 0.20
136	| 48.34	| 48.13	| 48.14	| 0.21
137	| 4.12	| 4.19	| 4.04	| 0.15
138	| 45.30	| 45.23	| 45.00	| 0.29
139	| 36.41	| 36.38	| 36.27	| 0.14
140	| 62.96	| 63.06	| 63.19	| 0.23
141	| 69.80	| 69.76	| 70.15	| 0.39
142	| 14.73	| 14.74	| 14.62	| 0.11
143	| 46.95	| 46.82	| 46.68	| 0.27
144	| 42.09	| 42.67	| 42.38	| 0.57
145	| 73.02	| 73.21	| 73.15	| 0.19
146	| 68.41	| 68.54	| 68.31	| 0.23
147	| 20.54	| 20.58	| 20.71	| 0.17
148	| 22.71	| 22.64	| 22.55	| 0.16
149	| 71.95	| 72.03	| 72.19	| 0.24
150	| 46.10	| 46.14	| 46.54	| 0.44
151	| 55.81	| 55.91	| 55.96	| 0.15
152	| 56.64	| 56.53	| 56.88	| 0.35
153	| 42.09	| 42.16	| 42.28	| 0.19
154	| 1.63	| 1.59	| 1.68	| 0.09
155	| 36.42	| 36.06	| 36.29	| 0.36
156	| 7.60	| 7.56	| 7.56	| 0.03
157	| 72.50	| 72.62	| 72.55	| 0.12
158	| 61.85	| 61.79	| 61.98	| 0.19
159	| 53.67	| 53.79	| 53.89	| 0.22
160	| 52.90	| 52.54	| 52.87	| 0.36
161	| 31.79	| 31.90	| 32.04	| 0.25
162	| 58.21	| 58.32	| 58.05	| 0.27
163	| 23.28	| 23.46	| 23.32	| 0.18
164	| 36.09	| 36.33	| 36.33	| 0.24
165	| 77.36	| 77.61	| 77.27	| 0.34
166	| 70.56	| 70.35	| 70.25	| 0.31
167	| 64.78	| 64.52	| 64.83	| 0.31
168	| 76.43	| 75.98	| 76.14	| 0.45
169	| 72.52	| 72.54	| 72.66	| 0.14
170	| 16.71	| 16.68	| 16.81	| 0.13
171	| 65.64	| 65.81	| 65.64	| 0.18
172	| 7.19	| 7.03	| 7.15	| 0.16
173	| 8.89	| 8.83	| 8.87	| 0.06
174	| 75.23	| 75.22	| 75.04	| 0.19
175	| 67.92	| 67.89	| 67.78	| 0.14
176	| 50.87	| 50.81	| 51.09	| 0.29
177	| 49.37	| 49.25	| 49.33	| 0.11
178	| 5.44	| 5.50	| 5.56	| 0.12
179	| 71.54	| 71.35	| 71.46	| 0.19
180	| 64.99	| 64.58	| 64.51	| 0.48
181	| 46.75	| 46.55	| 46.86	| 0.31
182	| 70.18	| 70.13	| 70.09	| 0.09
183	| 54.75	| 54.30	| 54.92	| 0.62
184	| 32.39	| 32.55	| 32.41	| 0.16
185	| 60.89	| 60.71	| 60.84	| 0.18
186	| 3.73	| 3.62	| 3.71	| 0.11
187	| 8.70	| 8.73	| 8.85	| 0.15
188	| 66.55	| 66.56	| 66.72	| 0.17
189	| 71.00	| 70.54	| 70.94	| 0.45
190	| 8.81	| 8.77	| 8.62	| 0.20
191	| 77.64	| 77.84	| 77.84	| 0.20
192	| 6.77	| 6.76	| 6.86	| 0.09
193	| 56.79	| 56.28	| 56.51	| 0.51
194	| 39.92	| 39.92	| 40.05	| 0.12
195	| 64.94	| 64.63	| 64.78	| 0.31
196	| 42.22	| 41.75	| 41.99	| 0.48
197	| 66.13	| 66.25	| 66.04	| 0.21
198	| 74.66	| 74.35	| 74.22	| 0.44
199	| 78.00	| 77.58	| 77.96	| 0.42
200	| 71.78	| 71.81	| 71.61	| 0.20
201	| 74.39	| 74.38	| 74.31	| 0.08
202	| 60.03	| 59.95	| 60.20	| 0.25
203	| 76.59	| 76.74	| 76.50	| 0.24
204	| 39.55	| 39.34	| 38.96	| 0.58
205	| 50.18	| 50.29	| 49.89	| 0.40
206	| 62.25	| 62.52	| 62.46	| 0.28
207	| 63.53	| 63.58	| 63.79	| 0.27
208	| 9.59	| 9.47	| 9.61	| 0.13
209	| 67.84	| 68.10	| 67.88	| 0.26
210	| 59.39	| 59.43	| 59.37	| 0.06
211	| 57.21	| 57.01	| 57.29	| 0.28
212	| 60.38	| 60.30	| 60.23	| 0.15
213	| 35.67	| 35.62	| 35.60	| 0.06
214	| 65.93	| 65.77	| 65.85	| 0.15
215	| 46.94	| 46.84	| 47.10	| 0.26
216	| 27.76	| 27.75	| 27.79	| 0.03
217	| 76.77	| 76.68	| 76.76	| 0.09
218	| 22.41	| 22.51	| 22.60	| 0.19
219	| 67.59	| 67.76	| 67.40	| 0.35
220	| 50.14	| 50.56	| 50.41	| 0.42
221	| 75.47	| 75.66	| 75.58	| 0.19
222	| 51.79	| 52.02	| 51.67	| 0.35
223	| 67.69	| 67.83	| 67.86	| 0.17
224	| 61.91	| 61.71	| 61.96	| 0.25
225	| 72.34	| 72.75	| 72.87	| 0.52
226	| 5.67	| 5.80	| 5.88	| 0.20
227	| 15.99	| 16.02	| 15.88	| 0.14
228	| 77.59	| 77.64	| 77.89	| 0.30
229	| 60.54	| 60.32	| 60.48	| 0.22
230	| 39.48	| 39.73	| 39.56	| 0.25
231	| 68.33	| 68.66	| 68.54	| 0.34
232	| 47.45	| 47.41	| 47.33	| 0.11
233	| 4.10	| 4.09	| 4.08	| 0.01
234	| 63.45	| 63.43	| 63.60	| 0.16
235	| 73.05	| 73.06	| 73.03	| 0.04
236	| 33.31	| 33.30	| 33.40	| 0.10
237	| 45.70	| 45.38	| 45.47	| 0.32
238	| 19.60	| 19.64	| 19.74	| 0.14
239	| 64.90	| 65.00	| 64.84	| 0.17
240	| 69.08	| 68.86	| 69.40	| 0.54
241	| 71.40	| 71.59	| 71.19	| 0.39
242	| 46.20	| 46.55	| 46.03	| 0.51
243	| 53.84	| 53.81	| 54.10	| 0.29
244	| 41.83	| 42.06	| 41.97	| 0.23
245	| 65.08	| 64.94	| 65.12	| 0.18
246	| 2.93	| 2.79	| 2.82	| 0.14
247	| 75.75	| 76.14	| 75.72	| 0.42
248	| 40.18	| 40.06	| 40.53	| 0.47
249	| 74.95	| 74.72	| 74.52	| 0.43
250	| 59.39	| 59.32	| 59.20	| 0.18
251	| 1.31	| 1.33	| 1.32	| 0.02
252	| 48.80	| 48.77	| 48.69	| 0.10
253	| 42.13	| 42.03	| 42.06	| 0.10
254	| 53.18	| 52.67	| 52.80	| 0.51
255	| 27.17	| 27.02	| 26.83	| 0.34
256	| 33.00	| 32.79	| 32.86	| 0.21
257	| 70.30	| 69.90	| 69.95	| 0.40
258	| 2.37	| 2.29	| 2.38	| 0.09
259	| 74.76	| 74.52	| 74.53	| 0.24
260	| 70.84	| 71.09	| 71.00	| 0.26
261	| 73.12	| 73.42	| 73.23	| 0.30
262	| 78.47	| 78.47	| 78.29	| 0.18
263	| 70.01	| 70.18	| 70.21	| 0.20
264	| 50.24	| 49.94	| 50.24	| 0.30
265	| 43.28	| 43.30	| 43.58	| 0.30
266	| 62.70	| 62.42	| 62.90	| 0.48
267	| 73.29	| 73.96	| 73.66	| 0.67
268	| 28.30	| 28.23	| 28.32	| 0.09
269	| 19.81	| 19.76	| 19.96	| 0.20
270	| 45.67	| 45.48	| 45.64	| 0.19
271	| 57.26	| 57.55	| 56.93	| 0.63
272	| 18.41	| 18.34	| 18.19	| 0.21
273	| 12.21	| 12.23	| 12.03	| 0.20
274	| 54.38	| 54.44	| 54.33	| 0.11
275	| 66.19	| 65.95	| 65.99	| 0.24
276	| 24.61	| 25.04	| 24.81	| 0.44
277	| 13.08	| 12.99	| 13.14	| 0.15
278	| 55.74	| 55.97	| 55.67	| 0.30
279	| 77.85	| 78.15	| 78.18	| 0.33
280	| 51.86	| 52.41	| 52.09	| 0.54
281	| 68.16	| 68.01	| 67.91	| 0.26
282	| 38.15	| 38.15	| 38.45	| 0.30
283	| 45.61	| 45.59	| 45.80	| 0.21
284	| 76.75	| 77.00	| 76.86	| 0.25
285	| 41.11	| 40.99	| 40.84	| 0.27
286	| 72.30	| 72.48	| 72.39	| 0.18
287	| 41.43	| 41.54	| 41.51	| 0.11
288	| 62.02	| 62.47	| 62.22	| 0.46
289	| 23.49	| 23.61	| 23.36	| 0.25
290	| 2.57	| 2.56	| 2.52	| 0.04
291	| 75.32	| 75.08	| 75.56	| 0.48
292	| 28.89	| 29.07	| 29.09	| 0.20
293	| 25.22	| 25.42	| 25.45	| 0.22
294	| 39.64	| 39.44	| 39.37	| 0.28
295	| 30.87	| 30.83	| 31.02	| 0.19
296	| 19.92	| 19.73	| 19.91	| 0.19
297	| 76.78	| 76.38	| 76.73	| 0.40
298	| 43.57	| 43.24	| 43.22	| 0.35
299	| 68.35	| 68.13	| 68.38	| 0.25
300	| 43.59	| 43.36	| 43.67	| 0.31
301	| 66.56	| 66.47	| 66.62	| 0.15
302	| 75.21	| 75.04	| 75.26	| 0.22
303	| 74.75	| 74.49	| 74.51	| 0.25
304	| 75.55	| 75.46	| 75.74	| 0.28
305	| 72.86	| 73.28	| 73.04	| 0.42
306	| 75.19	| 75.20	| 75.08	| 0.12
307	| 37.17	| 37.15	| 37.40	| 0.25
308	| 44.86	| 45.12	| 44.96	| 0.26
309	| 14.55	| 14.38	| 14.21	| 0.34
310	| 59.47	| 59.28	| 59.75	| 0.47
311	| 75.67	| 75.50	| 75.58	| 0.17
312	| 59.38	| 59.23	| 59.08	| 0.31
313	| 32.67	| 32.58	| 32.74	| 0.15
314	| 32.82	| 32.79	| 32.97	| 0.18
315	| 3.13	| 3.25	| 3.18	| 0.12
316	| 52.60	| 52.52	| 52.72	| 0.19
317	| 62.36	| 62.38	| 62.17	| 0.21
318	| 68.47	| 68.61	| 68.50	| 0.14
319	| 62.75	| 62.47	| 62.90	| 0.43
320	| 46.50	| 46.45	| 46.62	| 0.17
321	| 77.71	| 77.58	| 77.76	| 0.18
322	| 63.95	| 64.16	| 64.40	| 0.45
323	| 56.77	| 56.80	| 57.04	| 0.26
324	| 32.29	| 32.16	| 32.27	| 0.13
325	| 44.01	| 44.00	| 43.89	| 0.12
326	| 38.42	| 38.00	| 38.21	| 0.41
327	| 24.74	| 24.92	| 24.79	| 0.17
328	| 57.20	| 56.91	| 56.86	| 0.34
329	| 8.97	| 8.95	| 8.80	| 0.17
330	| 33.59	| 33.49	| 33.60	| 0.11
331	| 62.15	| 62.27	| 62.14	| 0.13
332	| 64.28	| 64.44	| 64.31	| 0.16
333	| 40.11	| 40.88	| 40.81	| 0.77
334	| 55.16	| 54.78	| 54.75	| 0.42
335	| 53.40	| 53.35	| 53.59	| 0.24
336	| 32.85	| 32.76	| 32.78	| 0.09
337	| 69.82	| 69.62	| 69.98	| 0.35
338	| 20.22	| 20.05	| 20.09	| 0.18
339	| 77.17	| 77.35	| 77.03	| 0.32
340	| 39.96	| 39.85	| 40.09	| 0.24
341	| 62.89	| 63.12	| 63.19	| 0.30
342	| 64.02	| 64.21	| 64.21	| 0.19
343	| 25.89	| 25.92	| 25.84	| 0.08
344	| 78.12	| 77.86	| 78.03	| 0.26
345	| 25.25	| 25.36	| 25.13	| 0.23
346	| 56.85	| 56.99	| 56.65	| 0.34
347	| 53.70	| 53.79	| 54.01	| 0.31
348	| 64.18	| 64.27	| 64.37	| 0.19
349	| 36.58	| 36.83	| 36.84	| 0.26
350	| 23.54	| 23.20	| 23.46	| 0.34
351	| 68.84	| 69.29	| 69.21	| 0.44
352	| 56.94	| 56.79	| 56.67	| 0.27
353	| 48.08	| 48.07	| 48.14	| 0.08
354	| 67.72	| 67.43	| 67.56	| 0.29
355	| 44.89	| 45.00	| 44.89	| 0.11
356	| 23.65	| 23.87	| 23.74	| 0.22
357	| 59.08	| 59.03	| 58.97	| 0.11
358	| 38.05	| 37.92	| 37.80	| 0.26
359	| 72.41	| 72.30	| 72.55	| 0.25
360	| 77.23	| 77.41	| 77.63	| 0.40
361	| 11.80	| 11.74	| 11.83	| 0.10
362	| 5.86	| 5.87	| 5.79	| 0.08
363	| 45.25	| 45.29	| 45.53	| 0.28
364	| 35.91	| 36.18	| 36.18	| 0.27
365	| 15.92	| 15.77	| 15.93	| 0.16
366	| 52.81	| 52.54	| 52.94	| 0.39
367	| 77.07	| 77.05	| 76.88	| 0.19
368	| 58.83	| 58.85	| 58.86	| 0.03
369	| 0.75	| 0.79	| 0.84	| 0.08
370	| 75.26	| 75.54	| 75.32	| 0.28
371	| 24.01	| 23.99	| 23.75	| 0.27
372	| 14.19	| 14.25	| 14.15	| 0.10
373	| 56.10	| 56.05	| 56.49	| 0.44
374	| 6.64	| 6.53	| 6.46	| 0.18
375	| 25.49	| 25.61	| 25.63	| 0.14
376	| 58.89	| 58.70	| 58.94	| 0.24
377	| 50.52	| 50.40	| 50.43	| 0.12
378	| 59.28	| 59.31	| 59.29	| 0.03
379	| 61.20	| 61.15	| 61.19	| 0.05
380	| 60.66	| 60.87	| 60.98	| 0.33
381	| 68.36	| 68.31	| 68.33	| 0.05
382	| 46.97	| 46.93	| 47.08	| 0.15
383	| 53.08	| 53.15	| 52.88	| 0.28
384	| 36.24	| 36.03	| 36.25	| 0.21
385	| 27.33	| 27.38	| 27.62	| 0.29
386	| 67.51	| 67.52	| 67.84	| 0.33
387	| 58.58	| 58.44	| 58.45	| 0.14
388	| 54.59	| 54.60	| 54.75	| 0.16
389	| 54.22	| 54.50	| 54.23	| 0.29
390	| 45.87	| 45.50	| 45.55	| 0.37
391	| 35.79	| 36.13	| 36.02	| 0.34
392	| 66.48	| 66.47	| 66.32	| 0.17
393	| 33.63	| 33.18	| 33.44	| 0.45
394	| 70.84	| 70.98	| 70.66	| 0.32
395	| 55.50	| 55.30	| 55.46	| 0.20
396	| 19.01	| 18.70	| 18.77	| 0.31
397	| 74.01	| 73.96	| 73.80	| 0.21
398	| 71.99	| 71.69	| 71.73	| 0.30
399	| 65.90	| 66.03	| 65.81	| 0.23
400	| 37.79	| 37.91	| 37.91	| 0.12
401	| 28.39	| 27.91	| 28.01	| 0.48
402	| 36.78	| 36.95	| 36.92	| 0.18
403	| 33.79	| 34.01	| 33.70	| 0.31
404	| 74.85	| 74.81	| 74.62	| 0.23
405	| 35.30	| 35.39	| 35.13	| 0.26
406	| 39.75	| 39.81	| 40.08	| 0.34
407	| 71.70	| 71.51	| 71.25	| 0.44
408	| 53.61	| 53.61	| 53.51	| 0.10
409	| 9.21	| 9.52	| 9.39	| 0.30
410	| 67.37	| 67.29	| 67.49	| 0.20
411	| 2.45	| 2.53	| 2.38	| 0.15
412	| 22.18	| 22.31	| 22.33	| 0.15
413	| 58.54	| 58.90	| 58.81	| 0.36
414	| 68.72	| 68.64	| 68.50	| 0.22
415	| 36.25	| 35.80	| 35.67	| 0.58
416	| 69.52	| 69.21	| 69.42	| 0.31
417	| 34.38	| 34.19	| 34.30	| 0.19
418	| 76.74	| 76.73	| 76.72	| 0.01
419	| 68.75	| 68.77	| 68.96	| 0.22
420	| 49.62	| 49.43	| 49.42	| 0.20
421	| 72.22	| 71.78	| 72.05	| 0.44
422	| 75.74	| 76.10	| 75.69	| 0.42
423	| 51.72	| 51.86	| 51.83	| 0.14
424	| 72.12	| 72.43	| 72.23	| 0.31
425	| 77.59	| 77.44	| 77.63	| 0.19
426	| 42.78	| 42.80	| 43.09	| 0.31
427	| 43.09	| 42.70	| 42.98	| 0.39
428	| 27.46	| 27.78	| 27.83	| 0.38
429	| 70.96	| 71.11	| 70.99	| 0.15
430	| 57.53	| 57.59	| 57.32	| 0.27
431	| 47.08	| 47.09	| 46.72	| 0.37
432	| 47.66	| 47.82	| 47.42	| 0.40
433	| 4.29	| 4.41	| 4.28	| 0.13
434	| 78.27	| 78.22	| 78.29	| 0.08
435	| 70.51	| 70.56	| 70.49	| 0.07
436	| 74.24	| 74.09	| 74.17	| 0.15
437	| 39.78	| 40.17	| 39.90	| 0.39
438	| 46.37	| 46.78	| 46.49	| 0.42
439	| 59.22	| 59.30	| 59.02	| 0.28
440	| 55.39	| 55.31	| 55.25	| 0.13
441	| 21.87	| 21.96	| 22.23	| 0.36
442	| 70.66	| 70.95	| 70.78	| 0.29
443	| 24.24	| 24.23	| 23.97	| 0.27
444	| 72.92	| 72.90	| 73.14	| 0.23
445	| 45.11	| 45.41	| 45.30	| 0.29
446	| 47.50	| 47.69	| 47.75	| 0.24
447	| 74.90	| 75.03	| 75.04	| 0.14
448	| 17.15	| 17.04	| 17.06	| 0.11
449	| 68.42	| 68.45	| 68.13	| 0.32
450	| 7.75	| 7.69	| 7.61	| 0.14
451	| 32.32	| 32.53	| 32.35	| 0.21
452	| 31.86	| 31.84	| 31.93	| 0.09
453	| 45.04	| 45.07	| 45.32	| 0.28
454	| 32.45	| 32.18	| 32.20	| 0.27
455	| 77.63	| 77.72	| 77.87	| 0.24
456	| 65.46	| 65.36	| 65.44	| 0.10
457	| 66.13	| 66.23	| 66.17	| 0.10
458	| 48.19	| 48.35	| 48.07	| 0.28
459	| 20.85	| 20.82	| 20.65	| 0.20
460	| 75.84	| 75.93	| 76.02	| 0.18
461	| 35.66	| 35.45	| 35.63	| 0.21
462	| 75.65	| 75.35	| 75.40	| 0.30
463	| 22.21	| 21.91	| 22.23	| 0.32
464	| 74.27	| 74.33	| 74.40	| 0.13
465	| 69.55	| 69.50	| 69.41	| 0.13
466	| 75.35	| 75.39	| 75.48	| 0.14
467	| 53.50	| 53.49	| 53.52	| 0.04
468	| 8.89	| 9.01	| 9.05	| 0.16
469	| 73.65	| 73.70	| 73.74	| 0.09
470	| 51.52	| 51.95	| 51.78	| 0.42
471	| 65.82	| 65.36	| 65.51	| 0.45
472	| 13.73	| 13.71	| 13.78	| 0.07
473	| 49.90	| 49.81	| 49.55	| 0.35
474	| 50.63	| 50.79	| 50.71	| 0.17
475	| 76.30	| 76.27	| 75.99	| 0.31
476	| 16.03	| 16.09	| 15.86	| 0.24
477	| 56.02	| 56.39	| 56.18	| 0.36
478	| 78.00	| 78.20	| 77.99	| 0.21
479	| 32.06	| 31.98	| 32.10	| 0.13
480	| 33.98	| 34.00	| 34.10	| 0.12
481	| 7.46	| 7.36	| 7.43	| 0.11
482	| 72.89	| 73.05	| 73.07	| 0.18
483	| 73.52	| 73.70	| 73.42	| 0.28
484	| 70.85	| 70.80	| 70.40	| 0.45
485	| 72.01	| 72.15	| 72.14	| 0.14
486	| 51.05	| 51.37	| 51.15	| 0.32
487	| 70.09	| 70.47	| 70.09	| 0.38
488	| 68.40	| 68.47	| 68.66	| 0.25
489	| 41.23	| 41.72	| 41.38	| 0.48
490	| 67.66	| 67.61	| 67.96	| 0.35
491	| 30.26	| 30.16	| 30.14	| 0.12
492	| 42.63	| 42.62	| 42.72	| 0.10
493	| 20.83	| 20.73	| 20.97	| 0.24
494	| 65.31	| 65.20	| 65.25	| 0.11
495	| 78.23	| 78.33	| 78.05	| 0.27
496	| 36.07	| 36.10	| 36.23	| 0.16
497	| 39.50	| 39.30	| 39.45	| 0.19
498	| 76.07	| 75.91	| 75.92	| 0.16
499	| 71.79	| 71.83	| 71.34	| 0.49
500	| 42.27	| 42.63	| 42.17	| 0.47
501	| 54.27	| 54.15	| 53.83	| 0.44
502	| 61.20	| 61.27	| 61.35	| 0.15
503	| 69.52	| 69.65	| 69.34	| 0.31
504	| 60.01	| 60.07	| 60.05	| 0.06
505	| 65.92	| 65.67	| 66.04	| 0.37
506	| 63.37	| 63.64	| 63.30	| 0.34
507	| 46.61	| 46.45	| 46.63	| 0.18
508	| 43.56	| 43.41	| 43.58	| 0.17
509	| 38.60	| 38.15	| 38.38	| 0.45
510	| 1.87	| 1.86	| 1.90	| 0.04
511	| 63.22	| 63.42	| 63.25	| 0.20
512	| 15.07	| 15.40	| 15.25	| 0.33
513	| 30.67	| 30.56	| 30.71	| 0.14
514	| 46.42	| 46.61	| 46.38	| 0.23
515	| 76.03	| 76.23	| 76.28	| 0.25
516	| 62.03	| 62.39	| 62.19	| 0.36
517	| 16.50	| 16.56	| 16.61	| 0.10
518	| 76.46	| 76.50	| 76.33	| 0.17
519	| 64.44	| 64.17	| 64.14	| 0.31
520	| 43.54	| 43.75	| 43.38	| 0.37
521	| 54.55	| 54.77	| 54.57	| 0.22
522	| 75.85	| 75.74	| 75.60	| 0.24
523	| 61.10	| 61.23	| 61.12	| 0.14
524	| 5.36	| 5.44	| 5.44	| 0.09
525	| 66.16	| 65.66	| 65.97	| 0.50
526	| 32.84	| 32.84	| 32.80	| 0.05
527	| 15.77	| 16.00	| 15.98	| 0.24
528	| 69.15	| 69.25	| 69.44	| 0.29
529	| 72.08	| 72.16	| 72.15	| 0.08
530	| 27.55	| 27.43	| 27.27	| 0.29
531	| 23.14	| 23.27	| 23.45	| 0.31
532	| 35.59	| 35.94	| 35.89	| 0.36
533	| 65.80	| 65.52	| 65.29	| 0.51
534	| 46.19	| 46.31	| 46.03	| 0.28
535	| 75.87	| 75.73	| 75.77	| 0.14
536	| 38.57	| 38.79	| 38.61	| 0.22
537	| 9.85	| 10.07	| 10.02	| 0.22
538	| 59.32	| 59.54	| 59.76	| 0.44
539	| 58.73	| 58.64	| 58.73	| 0.10
540	| 77.63	| 78.13	| 78.24	| 0.61
541	| 8.64	| 8.50	| 8.64	| 0.14
542	| 70.12	| 70.05	| 69.77	| 0.35
543	| 77.40	| 77.66	| 77.50	| 0.27
544	| 65.17	| 65.30	| 65.43	| 0.26
545	| 67.90	| 67.77	| 67.87	| 0.14
546	| 76.74	| 77.12	| 76.76	| 0.39
547	| 78.05	| 77.98	| 77.97	| 0.08
548	| 54.76	| 54.49	| 54.47	| 0.29
549	| 58.87	| 58.76	| 58.79	| 0.11
550	| 43.80	| 43.84	| 43.77	| 0.07
551	| 3.10	| 3.06	| 2.96	| 0.14
552	| 78.01	| 78.22	| 78.32	| 0.32
553	| 60.61	| 60.46	| 60.31	| 0.30
554	| 57.24	| 57.64	| 56.94	| 0.70
555	| 36.53	| 36.18	| 36.27	| 0.35
556	| 30.28	| 30.27	| 30.19	| 0.09
557	| 63.62	| 63.42	| 63.45	| 0.20
558	| 77.69	| 77.74	| 77.45	| 0.29
559	| 63.43	| 63.37	| 63.28	| 0.15
560	| 36.30	| 36.30	| 36.26	| 0.04
561	| 13.00	| 12.72	| 13.05	| 0.33
562	| 50.09	| 50.18	| 50.02	| 0.16
563	| 12.95	| 12.94	| 12.84	| 0.11
564	| 44.70	| 44.39	| 44.83	| 0.43
565	| 44.72	| 44.75	| 44.92	| 0.20
566	| 57.07	| 57.09	| 56.90	| 0.19
567	| 76.91	| 76.50	| 76.70	| 0.42
568	| 72.88	| 72.67	| 72.89	| 0.22
569	| 47.59	| 47.68	| 47.73	| 0.14
570	| 36.57	| 36.34	| 36.53	| 0.23
571	| 72.82	| 72.69	| 72.88	| 0.19
572	| 17.70	| 17.89	| 18.16	| 0.46
573	| 73.51	| 73.51	| 73.70	| 0.19
574	| 62.90	| 62.67	| 62.64	| 0.26
575	| 51.30	| 51.50	| 51.62	| 0.33
576	| 69.67	| 70.00	| 69.40	| 0.61
577	| 58.74	| 58.50	| 58.84	| 0.34
578	| 54.63	| 54.61	| 54.70	| 0.09
579	| 51.72	| 51.68	| 51.86	| 0.18
580	| 15.01	| 14.89	| 14.97	| 0.12
581	| 71.82	| 72.04	| 72.13	| 0.31
582	| 39.23	| 39.24	| 39.11	| 0.14
583	| 61.86	| 61.51	| 61.96	| 0.45
584	| 33.61	| 33.53	| 33.44	| 0.17
585	| 71.02	| 71.16	| 71.27	| 0.25
586	| 47.07	| 47.07	| 47.16	| 0.09
587	| 21.40	| 21.22	| 21.15	| 0.25
588	| 62.00	| 62.03	| 62.08	| 0.08
589	| 61.92	| 62.08	| 62.25	| 0.33
590	| 31.33	| 31.32	| 31.34	| 0.02
591	| 60.31	| 60.19	| 59.92	| 0.39
592	| 72.58	| 73.04	| 73.07	| 0.49
593	| 21.49	| 21.43	| 21.39	| 0.10
594	| 75.58	| 75.91	| 75.83	| 0.34
595	| 38.70	| 38.83	| 38.80	| 0.13
596	| 55.09	| 55.05	| 54.93	| 0.16
597	| 42.36	| 41.91	| 42.10	| 0.45
598	| 39.85	| 40.15	| 40.11	| 0.30
599	| 51.96	| 51.93	| 52.23	| 0.31
600	| 51.28	| 51.47	| 51.46	| 0.19
601	| 15.47	| 15.38	| 15.61	| 0.23
602	| 61.24	| 61.37	| 61.52	| 0.29
603	| 29.43	| 29.48	| 29.34	| 0.14
604	| 61.05	| 60.90	| 60.90	| 0.15
605	| 64.59	| 64.32	| 64.42	| 0.27
606	| 62.31	| 62.11	| 62.00	| 0.31
607	| 60.19	| 60.20	| 60.48	| 0.29
608	| 27.89	| 27.93	| 27.64	| 0.29
609	| 25.35	| 25.37	| 25.82	| 0.47
610	| 29.47	| 29.33	| 29.23	| 0.24
611	| 41.65	| 41.34	| 41.13	| 0.52
612	| 13.39	| 13.37	| 13.38	| 0.02
613	| 54.30	| 53.86	| 54.08	| 0.43
614	| 66.91	| 67.06	| 67.03	| 0.15
615	| 9.64	| 9.70	| 9.57	| 0.13
616	| 42.28	| 42.37	| 42.15	| 0.21
617	| 51.58	| 51.71	| 51.50	| 0.21
618	| 27.76	| 27.59	| 27.44	| 0.32
619	| 58.00	| 57.78	| 57.86	| 0.22
620	| 44.45	| 44.51	| 44.41	| 0.09
621	| 61.06	| 61.30	| 61.44	| 0.39
622	| 2.29	| 2.33	| 2.19	| 0.14
623	| 34.36	| 34.34	| 34.35	| 0.02
624	| 76.71	| 76.75	| 76.45	| 0.30
625	| 72.92	| 72.80	| 72.60	| 0.32
626	| 61.03	| 60.68	| 60.82	| 0.35
627	| 76.36	| 76.53	| 76.57	| 0.20
628	| 68.80	| 69.21	| 69.01	| 0.41
629	| 40.61	| 40.34	| 40.52	| 0.26
630	| 26.30	| 26.35	| 26.37	| 0.07
631	| 46.39	| 45.99	| 46.42	| 0.43
632	| 34.67	| 34.78	| 34.59	| 0.19
633	| 55.55	| 55.46	| 55.07	| 0.48
634	| 67.00	| 66.96	| 66.93	| 0.07
635	| 61.25	| 61.24	| 61.05	| 0.20
636	| 31.18	| 31.25	| 31.19	| 0.07
637	| 69.31	| 69.30	| 69.21	| 0.10
638	| 63.29	| 63.31	| 63.31	| 0.03
639	| 52.16	| 52.30	| 52.27	| 0.14
640	| 24.53	| 24.30	| 24.51	| 0.23
641	| 63.47	| 63.63	| 63.91	| 0.44
642	| 77.70	| 77.59	| 77.42	| 0.27
643	| 1.65	| 1.65	| 1.63	| 0.02
644	| 25.93	| 25.83	| 25.82	| 0.11
645	| 19.49	| 19.52	| 19.47	| 0.04
646	| 19.30	| 19.06	| 19.16	| 0.23
647	| 75.99	| 76.11	| 76.29	| 0.30
648	| 75.35	| 75.21	| 75.01	| 0.34
649	| 47.45	| 47.62	| 47.10	| 0.51
650	| 77.63	| 77.96	| 77.55	| 0.41
651	| 53.05	| 52.50	| 52.66	| 0.55
652	| 3.48	| 3.44	| 3.49	| 0.05
653	| 23.98	| 23.66	| 23.72	| 0.32
654	| 70.16	| 70.14	| 70.19	| 0.05
655	| 73.68	| 73.58	| 73.67	| 0.10
656	| 69.51	| 69.57	| 69.49	| 0.08
657	| 55.07	| 55.11	| 55.26	| 0.19
658	| 16.10	| 16.34	| 16.04	| 0.30
659	| 49.96	| 50.18	| 49.95	| 0.22
660	| 75.98	| 75.72	| 75.73	| 0.27
661	| 56.34	| 56.14	| 56.33	| 0.19
662	| 61.36	| 61.47	| 61.48	| 0.11
663	| 39.07	| 39.23	| 39.23	| 0.16
664	| 48.41	| 48.50	| 48.48	| 0.09
665	| 62.39	| 62.31	| 62.26	| 0.13
666	| 27.50	| 27.60	| 27.59	| 0.10
667	| 43.45	| 43.24	| 43.11	| 0.34
668	| 58.26	| 58.24	| 58.46	| 0.21
669	| 60.64	| 60.61	| 60.77	| 0.16
670	| 9.64	| 9.45	| 9.70	| 0.25
671	| 70.95	| 71.13	| 70.97	| 0.18
672	| 70.38	| 70.45	| 70.75	| 0.37
673	| 42.65	| 42.73	| 42.55	| 0.18
674	| 57.04	| 56.97	| 56.78	| 0.26
675	| 61.53	| 61.53	| 61.55	| 0.02
676	| 65.51	| 65.75	| 65.39	| 0.36
677	| 76.93	| 76.88	| 76.85	| 0.07
678	| 76.74	| 76.74	| 76.59	| 0.15
679	| 63.89	| 63.62	| 63.39	| 0.51
680	| 74.00	| 74.26	| 73.79	| 0.47
681	| 21.67	| 21.67	| 21.88	| 0.22
682	| 1.76	| 1.70	| 1.72	| 0.06
683	| 25.62	| 25.55	| 25.78	| 0.23
684	| 69.35	| 69.47	| 69.61	| 0.26
685	| 66.63	| 66.40	| 66.68	| 0.28
686	| 22.17	| 22.31	| 22.33	| 0.17
687	| 1.99	| 2.08	| 2.06	| 0.09
688	| 26.17	| 26.26	| 26.36	| 0.18
689	| 44.79	| 44.68	| 44.66	| 0.13
690	| 73.41	| 73.31	| 73.39	| 0.09
691	| 74.77	| 75.18	| 75.17	| 0.41
692	| 59.86	| 60.16	| 59.89	| 0.30
693	| 64.64	| 64.50	| 64.75	| 0.25
694	| 4.93	| 5.08	| 4.91	| 0.16
695	| 59.34	| 59.31	| 59.24	| 0.11
696	| 28.86	| 28.74	| 28.86	| 0.12
697	| 42.52	| 42.38	| 42.41	| 0.13
698	| 65.57	| 65.66	| 65.62	| 0.09
699	| 56.61	| 56.70	| 56.45	| 0.25
700	| 48.86	| 48.95	| 49.21	| 0.34
701	| 56.74	| 56.73	| 56.39	| 0.35
702	| 76.53	| 76.42	| 76.17	| 0.36
703	| 75.93	| 75.78	| 75.64	| 0.29
704	| 31.82	| 31.73	| 31.71	| 0.11
705	| 11.14	| 10.97	| 10.98	| 0.17
706	| 55.50	| 55.48	| 55.67	| 0.20
707	| 77.32	| 77.52	| 77.33	| 0.20
708	| 74.69	| 74.64	| 74.33	| 0.36
709	| 75.61	| 75.23	| 75.52	| 0.38
710	| 76.42	| 76.52	| 76.51	| 0.10
711	| 77.32	| 77.26	| 77.27	| 0.06
712	| 4.63	| 4.68	| 4.63	| 0.05
713	| 44.09	| 44.04	| 43.85	| 0.23
714	| 66.26	| 66.05	| 66.25	| 0.21
715	| 77.50	| 77.52	| 77.61	| 0.11
716	| 76.44	| 76.47	| 76.39	| 0.08
717	| 76.55	| 76.58	| 76.85	| 0.30
718	| 56.58	| 56.60	| 56.96	| 0.38
719	| 45.93	| 46.01	| 46.08	| 0.15
720	| 47.95	| 47.70	| 47.94	| 0.24
721	| 75.75	| 75.78	| 75.56	| 0.22
722	| 26.00	| 26.21	| 25.89	| 0.32
723	| 76.44	| 76.32	| 76.53	| 0.21
724	| 72.15	| 72.60	| 72.15	| 0.46
725	| 73.38	| 73.37	| 73.63	| 0.26
726	| 74.82	| 74.71	| 74.65	| 0.17
727	| 66.19	| 65.94	| 65.88	| 0.31
728	| 72.64	| 72.85	| 72.68	| 0.21
729	| 34.62	| 34.46	| 34.71	| 0.25
730	| 26.06	| 25.81	| 25.87	| 0.24
731	| 7.94	| 7.91	| 7.80	| 0.13
732	| 48.99	| 48.97	| 49.01	| 0.03
733	| 43.28	| 43.62	| 43.50	| 0.34
734	| 6.14	| 6.09	| 6.21	| 0.11
735	| 75.18	| 75.37	| 75.39	| 0.21
736	| 75.71	| 75.77	| 75.73	| 0.06
737	| 41.10	| 41.34	| 41.53	| 0.43
738	| 75.18	| 75.12	| 75.14	| 0.06
739	| 76.17	| 76.39	| 76.17	| 0.23
740	| 55.02	| 54.78	| 54.66	| 0.36
741	| 30.54	| 30.51	| 30.50	| 0.04
742	| 22.52	| 22.42	| 22.12	| 0.39
743	| 73.15	| 73.43	| 73.71	| 0.56
744	| 18.74	| 18.49	| 18.52	| 0.25
745	| 71.87	| 72.15	| 71.92	| 0.28
746	| 36.14	| 36.39	| 36.48	| 0.34
747	| 59.06	| 58.99	| 58.92	| 0.14
748	| 71.47	| 71.38	| 70.91	| 0.57
749	| 52.95	| 52.81	| 52.81	| 0.14
750	| 54.81	| 54.79	| 54.83	| 0.04
751	| 49.04	| 48.77	| 49.15	| 0.38
752	| 43.27	| 43.31	| 43.40	| 0.13
753	| 18.98	| 18.97	| 19.10	| 0.14
754	| 17.10	| 17.14	| 17.12	| 0.05
755	| 44.44	| 44.49	| 44.63	| 0.18
756	| 64.36	| 64.49	| 64.44	| 0.13
757	| 43.93	| 44.05	| 43.73	| 0.32
758	| 36.25	| 36.36	| 36.74	| 0.49
759	| 57.11	| 57.20	| 57.14	| 0.09
760	| 50.38	| 50.24	| 50.18	| 0.20
761	| 64.37	| 64.59	| 64.95	| 0.58
762	| 57.15	| 57.15	| 57.18	| 0.03
763	| 75.88	| 75.78	| 75.73	| 0.15
764	| 45.22	| 45.07	| 45.36	| 0.29
765	| 69.21	| 69.17	| 69.11	| 0.09
766	| 65.58	| 65.48	| 65.57	| 0.10
767	| 67.50	| 67.61	| 67.38	| 0.22
768	| 49.41	| 49.74	| 49.41	| 0.33
769	| 54.05	| 54.15	| 53.89	| 0.26
770	| 41.98	| 42.22	| 41.91	| 0.31
771	| 63.34	| 63.73	| 63.41	| 0.39
772	| 78.38	| 78.44	| 78.28	| 0.16
773	| 50.25	| 50.23	| 50.18	| 0.07
774	| 76.74	| 76.79	| 76.55	| 0.24
775	| 74.47	| 74.48	| 74.38	| 0.09
776	| 70.86	| 70.55	| 70.88	| 0.33
777	| 75.83	| 75.69	| 75.75	| 0.14
778	| 43.86	| 43.47	| 43.58	| 0.39
779	| 1.59	| 1.50	| 1.58	| 0.09
780	| 44.23	| 44.17	| 44.28	| 0.11
781	| 73.42	| 73.56	| 73.13	| 0.43
782	| 63.81	| 63.89	| 63.96	| 0.16
783	| 50.49	| 50.36	| 49.97	| 0.52
784	| 64.43	| 64.61	| 64.56	| 0.18
785	| 72.87	| 72.51	| 72.73	| 0.36
786	| 41.65	| 41.52	| 41.56	| 0.13
787	| 49.36	| 49.27	| 49.39	| 0.13
788	| 63.54	| 63.55	| 63.34	| 0.21
789	| 73.24	| 73.14	| 73.23	| 0.10
790	| 60.14	| 60.37	| 60.31	| 0.22
791	| 65.97	| 65.94	| 65.86	| 0.11
792	| 58.57	| 58.53	| 58.33	| 0.25
793	| 49.00	| 48.92	| 48.78	| 0.22
794	| 71.13	| 71.24	| 71.23	| 0.11
795	| 61.56	| 61.52	| 61.23	| 0.33
796	| 15.85	| 16.23	| 15.91	| 0.38
797	| 60.22	| 60.42	| 60.36	| 0.19
798	| 76.48	| 76.61	| 76.16	| 0.46
799	| 12.90	| 12.99	| 13.00	| 0.09
800	| 67.41	| 67.28	| 67.21	| 0.20
801	| 7.45	| 7.41	| 7.55	| 0.14
802	| 11.50	| 11.57	| 11.61	| 0.11
803	| 70.75	| 70.73	| 70.76	| 0.04
804	| 76.63	| 76.39	| 76.48	| 0.24
805	| 60.29	| 60.42	| 60.27	| 0.15
806	| 74.20	| 74.34	| 74.07	| 0.27
807	| 66.52	| 66.83	| 66.92	| 0.41
808	| 67.51	| 67.38	| 67.49	| 0.13
809	| 61.97	| 62.21	| 62.06	| 0.23
810	| 44.97	| 45.40	| 45.43	| 0.46
811	| 23.66	| 23.48	| 23.49	| 0.18
812	| 74.20	| 74.21	| 74.29	| 0.09
813	| 22.23	| 22.17	| 22.45	| 0.28
814	| 5.52	| 5.55	| 5.61	| 0.09
815	| 47.78	| 48.03	| 47.96	| 0.25
816	| 9.77	| 9.78	| 9.82	| 0.05
817	| 60.91	| 60.86	| 60.94	| 0.09
818	| 60.41	| 60.76	| 60.68	| 0.35
819	| 45.87	| 45.89	| 45.88	| 0.03
820	| 20.87	| 21.01	| 21.04	| 0.17
821	| 70.75	| 70.87	| 70.69	| 0.17
822	| 46.52	| 46.61	| 46.52	| 0.09
823	| 8.08	| 8.03	| 7.98	| 0.10
824	| 23.57	| 24.01	| 23.52	| 0.50
825	| 63.50	| 63.49	| 63.74	| 0.25
826	| 39.43	| 39.34	| 39.70	| 0.36
827	| 66.59	| 66.99	| 66.83	| 0.41
828	| 21.53	| 21.46	| 21.20	| 0.33
829	| 66.66	| 66.69	| 66.90	| 0.24
830	| 0.48	| 0.47	| 0.47	| 0.01
831	| 48.76	| 48.52	| 48.73	| 0.24
832	| 37.84	| 37.84	| 38.08	| 0.23
833	| 64.85	| 64.79	| 65.25	| 0.46
834	| 4.15	| 4.19	| 4.30	| 0.16
835	| 76.91	| 76.92	| 77.12	| 0.21
836	| 21.16	| 21.51	| 21.46	| 0.35
837	| 50.46	| 50.68	| 50.23	| 0.45
838	| 71.81	| 71.66	| 71.83	| 0.17
839	| 77.95	| 77.95	| 77.81	| 0.14
840	| 69.63	| 69.63	| 69.85	| 0.22
841	| 59.62	| 59.74	| 59.65	| 0.12
842	| 28.56	| 28.52	| 28.54	| 0.03
843	| 44.87	| 44.85	| 45.03	| 0.17
844	| 7.17	| 7.25	| 7.20	| 0.08
845	| 45.51	| 45.58	| 45.51	| 0.07
846	| 54.63	| 54.57	| 54.66	| 0.09
847	| 69.45	| 69.29	| 69.27	| 0.18
848	| 61.39	| 61.67	| 61.48	| 0.28
849	| 66.24	| 66.43	| 66.11	| 0.32
850	| 40.28	| 40.08	| 40.30	| 0.22
851	| 10.74	| 10.79	| 10.79	| 0.05
852	| 44.80	| 44.64	| 44.98	| 0.33
853	| 72.31	| 72.32	| 72.42	| 0.11
854	| 57.81	| 57.87	| 57.74	| 0.12
855	| 1.90	| 1.88	| 1.73	| 0.17
856	| 71.70	| 71.55	| 71.92	| 0.37
857	| 20.15	| 20.23	| 20.27	| 0.12
858	| 18.90	| 18.77	| 18.58	| 0.32
859	| 6.58	| 6.56	| 6.56	| 0.02
860	| 7.48	| 7.55	| 7.46	| 0.10
861	| 51.31	| 51.30	| 51.59	| 0.29
862	| 68.84	| 68.76	| 68.90	| 0.14
863	| 62.47	| 62.11	| 62.09	| 0.38
864	| 70.15	| 70.22	| 70.17	| 0.07
865	| 52.58	| 52.56	| 52.70	| 0.14
866	| 51.43	| 51.32	| 51.64	| 0.32
867	| 16.23	| 16.23	| 16.09	| 0.14
868	| 35.89	| 35.77	| 35.99	| 0.22
869	| 70.71	| 70.57	| 70.58	| 0.14
870	| 72.15	| 72.42	| 72.25	| 0.27
871	| 28.37	| 28.20	| 28.00	| 0.36
872	| 30.76	| 30.62	| 30.84	| 0.22
873	| 63.85	| 64.01	| 64.20	| 0.35
874	| 77.68	| 77.90	| 77.73	| 0.22
875	| 9.51	| 9.40	| 9.52	| 0.12
876	| 21.81	| 21.62	| 21.84	| 0.22
877	| 11.67	| 11.57	| 11.59	| 0.10
878	| 15.61	| 15.57	| 15.71	| 0.14
879	| 46.99	| 47.09	| 47.13	| 0.15
880	| 34.88	| 35.31	| 35.35	| 0.46
881	| 9.79	| 9.77	| 9.75	| 0.04
882	| 57.04	| 56.93	| 57.07	| 0.14
883	| 6.06	| 6.02	| 6.01	| 0.04
884	| 69.14	| 68.78	| 68.81	| 0.36
885	| 73.59	| 73.48	| 73.81	| 0.33
886	| 49.03	| 48.96	| 49.22	| 0.26
887	| 76.76	| 76.50	| 76.57	| 0.26
888	| 64.20	| 64.30	| 64.66	| 0.45
889	| 76.61	| 76.18	| 76.42	| 0.43
890	| 61.27	| 61.19	| 61.22	| 0.08
891	| 67.70	| 68.14	| 68.10	| 0.44
892	| 32.90	| 32.89	| 32.95	| 0.06
893	| 13.18	| 12.99	| 13.16	| 0.19
894	| 66.88	| 66.85	| 66.73	| 0.15
895	| 38.98	| 38.68	| 38.79	| 0.30
896	| 67.64	| 67.59	| 67.63	| 0.05
897	| 56.75	| 56.72	| 56.79	| 0.07
898	| 15.02	| 15.12	| 15.18	| 0.15
899	| 52.31	| 52.15	| 52.26	| 0.17
900	| 68.62	| 68.73	| 68.61	| 0.12
901	| 59.00	| 58.78	| 58.97	| 0.22
902	| 45.98	| 45.77	| 45.80	| 0.21
903	| 61.15	| 61.12	| 60.89	| 0.26
904	| 70.54	| 70.77	| 70.56	| 0.23
905	| 73.24	| 73.43	| 73.05	| 0.38
906	| 36.79	| 36.90	| 37.00	| 0.20
907	| 76.51	| 76.57	| 76.58	| 0.07
908	| 33.70	| 33.86	| 33.82	| 0.15
909	| 78.01	| 78.29	| 78.21	| 0.28
910	| 66.98	| 66.72	| 66.95	| 0.26
911	| 14.27	| 14.27	| 14.52	| 0.24
912	| 54.74	| 55.06	| 54.48	| 0.58
913	| 65.52	| 65.64	| 65.57	| 0.12
914	| 16.90	| 16.32	| 16.77	| 0.58
915	| 22.39	| 22.50	| 22.37	| 0.13
916	| 26.84	| 26.43	| 26.53	| 0.41
917	| 70.41	| 70.06	| 70.23	| 0.35
918	| 51.24	| 51.55	| 51.30	| 0.31
919	| 7.66	| 7.64	| 7.72	| 0.08
920	| 59.29	| 59.62	| 59.34	| 0.33
921	| 54.74	| 54.95	| 54.92	| 0.21
922	| 73.83	| 73.65	| 73.74	| 0.18
923	| 13.17	| 13.20	| 13.14	| 0.06
924	| 63.40	| 63.23	| 63.11	| 0.29
925	| 69.69	| 69.53	| 69.59	| 0.16
926	| 24.44	| 24.55	| 24.56	| 0.12
927	| 34.98	| 34.98	| 35.09	| 0.10
928	| 35.45	| 35.85	| 35.89	| 0.44
929	| 57.93	| 57.75	| 57.67	| 0.27
930	| 75.29	| 75.53	| 75.24	| 0.29
931	| 57.40	| 57.14	| 57.18	| 0.26
932	| 69.52	| 70.11	| 69.65	| 0.58
933	| 62.18	| 62.21	| 61.88	| 0.32
934	| 12.23	| 12.02	| 12.05	| 0.21
935	| 60.45	| 60.41	| 60.48	| 0.07
936	| 61.10	| 60.71	| 61.25	| 0.54
937	| 69.20	| 69.34	| 69.29	| 0.14
938	| 9.90	| 9.89	| 9.78	| 0.12
939	| 77.54	| 77.95	| 77.57	| 0.40
940	| 42.54	| 42.57	| 42.50	| 0.07
941	| 66.46	| 66.45	| 66.37	| 0.09
942	| 58.70	| 58.90	| 58.72	| 0.20
943	| 63.48	| 63.62	| 63.38	| 0.23
944	| 52.65	| 52.80	| 52.76	| 0.16
945	| 5.99	| 6.24	| 6.34	| 0.35
946	| 22.74	| 22.62	| 22.58	| 0.16
947	| 20.14	| 20.19	| 20.36	| 0.23
948	| 36.26	| 36.05	| 35.98	| 0.28
949	| 23.68	| 23.45	| 23.86	| 0.41
950	| 67.52	| 67.50	| 67.31	| 0.22
951	| 69.00	| 69.24	| 69.08	| 0.24
952	| 73.11	| 72.77	| 73.28	| 0.51
953	| 57.39	| 57.17	| 57.32	| 0.22
954	| 63.80	| 63.66	| 63.72	| 0.14
955	| 72.84	| 72.67	| 72.68	| 0.17
956	| 50.53	| 50.52	| 50.61	| 0.09
957	| 27.33	| 27.20	| 27.31	| 0.13
958	| 49.26	| 49.34	| 48.93	| 0.41
959	| 73.12	| 73.15	| 73.17	| 0.05
960	| 59.16	| 58.94	| 59.23	| 0.29
961	| 27.45	| 27.58	| 27.67	| 0.22
962	| 61.13	| 60.68	| 61.01	| 0.45
963	| 38.25	| 38.04	| 38.16	| 0.20
964	| 41.33	| 41.38	| 41.14	| 0.24
965	| 77.40	| 77.62	| 77.58	| 0.22
966	| 61.36	| 61.02	| 61.17	| 0.34
967	| 31.54	| 31.66	| 31.72	| 0.18
968	| 19.71	| 19.41	| 19.68	| 0.31
969	| 60.38	| 60.41	| 60.76	| 0.39
970	| 55.83	| 55.72	| 55.61	| 0.22
971	| 67.13	| 67.04	| 67.20	| 0.16
972	| 61.72	| 61.92	| 61.69	| 0.23
973	| 78.17	| 78.27	| 78.02	| 0.25
974	| 56.38	| 56.49	| 55.97	| 0.52
975	| 71.22	| 71.36	| 71.23	| 0.13
976	| 69.69	| 70.02	| 69.89	| 0.33
977	| 20.19	| 20.29	| 20.42	| 0.23
978	| 61.77	| 62.05	| 62.21	| 0.44
979	| 4.00	| 4.06	| 3.86	| 0.20
980	| 0.30	| 0.32	| 0.30	| 0.02
981	| 51.17	| 50.98	| 50.97	| 0.20
982	| 21.72	| 21.22	| 21.87	| 0.64
983	| 17.69	| 17.66	| 17.75	| 0.09
984	| 15.55	| 15.30	| 15.59	| 0.29
985	| 57.66	| 57.75	| 57.92	| 0.26
986	| 60.87	| 60.68	| 60.73	| 0.19
987	| 63.54	| 63.60	| 63.59	| 0.06
988	| 78.40	| 78.42	| 78.14	| 0.27
989	| 48.30	| 48.22	| 48.56	| 0.34
990	| 4.43	| 4.37	| 4.52	| 0.15
991	| 61.67	| 61.88	| 61.96	| 0.29
992	| 61.53	| 61.68	| 61.53	| 0.15
993	| 75.86	| 75.87	| 75.78	| 0.09
994	| 65.11	| 65.20	| 64.94	| 0.26
995	| 38.38	| 38.65	| 38.66	| 0.28
996	| 65.37	| 65.24	| 64.80	| 0.57
997	| 64.00	| 64.05	| 64.08	| 0.08
998	| 69.41	| 68.99	| 69.40	| 0.41
999	| 69.60	| 69.71	| 69.70	| 0.12
