Weighted Random Sampling Comparison on 100000 Trials
---------------------------------------------
Difference is bigger than 1 in the following indices: []
Elapsed time: Naive: 616.890708ms, Fenwick: 420.058958ms, Python: 10.972095966s

---------------------------------------------
Probability(%) of each element being selected:
Element	| Naive	| Fenw	| Pyth	| Diff(Max-Min)
---------------------------------------------
0	| 1.03	| 1.09	| 1.08	| 0.06
1	| 0.11	| 0.11	| 0.11	| 0.00
2	| 1.88	| 1.86	| 1.85	| 0.04
3	| 1.63	| 1.72	| 1.67	| 0.09
4	| 0.87	| 0.89	| 0.89	| 0.02
5	| 0.31	| 0.29	| 0.28	| 0.03
6	| 0.23	| 0.24	| 0.24	| 0.01
7	| 1.79	| 1.85	| 1.77	| 0.07
8	| 0.43	| 0.47	| 0.45	| 0.04
9	| 0.31	| 0.36	| 0.35	| 0.04
10	| 0.90	| 0.92	| 0.88	| 0.03
11	| 1.43	| 1.38	| 1.43	| 0.05
12	| 0.63	| 0.69	| 0.63	| 0.07
13	| 1.29	| 1.28	| 1.31	| 0.03
14	| 1.47	| 1.45	| 1.38	| 0.09
15	| 0.19	| 0.19	| 0.20	| 0.01
16	| 1.63	| 1.62	| 1.52	| 0.10
17	| 0.64	| 0.58	| 0.64	| 0.06
18	| 0.10	| 0.09	| 0.10	| 0.01
19	| 1.46	| 1.38	| 1.45	| 0.08
20	| 1.27	| 1.33	| 1.27	| 0.06
21	| 0.37	| 0.32	| 0.32	| 0.06
22	| 1.90	| 1.94	| 1.89	| 0.05
23	| 0.34	| 0.29	| 0.39	| 0.10
24	| 0.06	| 0.06	| 0.06	| 0.01
25	| 0.65	| 0.71	| 0.69	| 0.06
26	| 0.00	| 0.00	| 0.00	| 0.00
27	| 0.46	| 0.42	| 0.43	| 0.04
28	| 1.28	| 1.32	| 1.31	| 0.04
29	| 0.71	| 0.67	| 0.72	| 0.06
30	| 0.01	| 0.02	| 0.02	| 0.01
31	| 0.44	| 0.45	| 0.47	| 0.03
32	| 1.02	| 1.03	| 1.02	| 0.01
33	| 0.59	| 0.59	| 0.55	| 0.05
34	| 1.83	| 1.81	| 1.87	| 0.06
35	| 0.15	| 0.17	| 0.17	| 0.01
36	| 1.22	| 1.28	| 1.29	| 0.07
37	| 1.69	| 1.69	| 1.72	| 0.03
38	| 1.09	| 1.05	| 1.01	| 0.08
39	| 1.40	| 1.38	| 1.33	| 0.07
40	| 0.26	| 0.23	| 0.26	| 0.03
41	| 0.57	| 0.59	| 0.59	| 0.02
42	| 0.81	| 0.76	| 0.84	| 0.08
43	| 1.52	| 1.52	| 1.52	| 0.01
44	| 1.86	| 1.85	| 1.86	| 0.02
45	| 0.00	| 0.00	| 0.00	| 0.00
46	| 1.58	| 1.52	| 1.49	| 0.10
47	| 1.45	| 1.46	| 1.48	| 0.04
48	| 1.34	| 1.37	| 1.42	| 0.07
49	| 1.86	| 1.79	| 1.89	| 0.10
50	| 1.03	| 1.04	| 1.02	| 0.02
51	| 0.92	| 0.94	| 0.89	| 0.05
52	| 1.23	| 1.14	| 1.24	| 0.10
53	| 1.00	| 0.95	| 0.95	| 0.06
54	| 1.13	| 1.13	| 1.08	| 0.05
55	| 1.18	| 1.22	| 1.23	| 0.06
56	| 1.12	| 1.11	| 1.07	| 0.05
57	| 0.35	| 0.31	| 0.31	| 0.04
58	| 0.72	| 0.71	| 0.81	| 0.10
59	| 1.86	| 1.89	| 1.92	| 0.06
60	| 1.34	| 1.36	| 1.38	| 0.04
61	| 2.02	| 2.08	| 1.96	| 0.11
62	| 1.65	| 1.69	| 1.69	| 0.04
63	| 1.93	| 2.06	| 1.89	| 0.17
64	| 1.38	| 1.38	| 1.33	| 0.05
65	| 1.54	| 1.53	| 1.45	| 0.09
66	| 1.37	| 1.35	| 1.34	| 0.02
67	| 0.51	| 0.51	| 0.49	| 0.03
68	| 0.73	| 0.69	| 0.69	| 0.03
69	| 0.48	| 0.48	| 0.47	| 0.02
70	| 0.73	| 0.69	| 0.72	| 0.04
71	| 1.24	| 1.18	| 1.18	| 0.06
72	| 0.15	| 0.15	| 0.18	| 0.03
73	| 1.33	| 1.32	| 1.34	| 0.02
74	| 1.20	| 1.19	| 1.22	| 0.03
75	| 1.50	| 1.50	| 1.54	| 0.04
76	| 1.42	| 1.42	| 1.42	| 0.00
77	| 0.98	| 0.92	| 0.98	| 0.06
78	| 1.41	| 1.35	| 1.37	| 0.06
79	| 1.04	| 1.02	| 0.96	| 0.08
80	| 0.24	| 0.20	| 0.24	| 0.04
81	| 0.77	| 0.68	| 0.76	| 0.09
82	| 1.83	| 1.88	| 1.82	| 0.06
83	| 1.47	| 1.47	| 1.38	| 0.09
84	| 0.43	| 0.39	| 0.41	| 0.04
85	| 0.86	| 0.82	| 0.89	| 0.06
86	| 0.14	| 0.13	| 0.12	| 0.02
87	| 0.37	| 0.37	| 0.39	| 0.02
88	| 0.49	| 0.47	| 0.50	| 0.03
89	| 0.01	| 0.01	| 0.01	| 0.00
90	| 1.82	| 1.86	| 1.84	| 0.03
91	| 1.33	| 1.38	| 1.27	| 0.10
92	| 0.59	| 0.69	| 0.65	| 0.09
93	| 1.60	| 1.62	| 1.53	| 0.09
94	| 1.76	| 1.74	| 1.75	| 0.02
95	| 0.40	| 0.47	| 0.45	| 0.07
96	| 1.13	| 1.18	| 1.17	| 0.05
97	| 1.67	| 1.66	| 1.67	| 0.01
98	| 0.63	| 0.68	| 0.65	| 0.05
99	| 1.04	| 1.10	| 1.04	| 0.06
100	| 0.11	| 0.09	| 0.10	| 0.02
101	| 1.33	| 1.36	| 1.27	| 0.09
102	| 0.16	| 0.17	| 0.17	| 0.01
103	| 0.30	| 0.31	| 0.31	| 0.01
104	| 1.51	| 1.47	| 1.51	| 0.04
105	| 0.28	| 0.28	| 0.29	| 0.01
106	| 0.71	| 0.74	| 0.75	| 0.04
107	| 0.42	| 0.41	| 0.41	| 0.01
108	| 1.73	| 1.77	| 1.69	| 0.08
109	| 1.77	| 1.79	| 1.78	| 0.02
110	| 1.08	| 1.13	| 1.05	| 0.08
111	| 1.20	| 1.25	| 1.18	| 0.07
112	| 1.31	| 1.31	| 1.29	| 0.02
113	| 1.02	| 1.05	| 1.04	| 0.03
114	| 0.87	| 0.89	| 0.85	| 0.04
115	| 0.47	| 0.47	| 0.51	| 0.03
116	| 0.71	| 0.64	| 0.65	| 0.07
117	| 1.22	| 1.22	| 1.29	| 0.07
118	| 1.44	| 1.46	| 1.51	| 0.07
119	| 1.25	| 1.21	| 1.27	| 0.06
120	| 1.40	| 1.44	| 1.42	| 0.04
121	| 1.33	| 1.29	| 1.31	| 0.04
122	| 1.36	| 1.30	| 1.24	| 0.12
123	| 1.98	| 2.09	| 2.07	| 0.11
124	| 0.10	| 0.09	| 0.09	| 0.01
125	| 0.50	| 0.53	| 0.53	| 0.03
126	| 1.58	| 1.52	| 1.53	| 0.06
127	| 1.36	| 1.37	| 1.35	| 0.02
128	| 1.36	| 1.41	| 1.42	| 0.06
129	| 1.82	| 1.92	| 1.79	| 0.14
130	| 0.06	| 0.05	| 0.07	| 0.02
131	| 0.62	| 0.66	| 0.67	| 0.06
132	| 0.67	| 0.69	| 0.70	| 0.03
133	| 0.92	| 0.92	| 0.96	| 0.04
134	| 0.66	| 0.65	| 0.70	| 0.05
135	| 0.38	| 0.34	| 0.41	| 0.07
136	| 0.87	| 0.85	| 0.84	| 0.03
137	| 0.95	| 0.94	| 0.89	| 0.05
138	| 0.14	| 0.16	| 0.17	| 0.04
139	| 1.98	| 1.95	| 1.94	| 0.04
140	| 1.27	| 1.36	| 1.35	| 0.09
141	| 1.58	| 1.60	| 1.55	| 0.05
142	| 0.72	| 0.71	| 0.71	| 0.01
143	| 0.66	| 0.69	| 0.72	| 0.06
144	| 1.99	| 2.04	| 2.01	| 0.06
145	| 0.89	| 0.90	| 0.90	| 0.01
146	| 1.07	| 1.01	| 1.01	| 0.06
147	| 1.01	| 0.98	| 1.00	| 0.03
148	| 0.77	| 0.83	| 0.84	| 0.07
149	| 1.60	| 1.61	| 1.60	| 0.01
150	| 0.99	| 0.92	| 0.97	| 0.07
151	| 0.47	| 0.48	| 0.51	| 0.04
152	| 1.30	| 1.29	| 1.25	| 0.05
153	| 0.39	| 0.39	| 0.38	| 0.01
154	| 0.35	| 0.37	| 0.32	| 0.05
155	| 0.04	| 0.05	| 0.05	| 0.00
156	| 0.97	| 1.02	| 0.96	| 0.06
157	| 1.66	| 1.62	| 1.60	| 0.06
158	| 0.22	| 0.23	| 0.24	| 0.02
159	| 0.14	| 0.13	| 0.13	| 0.01
160	| 1.00	| 0.94	| 1.02	| 0.08
161	| 0.12	| 0.11	| 0.13	| 0.02
162	| 0.60	| 0.58	| 0.59	| 0.01
163	| 0.86	| 0.82	| 0.86	| 0.04
164	| 0.11	| 0.12	| 0.10	| 0.02
165	| 1.85	| 2.00	| 1.98	| 0.15
166	| 1.72	| 1.71	| 1.72	| 0.01
167	| 1.20	| 1.16	| 1.21	| 0.05
168	| 0.76	| 0.79	| 0.78	| 0.03
169	| 0.50	| 0.51	| 0.52	| 0.02
170	| 0.51	| 0.51	| 0.51	| 0.00
171	| 0.73	| 0.68	| 0.68	| 0.05
172	| 1.20	| 1.16	| 1.14	| 0.06
173	| 0.93	| 0.95	| 0.91	| 0.03
174	| 1.97	| 2.00	| 1.98	| 0.03
175	| 0.52	| 0.51	| 0.53	| 0.02
176	| 1.20	| 1.21	| 1.31	| 0.11
177	| 1.06	| 1.06	| 1.06	| 0.00
178	| 1.55	| 1.43	| 1.54	| 0.12
179	| 0.68	| 0.65	| 0.61	| 0.07
180	| 0.67	| 0.68	| 0.62	| 0.05
181	| 1.69	| 1.68	| 1.68	| 0.01
182	| 0.19	| 0.20	| 0.19	| 0.01
183	| 0.36	| 0.36	| 0.36	| 0.00
184	| 0.04	| 0.03	| 0.03	| 0.01
185	| 2.02	| 2.05	| 1.96	| 0.08
186	| 2.08	| 1.98	| 2.02	| 0.10
187	| 0.77	| 0.76	| 0.70	| 0.07
188	| 1.29	| 1.28	| 1.30	| 0.02
189	| 0.34	| 0.30	| 0.34	| 0.04
190	| 0.39	| 0.36	| 0.36	| 0.03
191	| 0.01	| 0.02	| 0.01	| 0.01
192	| 0.05	| 0.06	| 0.06	| 0.01
193	| 1.12	| 1.10	| 1.11	| 0.02
194	| 1.29	| 1.26	| 1.38	| 0.12
195	| 0.01	| 0.01	| 0.01	| 0.00
196	| 1.43	| 1.43	| 1.36	| 0.07
197	| 1.77	| 1.73	| 1.87	| 0.14
198	| 1.05	| 1.13	| 1.03	| 0.10
199	| 0.27	| 0.29	| 0.31	| 0.03
200	| 1.73	| 1.66	| 1.65	| 0.08
201	| 0.08	| 0.06	| 0.07	| 0.03
202	| 1.34	| 1.39	| 1.30	| 0.09
203	| 0.07	| 0.06	| 0.07	| 0.02
204	| 1.52	| 1.54	| 1.55	| 0.03
205	| 1.60	| 1.55	| 1.60	| 0.05
206	| 0.62	| 0.65	| 0.61	| 0.04
207	| 0.55	| 0.55	| 0.54	| 0.01
208	| 1.46	| 1.54	| 1.54	| 0.08
209	| 1.97	| 1.95	| 2.01	| 0.06
210	| 1.69	| 1.67	| 1.59	| 0.11
211	| 1.57	| 1.58	| 1.47	| 0.11
212	| 1.62	| 1.64	| 1.64	| 0.02
213	| 1.75	| 1.73	| 1.71	| 0.04
214	| 0.64	| 0.70	| 0.60	| 0.09
215	| 1.84	| 1.89	| 1.91	| 0.07
216	| 1.24	| 1.26	| 1.25	| 0.01
217	| 1.57	| 1.69	| 1.57	| 0.12
218	| 0.52	| 0.56	| 0.57	| 0.05
219	| 0.83	| 0.77	| 0.84	| 0.07
220	| 0.66	| 0.71	| 0.63	| 0.08
221	| 0.66	| 0.67	| 0.62	| 0.05
222	| 1.09	| 1.11	| 1.08	| 0.02
223	| 0.03	| 0.02	| 0.02	| 0.01
224	| 0.66	| 0.66	| 0.66	| 0.01
225	| 1.82	| 1.97	| 1.93	| 0.15
226	| 1.36	| 1.37	| 1.31	| 0.06
227	| 1.58	| 1.65	| 1.62	| 0.07
228	| 0.85	| 0.83	| 0.84	| 0.02
229	| 0.40	| 0.38	| 0.39	| 0.01
230	| 0.32	| 0.29	| 0.33	| 0.04
231	| 1.53	| 1.47	| 1.50	| 0.06
232	| 0.74	| 0.76	| 0.75	| 0.03
233	| 0.41	| 0.37	| 0.39	| 0.04
234	| 1.55	| 1.52	| 1.54	| 0.04
235	| 1.76	| 1.76	| 1.73	| 0.03
236	| 1.99	| 2.03	| 1.96	| 0.07
237	| 1.98	| 2.08	| 2.03	| 0.09
238	| 1.21	| 1.21	| 1.12	| 0.09
239	| 0.96	| 1.00	| 1.04	| 0.08
240	| 0.78	| 0.74	| 0.75	| 0.04
241	| 1.99	| 2.01	| 2.01	| 0.02
242	| 0.60	| 0.59	| 0.58	| 0.02
243	| 0.26	| 0.28	| 0.28	| 0.01
244	| 0.14	| 0.17	| 0.16	| 0.03
245	| 0.84	| 0.88	| 0.85	| 0.03
246	| 0.93	| 0.94	| 0.95	| 0.02
247	| 0.26	| 0.25	| 0.29	| 0.04
248	| 1.91	| 1.93	| 1.98	| 0.07
249	| 2.15	| 2.10	| 2.00	| 0.15
250	| 1.14	| 1.08	| 1.14	| 0.06
251	| 1.84	| 1.89	| 1.88	| 0.05
252	| 0.88	| 0.86	| 0.93	| 0.07
253	| 0.15	| 0.14	| 0.15	| 0.01
254	| 1.29	| 1.26	| 1.31	| 0.05
255	| 0.60	| 0.58	| 0.59	| 0.02
256	| 1.77	| 1.67	| 1.69	| 0.09
257	| 0.12	| 0.12	| 0.13	| 0.01
258	| 0.69	| 0.75	| 0.72	| 0.06
259	| 0.22	| 0.22	| 0.23	| 0.01
260	| 0.73	| 0.77	| 0.73	| 0.04
261	| 0.78	| 0.82	| 0.82	| 0.05
262	| 1.38	| 1.37	| 1.36	| 0.02
263	| 1.55	| 1.54	| 1.53	| 0.03
264	| 0.96	| 0.97	| 0.98	| 0.02
265	| 1.58	| 1.53	| 1.64	| 0.11
266	| 1.98	| 1.92	| 1.98	| 0.06
267	| 1.31	| 1.27	| 1.30	| 0.05
268	| 0.32	| 0.32	| 0.31	| 0.01
269	| 1.70	| 1.71	| 1.71	| 0.01
270	| 0.64	| 0.62	| 0.60	| 0.04
271	| 1.48	| 1.39	| 1.44	| 0.09
272	| 1.17	| 1.23	| 1.29	| 0.11
273	| 1.20	| 1.25	| 1.21	| 0.05
274	| 1.98	| 1.88	| 1.96	| 0.10
275	| 1.94	| 1.99	| 2.02	| 0.08
276	| 0.03	| 0.03	| 0.03	| 0.01
277	| 1.84	| 1.78	| 1.89	| 0.11
278	| 1.63	| 1.75	| 1.74	| 0.12
279	| 0.94	| 0.96	| 1.02	| 0.08
280	| 1.40	| 1.32	| 1.37	| 0.08
281	| 1.93	| 1.92	| 1.79	| 0.14
282	| 1.11	| 1.18	| 1.13	| 0.06
283	| 1.46	| 1.40	| 1.42	| 0.06
284	| 0.03	| 0.04	| 0.04	| 0.01
285	| 1.93	| 1.96	| 1.97	| 0.03
286	| 1.07	| 1.03	| 1.14	| 0.12
287	| 0.15	| 0.14	| 0.15	| 0.01
288	| 0.74	| 0.71	| 0.72	| 0.02
289	| 0.52	| 0.53	| 0.50	| 0.03
290	| 1.30	| 1.23	| 1.29	| 0.07
291	| 1.49	| 1.43	| 1.31	| 0.18
292	| 1.85	| 1.73	| 1.78	| 0.12
293	| 0.84	| 0.78	| 0.78	| 0.06
294	| 0.58	| 0.54	| 0.60	| 0.07
295	| 0.18	| 0.19	| 0.20	| 0.02
296	| 0.56	| 0.56	| 0.58	| 0.02
297	| 0.64	| 0.67	| 0.69	| 0.05
298	| 1.76	| 1.76	| 1.71	| 0.05
299	| 0.26	| 0.28	| 0.28	| 0.03
300	| 0.34	| 0.32	| 0.31	| 0.03
301	| 1.89	| 1.98	| 1.96	| 0.09
302	| 1.88	| 1.89	| 1.91	| 0.03
303	| 1.01	| 1.03	| 1.10	| 0.09
304	| 1.89	| 1.92	| 1.85	| 0.07
305	| 0.37	| 0.33	| 0.38	| 0.05
306	| 1.63	| 1.62	| 1.60	| 0.03
307	| 0.26	| 0.27	| 0.26	| 0.01
308	| 0.41	| 0.45	| 0.44	| 0.03
309	| 0.99	| 1.03	| 1.04	| 0.05
310	| 1.00	| 1.04	| 1.13	| 0.13
311	| 1.11	| 1.06	| 1.07	| 0.05
312	| 1.40	| 1.47	| 1.39	| 0.09
313	| 1.56	| 1.52	| 1.51	| 0.05
314	| 0.57	| 0.55	| 0.55	| 0.02
315	| 0.76	| 0.77	| 0.75	| 0.03
316	| 0.20	| 0.25	| 0.21	| 0.06
317	| 1.34	| 1.29	| 1.39	| 0.10
318	| 0.92	| 0.93	| 0.92	| 0.01
319	| 0.38	| 0.39	| 0.37	| 0.01
320	| 0.73	| 0.79	| 0.77	| 0.06
321	| 0.89	| 0.88	| 0.91	| 0.04
322	| 1.67	| 1.72	| 1.63	| 0.09
323	| 1.45	| 1.47	| 1.43	| 0.05
324	| 1.97	| 1.95	| 2.02	| 0.07
325	| 0.52	| 0.52	| 0.50	| 0.02
326	| 1.46	| 1.45	| 1.47	| 0.02
327	| 0.75	| 0.76	| 0.78	| 0.04
328	| 1.23	| 1.31	| 1.24	| 0.08
329	| 1.42	| 1.36	| 1.40	| 0.06
330	| 2.03	| 1.93	| 2.01	| 0.10
331	| 1.37	| 1.42	| 1.43	| 0.06
332	| 1.59	| 1.54	| 1.56	| 0.05
333	| 0.09	| 0.08	| 0.07	| 0.02
334	| 0.51	| 0.45	| 0.47	| 0.07
335	| 0.84	| 0.79	| 0.83	| 0.04
336	| 1.52	| 1.47	| 1.50	| 0.04
337	| 0.89	| 0.96	| 0.87	| 0.09
338	| 1.30	| 1.30	| 1.29	| 0.01
339	| 1.58	| 1.59	| 1.60	| 0.02
340	| 0.43	| 0.41	| 0.41	| 0.02
341	| 0.43	| 0.48	| 0.45	| 0.05
342	| 0.14	| 0.12	| 0.14	| 0.02
343	| 2.04	| 1.93	| 2.08	| 0.15
344	| 0.48	| 0.44	| 0.44	| 0.04
345	| 1.41	| 1.44	| 1.41	| 0.03
346	| 1.42	| 1.46	| 1.42	| 0.04
347	| 1.33	| 1.26	| 1.31	| 0.07
348	| 1.28	| 1.32	| 1.30	| 0.04
349	| 0.91	| 0.92	| 0.86	| 0.06
350	| 0.72	| 0.66	| 0.69	| 0.06
351	| 1.14	| 1.08	| 1.17	| 0.09
352	| 0.51	| 0.50	| 0.54	| 0.04
353	| 0.53	| 0.51	| 0.49	| 0.04
354	| 1.38	| 1.29	| 1.30	| 0.09
355	| 1.97	| 1.98	| 2.04	| 0.07
356	| 1.09	| 1.08	| 1.05	| 0.04
357	| 1.18	| 1.20	| 1.16	| 0.04
358	| 1.94	| 2.04	| 1.98	| 0.10
359	| 1.33	| 1.35	| 1.29	| 0.06
360	| 0.76	| 0.76	| 0.76	| 0.00
361	| 1.99	| 2.03	| 2.04	| 0.04
362	| 0.90	| 0.83	| 0.90	| 0.07
363	| 1.77	| 1.77	| 1.68	| 0.09
364	| 1.16	| 1.20	| 1.24	| 0.09
365	| 1.41	| 1.41	| 1.46	| 0.05
366	| 1.41	| 1.31	| 1.40	| 0.09
367	| 1.25	| 1.22	| 1.16	| 0.08
368	| 1.15	| 1.16	| 1.17	| 0.02
369	| 1.41	| 1.42	| 1.34	| 0.07
370	| 0.32	| 0.33	| 0.31	| 0.02
371	| 0.94	| 0.87	| 0.87	| 0.06
372	| 0.52	| 0.49	| 0.45	| 0.07
373	| 0.35	| 0.42	| 0.40	| 0.08
374	| 0.06	| 0.09	| 0.08	| 0.02
375	| 0.34	| 0.36	| 0.33	| 0.03
376	| 0.18	| 0.19	| 0.21	| 0.03
377	| 0.82	| 0.82	| 0.79	| 0.03
378	| 1.32	| 1.31	| 1.26	| 0.06
379	| 0.10	| 0.11	| 0.12	| 0.01
380	| 0.52	| 0.50	| 0.53	| 0.03
381	| 0.67	| 0.59	| 0.59	| 0.08
382	| 0.23	| 0.23	| 0.26	| 0.03
383	| 1.12	| 1.07	| 1.12	| 0.04
384	| 1.80	| 1.74	| 1.76	| 0.05
385	| 0.72	| 0.74	| 0.71	| 0.03
386	| 1.16	| 1.10	| 1.13	| 0.05
387	| 0.25	| 0.26	| 0.26	| 0.01
388	| 1.68	| 1.70	| 1.70	| 0.02
389	| 0.07	| 0.05	| 0.07	| 0.02
390	| 1.23	| 1.20	| 1.17	| 0.06
391	| 1.24	| 1.27	| 1.29	| 0.04
392	| 0.07	| 0.06	| 0.07	| 0.00
393	| 1.16	| 1.16	| 1.12	| 0.04
394	| 1.53	| 1.59	| 1.54	| 0.06
395	| 1.20	| 1.19	| 1.19	| 0.02
396	| 1.41	| 1.46	| 1.45	| 0.05
397	| 0.13	| 0.10	| 0.13	| 0.02
398	| 0.17	| 0.19	| 0.18	| 0.03
399	| 1.91	| 1.91	| 1.89	| 0.02
400	| 1.91	| 1.84	| 1.82	| 0.09
401	| 0.33	| 0.33	| 0.35	| 0.02
402	| 0.63	| 0.66	| 0.62	| 0.04
403	| 1.13	| 1.15	| 1.17	| 0.04
404	| 0.34	| 0.39	| 0.33	| 0.06
405	| 1.81	| 1.99	| 1.83	| 0.18
406	| 1.88	| 1.87	| 1.81	| 0.07
407	| 0.93	| 0.94	| 0.87	| 0.07
408	| 1.89	| 1.88	| 1.87	| 0.02
409	| 1.72	| 1.80	| 1.73	| 0.08
410	| 0.65	| 0.63	| 0.62	| 0.03
411	| 0.25	| 0.27	| 0.27	| 0.02
412	| 1.85	| 1.89	| 1.91	| 0.06
413	| 1.12	| 1.12	| 1.18	| 0.06
414	| 1.69	| 1.63	| 1.71	| 0.08
415	| 0.39	| 0.41	| 0.39	| 0.03
416	| 1.14	| 1.15	| 1.14	| 0.01
417	| 1.57	| 1.65	| 1.56	| 0.10
418	| 0.70	| 0.68	| 0.77	| 0.09
419	| 1.49	| 1.55	| 1.46	| 0.09
420	| 1.06	| 1.02	| 1.04	| 0.04
421	| 0.51	| 0.49	| 0.55	| 0.06
422	| 1.49	| 1.48	| 1.42	| 0.08
423	| 1.63	| 1.60	| 1.62	| 0.03
424	| 0.29	| 0.26	| 0.29	| 0.03
425	| 1.85	| 1.93	| 1.86	| 0.07
426	| 0.93	| 0.88	| 0.88	| 0.05
427	| 1.11	| 1.15	| 1.09	| 0.06
428	| 0.46	| 0.49	| 0.48	| 0.04
429	| 1.68	| 1.63	| 1.65	| 0.05
430	| 1.55	| 1.54	| 1.53	| 0.02
431	| 0.20	| 0.22	| 0.21	| 0.02
432	| 1.80	| 1.87	| 1.90	| 0.10
433	| 1.24	| 1.19	| 1.18	| 0.07
434	| 0.31	| 0.35	| 0.37	| 0.05
435	| 0.04	| 0.03	| 0.03	| 0.01
436	| 0.14	| 0.14	| 0.13	| 0.01
437	| 0.83	| 0.86	| 0.83	| 0.03
438	| 1.65	| 1.68	| 1.68	| 0.04
439	| 0.16	| 0.16	| 0.16	| 0.00
440	| 1.16	| 1.11	| 1.20	| 0.08
441	| 1.29	| 1.40	| 1.32	| 0.11
442	| 0.48	| 0.46	| 0.46	| 0.02
443	| 1.69	| 1.73	| 1.74	| 0.05
444	| 1.63	| 1.66	| 1.64	| 0.03
445	| 1.57	| 1.49	| 1.55	| 0.08
446	| 0.18	| 0.20	| 0.17	| 0.03
447	| 0.89	| 0.90	| 0.83	| 0.06
448	| 0.16	| 0.16	| 0.11	| 0.04
449	| 0.84	| 0.83	| 0.81	| 0.03
450	| 0.64	| 0.66	| 0.65	| 0.02
451	| 0.02	| 0.02	| 0.01	| 0.01
452	| 1.58	| 1.67	| 1.61	| 0.09
453	| 1.95	| 1.96	| 1.99	| 0.03
454	| 0.21	| 0.22	| 0.20	| 0.01
455	| 1.43	| 1.43	| 1.42	| 0.01
456	| 0.77	| 0.74	| 0.74	| 0.03
457	| 0.78	| 0.77	| 0.76	| 0.03
458	| 1.74	| 1.67	| 1.65	| 0.08
459	| 2.02	| 2.03	| 2.05	| 0.03
460	| 1.51	| 1.41	| 1.36	| 0.14
461	| 0.40	| 0.41	| 0.39	| 0.01
462	| 0.10	| 0.10	| 0.11	| 0.01
463	| 0.86	| 0.87	| 0.88	| 0.02
464	| 0.58	| 0.55	| 0.56	| 0.03
465	| 1.14	| 1.11	| 1.12	| 0.03
466	| 1.52	| 1.56	| 1.61	| 0.09
467	| 0.06	| 0.04	| 0.05	| 0.01
468	| 1.39	| 1.38	| 1.40	| 0.02
469	| 0.57	| 0.49	| 0.51	| 0.08
470	| 1.41	| 1.40	| 1.44	| 0.05
471	| 1.25	| 1.23	| 1.24	| 0.03
472	| 1.85	| 1.80	| 1.80	| 0.05
473	| 1.04	| 1.02	| 1.05	| 0.03
474	| 0.99	| 0.98	| 1.02	| 0.04
475	| 0.63	| 0.69	| 0.69	| 0.05
476	| 1.38	| 1.44	| 1.50	| 0.12
477	| 1.03	| 1.08	| 1.09	| 0.06
478	| 1.65	| 1.71	| 1.69	| 0.05
479	| 1.92	| 1.80	| 1.91	| 0.12
480	| 1.49	| 1.49	| 1.46	| 0.03
481	| 0.80	| 0.84	| 0.84	| 0.04
482	| 1.80	| 1.74	| 1.74	| 0.06
483	| 0.46	| 0.50	| 0.45	| 0.05
484	| 0.03	| 0.03	| 0.04	| 0.01
485	| 0.79	| 0.78	| 0.78	| 0.01
486	| 1.21	| 1.25	| 1.27	| 0.06
487	| 0.36	| 0.35	| 0.36	| 0.01
488	| 1.26	| 1.26	| 1.32	| 0.06
489	| 1.59	| 1.58	| 1.55	| 0.04
490	| 0.88	| 0.97	| 0.97	| 0.10
491	| 2.05	| 2.03	| 2.11	| 0.07
492	| 1.65	| 1.62	| 1.65	| 0.04
493	| 0.92	| 0.94	| 0.87	| 0.06
494	| 1.08	| 1.02	| 1.09	| 0.07
495	| 1.90	| 1.84	| 1.92	| 0.09
496	| 1.56	| 1.59	| 1.57	| 0.03
497	| 0.20	| 0.21	| 0.21	| 0.00
498	| 0.01	| 0.02	| 0.02	| 0.01
499	| 1.31	| 1.31	| 1.32	| 0.01
500	| 0.18	| 0.22	| 0.18	| 0.04
501	| 0.78	| 0.76	| 0.82	| 0.06
502	| 0.95	| 0.93	| 0.94	| 0.02
503	| 0.70	| 0.69	| 0.68	| 0.02
504	| 0.32	| 0.29	| 0.31	| 0.03
505	| 0.98	| 0.90	| 0.88	| 0.10
506	| 1.54	| 1.61	| 1.61	| 0.06
507	| 1.17	| 1.19	| 1.19	| 0.02
508	| 0.46	| 0.51	| 0.51	| 0.05
509	| 1.74	| 1.74	| 1.74	| 0.00
510	| 0.14	| 0.17	| 0.15	| 0.04
511	| 0.01	| 0.01	| 0.00	| 0.01
512	| 1.89	| 1.89	| 1.81	| 0.08
513	| 1.64	| 1.67	| 1.60	| 0.06
514	| 0.16	| 0.17	| 0.19	| 0.03
515	| 1.87	| 1.99	| 2.02	| 0.14
516	| 1.06	| 1.05	| 1.11	| 0.06
517	| 0.84	| 0.87	| 0.85	| 0.03
518	| 0.78	| 0.83	| 0.80	| 0.06
519	| 1.53	| 1.45	| 1.52	| 0.08
520	| 1.01	| 1.03	| 1.05	| 0.04
521	| 0.11	| 0.14	| 0.12	| 0.03
522	| 0.14	| 0.15	| 0.14	| 0.01
523	| 0.67	| 0.69	| 0.71	| 0.04
524	| 0.10	| 0.10	| 0.10	| 0.01
525	| 0.22	| 0.21	| 0.20	| 0.02
526	| 1.19	| 1.18	| 1.11	| 0.08
527	| 0.57	| 0.58	| 0.57	| 0.01
528	| 0.42	| 0.47	| 0.46	| 0.05
529	| 1.99	| 2.02	| 2.03	| 0.04
530	| 0.48	| 0.47	| 0.49	| 0.02
531	| 1.27	| 1.14	| 1.17	| 0.14
532	| 0.05	| 0.05	| 0.05	| 0.01
533	| 1.07	| 0.99	| 1.01	| 0.08
534	| 1.81	| 1.90	| 1.86	| 0.09
535	| 1.11	| 1.21	| 1.20	| 0.09
536	| 0.71	| 0.76	| 0.71	| 0.05
537	| 0.66	| 0.61	| 0.62	| 0.05
538	| 1.57	| 1.62	| 1.65	| 0.08
539	| 1.28	| 1.29	| 1.33	| 0.05
540	| 0.61	| 0.59	| 0.67	| 0.08
541	| 1.38	| 1.43	| 1.40	| 0.05
542	| 0.98	| 1.02	| 1.05	| 0.07
543	| 0.97	| 0.98	| 0.96	| 0.02
544	| 1.91	| 1.96	| 1.83	| 0.14
545	| 1.33	| 1.26	| 1.30	| 0.07
546	| 0.25	| 0.21	| 0.22	| 0.04
547	| 1.40	| 1.45	| 1.40	| 0.05
548	| 0.15	| 0.17	| 0.14	| 0.03
549	| 1.90	| 1.91	| 1.86	| 0.05
550	| 0.25	| 0.24	| 0.24	| 0.01
551	| 1.66	| 1.69	| 1.74	| 0.07
552	| 1.98	| 1.92	| 1.98	| 0.06
553	| 1.88	| 1.84	| 1.82	| 0.06
554	| 0.15	| 0.16	| 0.17	| 0.02
555	| 0.68	| 0.77	| 0.75	| 0.09
556	| 1.06	| 1.08	| 1.09	| 0.03
557	| 1.14	| 1.14	| 1.24	| 0.10
558	| 1.92	| 1.94	| 1.94	| 0.03
559	| 0.30	| 0.31	| 0.30	| 0.01
560	| 0.33	| 0.32	| 0.31	| 0.02
561	| 0.81	| 0.80	| 0.86	| 0.05
562	| 1.11	| 1.19	| 1.15	| 0.08
563	| 1.17	| 1.24	| 1.19	| 0.07
564	| 0.68	| 0.66	| 0.64	| 0.04
565	| 1.75	| 1.70	| 1.70	| 0.05
566	| 1.03	| 0.93	| 0.94	| 0.10
567	| 0.66	| 0.68	| 0.61	| 0.07
568	| 1.75	| 1.80	| 1.73	| 0.07
569	| 0.48	| 0.48	| 0.49	| 0.01
570	| 0.77	| 0.82	| 0.78	| 0.06
571	| 1.44	| 1.46	| 1.41	| 0.05
572	| 1.27	| 1.34	| 1.28	| 0.07
573	| 0.26	| 0.23	| 0.23	| 0.03
574	| 1.92	| 1.85	| 1.85	| 0.07
575	| 1.88	| 2.00	| 2.03	| 0.15
576	| 1.11	| 1.15	| 1.14	| 0.04
577	| 1.97	| 1.99	| 1.97	| 0.02
578	| 2.00	| 2.02	| 2.07	| 0.08
579	| 1.11	| 1.16	| 1.15	| 0.05
580	| 0.18	| 0.16	| 0.16	| 0.02
581	| 1.14	| 1.11	| 1.16	| 0.05
582	| 0.53	| 0.54	| 0.55	| 0.02
583	| 1.14	| 1.14	| 1.17	| 0.03
584	| 0.51	| 0.51	| 0.49	| 0.02
585	| 0.07	| 0.07	| 0.08	| 0.01
586	| 1.01	| 1.02	| 0.99	| 0.03
587	| 0.48	| 0.46	| 0.44	| 0.04
588	| 1.61	| 1.58	| 1.56	| 0.05
589	| 1.86	| 1.85	| 1.93	| 0.09
590	| 1.61	| 1.55	| 1.57	| 0.06
591	| 1.02	| 0.93	| 0.96	| 0.09
592	| 0.24	| 0.24	| 0.25	| 0.01
593	| 1.05	| 1.16	| 1.06	| 0.11
594	| 0.59	| 0.63	| 0.63	| 0.04
595	| 1.71	| 1.80	| 1.76	| 0.08
596	| 0.72	| 0.79	| 0.76	| 0.07
597	| 0.97	| 0.96	| 0.92	| 0.06
598	| 1.45	| 1.46	| 1.47	| 0.02
599	| 1.82	| 1.84	| 1.76	| 0.07
600	| 0.66	| 0.62	| 0.63	| 0.04
601	| 1.02	| 1.10	| 1.09	| 0.07
602	| 0.13	| 0.11	| 0.12	| 0.02
603	| 1.79	| 1.82	| 1.81	| 0.03
604	| 0.62	| 0.68	| 0.66	| 0.05
605	| 1.01	| 1.01	| 1.05	| 0.03
606	| 0.45	| 0.41	| 0.44	| 0.04
607	| 1.95	| 1.88	| 1.88	| 0.07
608	| 1.43	| 1.40	| 1.40	| 0.03
609	| 0.41	| 0.43	| 0.44	| 0.03
610	| 1.40	| 1.47	| 1.39	| 0.08
611	| 1.77	| 1.79	| 1.77	| 0.02
612	| 0.10	| 0.11	| 0.11	| 0.01
613	| 1.11	| 1.15	| 1.15	| 0.04
614	| 1.69	| 1.59	| 1.65	| 0.10
615	| 1.02	| 1.02	| 1.00	| 0.02
616	| 1.60	| 1.54	| 1.58	| 0.06
617	| 1.41	| 1.46	| 1.38	| 0.08
618	| 1.20	| 1.20	| 1.18	| 0.02
619	| 1.47	| 1.53	| 1.47	| 0.06
620	| 0.57	| 0.59	| 0.65	| 0.08
621	| 1.38	| 1.28	| 1.38	| 0.10
622	| 0.20	| 0.18	| 0.18	| 0.02
623	| 0.02	| 0.04	| 0.03	| 0.02
624	| 0.19	| 0.17	| 0.18	| 0.02
625	| 0.17	| 0.16	| 0.16	| 0.00
626	| 0.65	| 0.66	| 0.63	| 0.03
627	| 0.57	| 0.54	| 0.61	| 0.08
628	| 0.81	| 0.81	| 0.87	| 0.06
629	| 0.66	| 0.70	| 0.71	| 0.05
630	| 1.59	| 1.66	| 1.63	| 0.06
631	| 0.63	| 0.68	| 0.65	| 0.05
632	| 0.20	| 0.19	| 0.21	| 0.02
633	| 1.80	| 1.73	| 1.82	| 0.09
634	| 1.26	| 1.33	| 1.40	| 0.14
635	| 0.15	| 0.17	| 0.18	| 0.03
636	| 0.54	| 0.52	| 0.51	| 0.03
637	| 1.10	| 1.12	| 1.14	| 0.04
638	| 1.59	| 1.68	| 1.65	| 0.09
639	| 1.35	| 1.36	| 1.36	| 0.01
640	| 0.86	| 0.88	| 0.85	| 0.03
641	| 0.33	| 0.33	| 0.31	| 0.02
642	| 0.78	| 0.75	| 0.79	| 0.04
643	| 0.38	| 0.35	| 0.39	| 0.03
644	| 0.55	| 0.59	| 0.55	| 0.04
645	| 0.69	| 0.68	| 0.69	| 0.02
646	| 0.48	| 0.49	| 0.47	| 0.02
647	| 0.41	| 0.47	| 0.42	| 0.05
648	| 0.56	| 0.55	| 0.54	| 0.02
649	| 1.25	| 1.23	| 1.25	| 0.02
650	| 1.19	| 1.24	| 1.19	| 0.05
651	| 0.45	| 0.46	| 0.49	| 0.04
652	| 0.89	| 0.91	| 0.89	| 0.02
653	| 1.56	| 1.51	| 1.47	| 0.09
654	| 1.57	| 1.64	| 1.60	| 0.06
655	| 1.46	| 1.47	| 1.47	| 0.01
656	| 1.22	| 1.28	| 1.32	| 0.10
657	| 2.05	| 2.05	| 2.06	| 0.01
658	| 0.00	| 0.00	| 0.00	| 0.00
659	| 0.23	| 0.24	| 0.24	| 0.01
660	| 0.37	| 0.37	| 0.40	| 0.03
661	| 1.42	| 1.45	| 1.39	| 0.06
662	| 0.16	| 0.20	| 0.17	| 0.04
663	| 1.64	| 1.67	| 1.65	| 0.03
664	| 1.25	| 1.24	| 1.27	| 0.02
665	| 0.64	| 0.67	| 0.68	| 0.04
666	| 0.96	| 0.94	| 0.96	| 0.02
667	| 0.75	| 0.80	| 0.73	| 0.07
668	| 1.52	| 1.49	| 1.53	| 0.03
669	| 1.67	| 1.69	| 1.73	| 0.05
670	| 0.32	| 0.34	| 0.35	| 0.03
671	| 0.09	| 0.09	| 0.07	| 0.02
672	| 1.89	| 1.93	| 1.88	| 0.04
673	| 0.28	| 0.27	| 0.28	| 0.01
674	| 1.20	| 1.13	| 1.19	| 0.07
675	| 1.46	| 1.48	| 1.38	| 0.11
676	| 0.78	| 0.76	| 0.78	| 0.02
677	| 1.94	| 1.82	| 1.94	| 0.13
678	| 0.03	| 0.02	| 0.03	| 0.02
679	| 0.71	| 0.64	| 0.72	| 0.09
680	| 0.07	| 0.07	| 0.04	| 0.03
681	| 1.09	| 1.08	| 1.07	| 0.02
682	| 1.87	| 1.84	| 1.74	| 0.13
683	| 1.73	| 1.75	| 1.68	| 0.07
684	| 0.15	| 0.15	| 0.19	| 0.04
685	| 0.99	| 0.94	| 0.94	| 0.04
686	| 1.70	| 1.62	| 1.69	| 0.08
687	| 1.90	| 1.85	| 1.99	| 0.14
688	| 1.67	| 1.67	| 1.56	| 0.11
689	| 0.42	| 0.46	| 0.43	| 0.04
690	| 0.06	| 0.06	| 0.06	| 0.01
691	| 1.95	| 1.91	| 1.94	| 0.04
692	| 0.98	| 0.96	| 1.02	| 0.05
693	| 0.08	| 0.08	| 0.08	| 0.01
694	| 1.71	| 1.73	| 1.82	| 0.11
695	| 1.48	| 1.51	| 1.47	| 0.04
696	| 0.78	| 0.78	| 0.82	| 0.04
697	| 1.71	| 1.74	| 1.64	| 0.10
698	| 1.17	| 1.19	| 1.20	| 0.03
699	| 1.86	| 1.75	| 1.80	| 0.10
700	| 0.86	| 0.78	| 0.79	| 0.07
701	| 2.05	| 2.04	| 2.00	| 0.04
702	| 1.57	| 1.67	| 1.76	| 0.19
703	| 1.12	| 1.07	| 1.05	| 0.07
704	| 0.58	| 0.55	| 0.58	| 0.04
705	| 0.89	| 0.91	| 0.91	| 0.02
706	| 0.41	| 0.39	| 0.35	| 0.06
707	| 0.80	| 0.80	| 0.75	| 0.05
708	| 0.05	| 0.05	| 0.05	| 0.00
709	| 1.15	| 1.10	| 1.09	| 0.06
710	| 1.07	| 1.08	| 1.07	| 0.01
711	| 0.71	| 0.70	| 0.70	| 0.02
712	| 0.27	| 0.30	| 0.29	| 0.03
713	| 0.90	| 0.98	| 0.91	| 0.08
714	| 1.62	| 1.75	| 1.76	| 0.14
715	| 1.63	| 1.66	| 1.61	| 0.04
716	| 0.15	| 0.16	| 0.16	| 0.01
717	| 1.84	| 1.73	| 1.78	| 0.11
718	| 0.35	| 0.37	| 0.35	| 0.03
719	| 0.88	| 0.93	| 0.93	| 0.05
720	| 1.61	| 1.67	| 1.62	| 0.06
721	| 1.01	| 0.96	| 0.98	| 0.05
722	| 0.62	| 0.65	| 0.59	| 0.05
723	| 0.15	| 0.13	| 0.13	| 0.02
724	| 0.64	| 0.68	| 0.67	| 0.03
725	| 0.84	| 0.88	| 0.87	| 0.04
726	| 1.72	| 1.72	| 1.69	| 0.03
727	| 1.29	| 1.30	| 1.29	| 0.02
728	| 1.41	| 1.42	| 1.41	| 0.01
729	| 0.54	| 0.54	| 0.54	| 0.00
730	| 1.55	| 1.57	| 1.50	| 0.07
731	| 0.31	| 0.31	| 0.30	| 0.02
732	| 1.15	| 1.13	| 1.15	| 0.02
733	| 0.98	| 0.95	| 1.00	| 0.05
734	| 1.39	| 1.46	| 1.49	| 0.09
735	| 0.12	| 0.13	| 0.11	| 0.02
736	| 2.03	| 2.00	| 1.95	| 0.08
737	| 0.88	| 0.89	| 0.86	| 0.02
738	| 0.83	| 0.83	| 0.79	| 0.04
739	| 1.95	| 1.84	| 1.94	| 0.10
740	| 0.47	| 0.45	| 0.45	| 0.02
741	| 1.09	| 1.09	| 1.12	| 0.02
742	| 1.04	| 1.00	| 1.09	| 0.09
743	| 0.99	| 0.96	| 0.97	| 0.03
744	| 0.99	| 0.97	| 0.96	| 0.03
745	| 1.85	| 1.98	| 1.87	| 0.13
746	| 1.63	| 1.63	| 1.67	| 0.03
747	| 0.57	| 0.56	| 0.56	| 0.01
748	| 1.55	| 1.61	| 1.68	| 0.12
749	| 1.03	| 1.01	| 1.06	| 0.05
750	| 0.25	| 0.25	| 0.24	| 0.01
751	| 0.51	| 0.50	| 0.50	| 0.01
752	| 0.30	| 0.31	| 0.33	| 0.03
753	| 1.48	| 1.43	| 1.43	| 0.05
754	| 0.11	| 0.10	| 0.12	| 0.02
755	| 0.53	| 0.51	| 0.55	| 0.05
756	| 0.95	| 0.97	| 0.97	| 0.02
757	| 1.72	| 1.71	| 1.67	| 0.04
758	| 0.15	| 0.17	| 0.15	| 0.02
759	| 0.89	| 0.84	| 0.90	| 0.06
760	| 0.51	| 0.46	| 0.46	| 0.06
761	| 1.56	| 1.57	| 1.47	| 0.10
762	| 1.23	| 1.31	| 1.28	| 0.08
763	| 1.60	| 1.62	| 1.62	| 0.02
764	| 0.48	| 0.47	| 0.49	| 0.02
765	| 0.24	| 0.24	| 0.24	| 0.00
766	| 1.14	| 1.09	| 1.10	| 0.05
767	| 0.89	| 0.81	| 0.87	| 0.08
768	| 0.03	| 0.02	| 0.03	| 0.02
769	| 1.37	| 1.26	| 1.33	| 0.12
770	| 1.61	| 1.55	| 1.56	| 0.05
771	| 1.48	| 1.39	| 1.44	| 0.09
772	| 0.28	| 0.29	| 0.29	| 0.01
773	| 1.10	| 1.11	| 1.10	| 0.01
774	| 1.45	| 1.44	| 1.51	| 0.07
775	| 1.12	| 1.05	| 1.06	| 0.06
776	| 0.52	| 0.56	| 0.52	| 0.04
777	| 0.76	| 0.71	| 0.70	| 0.06
778	| 0.24	| 0.26	| 0.26	| 0.02
779	| 1.15	| 1.17	| 1.19	| 0.04
780	| 1.96	| 1.98	| 1.90	| 0.08
781	| 0.42	| 0.38	| 0.40	| 0.04
782	| 0.20	| 0.17	| 0.18	| 0.03
783	| 0.17	| 0.21	| 0.16	| 0.05
784	| 1.07	| 1.09	| 1.09	| 0.02
785	| 0.53	| 0.53	| 0.56	| 0.03
786	| 0.96	| 0.96	| 0.93	| 0.03
787	| 1.08	| 1.11	| 1.12	| 0.03
788	| 1.21	| 1.24	| 1.25	| 0.04
789	| 0.04	| 0.04	| 0.04	| 0.00
790	| 0.04	| 0.05	| 0.04	| 0.01
791	| 1.19	| 1.22	| 1.17	| 0.05
792	| 1.44	| 1.40	| 1.49	| 0.09
793	| 0.98	| 1.01	| 0.95	| 0.06
794	| 0.77	| 0.77	| 0.79	| 0.02
795	| 0.06	| 0.09	| 0.07	| 0.02
796	| 0.70	| 0.76	| 0.71	| 0.06
797	| 1.50	| 1.49	| 1.54	| 0.05
798	| 1.95	| 1.90	| 1.91	| 0.05
799	| 1.60	| 1.60	| 1.58	| 0.02
800	| 0.17	| 0.17	| 0.17	| 0.00
801	| 1.66	| 1.72	| 1.76	| 0.10
802	| 1.72	| 1.76	| 1.75	| 0.04
803	| 0.96	| 1.03	| 1.04	| 0.07
804	| 0.27	| 0.22	| 0.25	| 0.05
805	| 1.95	| 1.81	| 1.83	| 0.15
806	| 1.23	| 1.25	| 1.23	| 0.03
807	| 0.46	| 0.51	| 0.46	| 0.06
808	| 1.76	| 1.76	| 1.68	| 0.08
809	| 1.93	| 1.85	| 1.92	| 0.08
810	| 0.58	| 0.65	| 0.61	| 0.07
811	| 1.85	| 1.81	| 1.85	| 0.04
812	| 0.04	| 0.04	| 0.04	| 0.01
813	| 1.85	| 1.85	| 1.75	| 0.10
814	| 1.57	| 1.63	| 1.67	| 0.09
815	| 0.74	| 0.76	| 0.78	| 0.04
816	| 0.95	| 0.96	| 1.00	| 0.05
817	| 0.55	| 0.51	| 0.51	| 0.05
818	| 0.91	| 0.85	| 0.80	| 0.12
819	| 1.36	| 1.31	| 1.33	| 0.04
820	| 0.76	| 0.73	| 0.75	| 0.04
821	| 0.21	| 0.21	| 0.19	| 0.03
822	| 1.01	| 1.05	| 1.08	| 0.07
823	| 0.56	| 0.56	| 0.57	| 0.01
824	| 0.55	| 0.62	| 0.59	| 0.06
825	| 0.90	| 0.79	| 0.82	| 0.11
826	| 1.72	| 1.74	| 1.79	| 0.07
827	| 1.67	| 1.73	| 1.71	| 0.07
828	| 0.06	| 0.04	| 0.04	| 0.02
829	| 1.65	| 1.69	| 1.69	| 0.04
830	| 0.56	| 0.53	| 0.49	| 0.06
831	| 1.69	| 1.62	| 1.71	| 0.09
832	| 0.33	| 0.31	| 0.32	| 0.02
833	| 0.59	| 0.59	| 0.60	| 0.01
834	| 0.87	| 0.83	| 0.80	| 0.07
835	| 1.18	| 1.13	| 1.23	| 0.10
836	| 0.56	| 0.55	| 0.49	| 0.07
837	| 1.76	| 1.80	| 1.77	| 0.05
838	| 1.46	| 1.54	| 1.54	| 0.08
839	| 0.12	| 0.12	| 0.12	| 0.00
840	| 1.52	| 1.52	| 1.57	| 0.05
841	| 0.31	| 0.32	| 0.30	| 0.02
842	| 0.48	| 0.49	| 0.51	| 0.02
843	| 0.47	| 0.47	| 0.45	| 0.02
844	| 1.30	| 1.30	| 1.27	| 0.03
845	| 1.20	| 1.12	| 1.19	| 0.08
846	| 1.44	| 1.43	| 1.46	| 0.03
847	| 0.82	| 0.82	| 0.74	| 0.08
848	| 1.52	| 1.54	| 1.55	| 0.04
849	| 0.37	| 0.40	| 0.35	| 0.05
850	| 1.11	| 1.06	| 1.15	| 0.08
851	| 0.97	| 0.91	| 0.92	| 0.06
852	| 1.38	| 1.27	| 1.38	| 0.11
853	| 1.21	| 1.17	| 1.22	| 0.04
854	| 0.87	| 0.84	| 0.86	| 0.04
855	| 1.20	| 1.26	| 1.21	| 0.06
856	| 0.42	| 0.38	| 0.40	| 0.03
857	| 0.36	| 0.34	| 0.32	| 0.04
858	| 0.86	| 0.90	| 0.91	| 0.05
859	| 0.06	| 0.06	| 0.05	| 0.01
860	| 0.72	| 0.72	| 0.78	| 0.06
861	| 1.12	| 1.12	| 1.14	| 0.01
862	| 2.01	| 1.87	| 1.93	| 0.14
863	| 0.06	| 0.06	| 0.05	| 0.01
864	| 0.46	| 0.46	| 0.45	| 0.02
865	| 1.09	| 1.14	| 1.20	| 0.11
866	| 2.01	| 1.99	| 2.04	| 0.05
867	| 0.36	| 0.32	| 0.35	| 0.04
868	| 1.57	| 1.51	| 1.66	| 0.15
869	| 0.30	| 0.31	| 0.30	| 0.01
870	| 0.61	| 0.60	| 0.60	| 0.02
871	| 0.12	| 0.12	| 0.10	| 0.02
872	| 1.49	| 1.52	| 1.54	| 0.04
873	| 2.00	| 1.98	| 1.97	| 0.03
874	| 1.81	| 1.79	| 1.79	| 0.02
875	| 0.24	| 0.23	| 0.23	| 0.01
876	| 1.40	| 1.39	| 1.47	| 0.08
877	| 1.67	| 1.68	| 1.76	| 0.09
878	| 1.81	| 1.79	| 1.82	| 0.03
879	| 0.67	| 0.68	| 0.67	| 0.01
880	| 0.13	| 0.13	| 0.13	| 0.00
881	| 0.38	| 0.39	| 0.41	| 0.03
882	| 0.72	| 0.71	| 0.73	| 0.02
883	| 1.97	| 1.95	| 1.96	| 0.02
884	| 0.75	| 0.72	| 0.75	| 0.03
885	| 0.77	| 0.72	| 0.70	| 0.06
886	| 1.08	| 1.05	| 1.10	| 0.04
887	| 0.59	| 0.56	| 0.56	| 0.03
888	| 2.10	| 2.06	| 2.03	| 0.07
889	| 0.80	| 0.70	| 0.73	| 0.09
890	| 1.76	| 1.76	| 1.79	| 0.03
891	| 0.85	| 0.90	| 0.90	| 0.05
892	| 1.41	| 1.42	| 1.36	| 0.06
893	| 1.16	| 1.15	| 1.15	| 0.00
894	| 1.95	| 1.88	| 1.88	| 0.08
895	| 0.41	| 0.39	| 0.36	| 0.04
896	| 0.91	| 0.91	| 0.84	| 0.07
897	| 1.33	| 1.31	| 1.25	| 0.07
898	| 1.81	| 1.77	| 1.80	| 0.04
899	| 0.08	| 0.10	| 0.10	| 0.02
900	| 1.24	| 1.34	| 1.31	| 0.10
901	| 1.03	| 0.99	| 1.03	| 0.05
902	| 1.14	| 1.03	| 1.08	| 0.11
903	| 0.24	| 0.23	| 0.21	| 0.03
904	| 1.57	| 1.62	| 1.57	| 0.06
905	| 0.38	| 0.34	| 0.30	| 0.08
906	| 1.05	| 1.11	| 1.09	| 0.06
907	| 0.18	| 0.19	| 0.18	| 0.02
908	| 1.22	| 1.22	| 1.28	| 0.06
909	| 2.01	| 2.01	| 2.06	| 0.05
910	| 0.85	| 0.81	| 0.82	| 0.04
911	| 0.12	| 0.14	| 0.15	| 0.03
912	| 1.95	| 1.99	| 1.92	| 0.07
913	| 1.37	| 1.38	| 1.37	| 0.01
914	| 0.56	| 0.53	| 0.55	| 0.03
915	| 0.35	| 0.39	| 0.36	| 0.04
916	| 0.24	| 0.20	| 0.22	| 0.04
917	| 0.56	| 0.60	| 0.56	| 0.04
918	| 0.82	| 0.86	| 0.82	| 0.05
919	| 1.27	| 1.34	| 1.29	| 0.07
920	| 1.39	| 1.51	| 1.47	| 0.12
921	| 0.89	| 0.78	| 0.87	| 0.11
922	| 1.11	| 1.01	| 1.12	| 0.11
923	| 0.68	| 0.71	| 0.72	| 0.04
924	| 0.36	| 0.33	| 0.34	| 0.03
925	| 0.14	| 0.15	| 0.14	| 0.02
926	| 0.90	| 0.92	| 0.91	| 0.02
927	| 1.24	| 1.20	| 1.21	| 0.04
928	| 0.38	| 0.40	| 0.37	| 0.03
929	| 0.12	| 0.14	| 0.15	| 0.03
930	| 0.35	| 0.33	| 0.35	| 0.02
931	| 0.57	| 0.58	| 0.56	| 0.01
932	| 1.52	| 1.56	| 1.47	| 0.09
933	| 0.61	| 0.69	| 0.60	| 0.09
934	| 1.28	| 1.31	| 1.30	| 0.03
935	| 0.10	| 0.10	| 0.11	| 0.01
936	| 0.08	| 0.07	| 0.08	| 0.01
937	| 0.06	| 0.07	| 0.08	| 0.02
938	| 0.39	| 0.36	| 0.35	| 0.03
939	| 1.55	| 1.54	| 1.55	| 0.01
940	| 0.38	| 0.36	| 0.35	| 0.02
941	| 0.35	| 0.29	| 0.30	| 0.05
942	| 0.57	| 0.59	| 0.61	| 0.04
943	| 1.45	| 1.38	| 1.36	| 0.09
944	| 1.96	| 1.86	| 1.99	| 0.13
945	| 0.90	| 0.88	| 0.84	| 0.06
946	| 1.96	| 2.00	| 2.00	| 0.04
947	| 1.76	| 1.70	| 1.69	| 0.07
948	| 0.40	| 0.36	| 0.39	| 0.04
949	| 0.59	| 0.55	| 0.56	| 0.04
950	| 1.74	| 1.65	| 1.67	| 0.09
951	| 0.71	| 0.69	| 0.74	| 0.05
952	| 1.18	| 1.21	| 1.14	| 0.07
953	| 0.74	| 0.81	| 0.79	| 0.07
954	| 0.80	| 0.77	| 0.79	| 0.04
955	| 0.92	| 0.89	| 0.88	| 0.04
956	| 1.98	| 1.91	| 1.89	| 0.08
957	| 0.04	| 0.03	| 0.03	| 0.01
958	| 1.66	| 1.70	| 1.74	| 0.08
959	| 1.26	| 1.29	| 1.27	| 0.03
960	| 1.25	| 1.27	| 1.31	| 0.05
961	| 0.27	| 0.32	| 0.30	| 0.05
962	| 0.51	| 0.49	| 0.49	| 0.02
963	| 1.51	| 1.55	| 1.50	| 0.04
964	| 1.11	| 1.09	| 1.11	| 0.02
965	| 1.83	| 1.77	| 1.76	| 0.07
966	| 1.04	| 1.09	| 1.04	| 0.05
967	| 0.27	| 0.28	| 0.28	| 0.02
968	| 0.27	| 0.23	| 0.26	| 0.04
969	| 0.72	| 0.72	| 0.65	| 0.07
970	| 0.85	| 0.82	| 0.80	| 0.05
971	| 1.96	| 1.95	| 1.90	| 0.06
972	| 2.02	| 1.96	| 1.94	| 0.08
973	| 0.69	| 0.64	| 0.64	| 0.06
974	| 1.77	| 1.63	| 1.70	| 0.14
975	| 1.74	| 1.88	| 1.80	| 0.15
976	| 0.96	| 0.98	| 0.94	| 0.04
977	| 0.78	| 0.78	| 0.76	| 0.02
978	| 1.72	| 1.79	| 1.80	| 0.07
979	| 1.14	| 1.12	| 1.20	| 0.08
980	| 1.92	| 1.92	| 1.86	| 0.06
981	| 1.32	| 1.23	| 1.25	| 0.08
982	| 1.14	| 1.16	| 1.10	| 0.06
983	| 1.82	| 1.84	| 1.89	| 0.07
984	| 0.00	| 0.00	| 0.00	| 0.00
985	| 1.09	| 1.22	| 1.17	| 0.13
986	| 0.78	| 0.73	| 0.75	| 0.05
987	| 1.45	| 1.43	| 1.48	| 0.05
988	| 0.52	| 0.48	| 0.46	| 0.06
989	| 0.65	| 0.61	| 0.72	| 0.11
990	| 0.80	| 0.76	| 0.81	| 0.05
991	| 1.50	| 1.46	| 1.44	| 0.05
992	| 0.75	| 0.74	| 0.80	| 0.06
993	| 1.44	| 1.47	| 1.47	| 0.03
994	| 1.48	| 1.42	| 1.52	| 0.10
995	| 1.49	| 1.61	| 1.62	| 0.13
996	| 1.88	| 1.98	| 1.92	| 0.10
997	| 0.20	| 0.22	| 0.20	| 0.02
998	| 1.93	| 1.97	| 1.92	| 0.06
999	| 0.04	| 0.04	| 0.04	| 0.01
